Dataset {
    Grid {
     ARRAY:
        Float32 slp[time = 366][lat = 3][lon = 3];
     MAPS:
        Float64 time[time = 366];
        Float32 lat[lat = 3];
        Float32 lon[lon = 3];
    } slp;
} Datasets/ncep.reanalysis.dailyavgs/surface/slp.2024.nc;
---------------------------------------------
slp.slp[366][3][3]
[0][0], 101497.5, 101665.0, 101692.5
[0][1], 101942.5, 101970.0, 101762.5
[0][2], 101530.0, 101507.5, 101545.0
[1][0], 101515.0, 101710.0, 101710.0
[1][1], 101895.0, 101937.5, 101747.5
[1][2], 101460.0, 101492.5, 101552.5
[2][0], 101525.0, 101642.5, 101700.0
[2][1], 101917.5, 101902.5, 101722.5
[2][2], 101440.0, 101415.0, 101472.5
[3][0], 101535.0, 101632.5, 101640.0
[3][1], 101897.5, 101890.0, 101737.5
[3][2], 101442.5, 101437.5, 101515.0
[4][0], 101587.5, 101857.5, 101970.0
[4][1], 101917.5, 101975.0, 101830.0
[4][2], 101485.0, 101515.0, 101600.0
[5][0], 101705.0, 101820.0, 101945.0
[5][1], 102020.0, 102042.5, 101865.0
[5][2], 101585.0, 101575.0, 101655.0
[6][0], 101735.0, 102000.0, 102227.5
[6][1], 102060.0, 102107.5, 101940.0
[6][2], 101622.5, 101640.0, 101722.5
[7][0], 101735.0, 101985.0, 102185.0
[7][1], 102042.5, 102087.5, 101947.5
[7][2], 101655.0, 101670.0, 101750.0
[8][0], 101507.5, 101637.5, 101775.0
[8][1], 101937.5, 101935.0, 101767.5
[8][2], 101580.0, 101567.5, 101635.0
[9][0], 101300.0, 101447.5, 101620.0
[9][1], 101742.5, 101755.0, 101640.0
[9][2], 101400.0, 101397.5, 101497.5
[10][0], 101600.0, 101797.5, 101760.0
[10][1], 101922.5, 101925.0, 101765.0
[10][2], 101580.0, 101582.5, 101635.0
[11][0], 101580.0, 101860.0, 101917.5
[11][1], 101832.5, 101865.0, 101707.5
[11][2], 101530.0, 101540.0, 101570.0
[12][0], 101507.5, 101825.0, 101842.5
[12][1], 101780.0, 101812.5, 101667.5
[12][2], 101472.5, 101480.0, 101525.0
[13][0], 101475.0, 101662.5, 101687.5
[13][1], 101752.5, 101807.5, 101697.5
[13][2], 101400.0, 101417.5, 101485.0
[14][0], 101440.0, 101582.5, 101662.5
[14][1], 101792.5, 101812.5, 101667.5
[14][2], 101390.0, 101415.0, 101477.5
[15][0], 101317.5, 101475.0, 101557.5
[15][1], 101777.5, 101837.5, 101677.5
[15][2], 101337.5, 101392.5, 101482.5
[16][0], 101302.5, 101457.5, 101597.5
[16][1], 101732.5, 101840.0, 101710.0
[16][2], 101267.5, 101382.5, 101512.5
[17][0], 101410.0, 101600.0, 101717.5
[17][1], 101817.5, 101885.0, 101762.5
[17][2], 101297.5, 101370.0, 101515.0
[18][0], 101652.5, 101760.0, 101822.5
[18][1], 102010.0, 102015.0, 101825.0
[18][2], 101485.0, 101512.5, 101585.0
[19][0], 101510.0, 101550.0, 101677.5
[19][1], 101970.0, 101982.5, 101820.0
[19][2], 101490.0, 101527.5, 101625.0
[20][0], 101445.0, 101650.0, 101807.5
[20][1], 101955.0, 101965.0, 101805.0
[20][2], 101510.0, 101517.5, 101620.0
[21][0], 101640.0, 101897.5, 102162.5
[21][1], 102095.0, 102115.0, 101962.5
[21][2], 101662.5, 101707.5, 101782.5
[22][0], 101460.0, 101550.0, 101840.0
[22][1], 101912.5, 101982.5, 101852.5
[22][2], 101442.5, 101517.5, 101647.5
[23][0], 101502.5, 101622.5, 101910.0
[23][1], 102055.0, 102112.5, 101960.0
[23][2], 101515.0, 101557.5, 101705.0
[24][0], 101727.5, 101867.5, 102035.0
[24][1], 102292.5, 102335.0, 102155.0
[24][2], 101740.0, 101755.0, 101865.0
[25][0], 101735.0, 101825.0, 102095.0
[25][1], 102342.5, 102325.0, 102132.5
[25][2], 101862.5, 101855.0, 101920.0
[26][0], 101622.5, 101755.0, 102022.5
[26][1], 102237.5, 102262.5, 102092.5
[26][2], 101787.5, 101795.0, 101867.5
[27][0], 101765.0, 101995.0, 102150.0
[27][1], 102112.5, 102172.5, 102042.5
[27][2], 101682.5, 101750.0, 101855.0
[28][0], 101562.5, 101715.0, 101942.5
[28][1], 101917.5, 102015.0, 101907.5
[28][2], 101517.5, 101580.0, 101707.5
[29][0], 101407.5, 101657.5, 101985.0
[29][1], 101820.0, 101945.0, 101892.5
[29][2], 101392.5, 101425.0, 101620.0
[30][0], 101452.5, 101610.0, 101962.5
[30][1], 101850.0, 101937.5, 101860.0
[30][2], 101360.0, 101392.5, 101592.5
[31][0], 101477.5, 101597.5, 101805.0
[31][1], 101842.5, 101947.5, 101870.0
[31][2], 101350.0, 101417.5, 101625.0
[32][0], 101142.5, 101247.5, 101472.5
[32][1], 101827.5, 101835.0, 101692.5
[32][2], 101385.0, 101345.0, 101520.0
[33][0], 101170.0, 101492.5, 101817.5
[33][1], 101855.0, 101895.0, 101780.0
[33][2], 101572.5, 101510.0, 101650.0
[34][0], 101532.5, 101715.0, 101972.5
[34][1], 101982.5, 102000.0, 101887.5
[34][2], 101605.0, 101572.5, 101712.5
[35][0], 101412.5, 101510.0, 101747.5
[35][1], 101937.5, 101970.0, 101827.5
[35][2], 101462.5, 101515.0, 101687.5
[36][0], 101325.0, 101440.0, 101650.0
[36][1], 101957.5, 101972.5, 101822.5
[36][2], 101397.5, 101415.0, 101635.0
[37][0], 101212.5, 101265.0, 101562.5
[37][1], 101945.0, 101907.5, 101740.0
[37][2], 101545.0, 101507.5, 101630.0
[38][0], 101235.0, 101465.0, 101797.5
[38][1], 101867.5, 101897.5, 101777.5
[38][2], 101500.0, 101487.5, 101615.0
[39][0], 101762.5, 102277.5, 102742.5
[39][1], 102127.5, 102177.5, 102007.5
[39][2], 101740.0, 101760.0, 101822.5
[40][0], 101802.5, 102080.0, 102407.5
[40][1], 102147.5, 102192.5, 102010.0
[40][2], 101725.0, 101765.0, 101817.5
[41][0], 101785.0, 102035.0, 102285.0
[41][1], 102147.5, 102225.0, 102067.5
[41][2], 101735.0, 101765.0, 101867.5
[42][0], 101780.0, 102160.0, 102472.5
[42][1], 102090.0, 102225.0, 102127.5
[42][2], 101697.5, 101750.0, 101890.0
[43][0], 101655.0, 101847.5, 102105.0
[43][1], 101972.5, 102095.0, 102005.0
[43][2], 101572.5, 101615.0, 101785.0
[44][0], 101540.0, 101740.0, 101927.5
[44][1], 101880.0, 102022.5, 101907.5
[44][2], 101490.0, 101532.5, 101670.0
[45][0], 101705.0, 101952.5, 102137.5
[45][1], 102042.5, 102105.0, 101977.5
[45][2], 101615.0, 101622.5, 101737.5
[46][0], 101737.5, 102015.0, 102252.5
[46][1], 101972.5, 102015.0, 101860.0
[46][2], 101590.0, 101605.0, 101685.0
[47][0], 101232.5, 101535.0, 101767.5
[47][1], 101590.0, 101677.5, 101555.0
[47][2], 101307.5, 101317.5, 101437.5
[48][0], 101340.0, 101622.5, 101890.0
[48][1], 101507.5, 101645.0, 101567.5
[48][2], 101175.0, 101235.0, 101412.5
[49][0], 101305.0, 101532.5, 101705.0
[49][1], 101452.5, 101570.0, 101510.0
[49][2], 101112.5, 101187.5, 101380.0
[50][0], 100995.0, 101162.5, 101297.5
[50][1], 101167.5, 101297.5, 101232.5
[50][2], 100872.5, 100902.5, 101147.5
[51][0], 100875.0, 101007.5, 101285.0
[51][1], 101170.0, 101282.5, 101192.5
[51][2], 100802.5, 100790.0, 101002.5
[52][0], 100902.5, 100965.0, 101187.5
[52][1], 101310.0, 101352.5, 101257.5
[52][2], 100850.0, 100827.5, 101062.5
[53][0], 101072.5, 101275.0, 101702.5
[53][1], 101640.0, 101720.0, 101612.5
[53][2], 101165.0, 101142.5, 101312.5
[54][0], 101387.5, 101612.5, 101932.5
[54][1], 101847.5, 101927.5, 101807.5
[54][2], 101260.0, 101330.0, 101482.5
[55][0], 101442.5, 101617.5, 101965.0
[55][1], 101887.5, 101997.5, 101857.5
[55][2], 101370.0, 101437.5, 101565.0
[56][0], 101540.0, 101692.5, 101977.5
[56][1], 101867.5, 101942.5, 101807.5
[56][2], 101420.0, 101477.5, 101577.5
[57][0], 101372.5, 101527.5, 101832.5
[57][1], 101712.5, 101775.0, 101630.0
[57][2], 101325.0, 101352.5, 101440.0
[58][0], 100837.5, 101087.5, 101450.0
[58][1], 101335.0, 101430.0, 101392.5
[58][2], 101105.0, 101092.5, 101265.0
[59][0], 101127.5, 101412.5, 101727.5
[59][1], 101632.5, 101692.5, 101585.0
[59][2], 101300.0, 101240.0, 101367.5
[60][0], 101392.5, 101670.0, 101835.0
[60][1], 101642.5, 101680.0, 101570.0
[60][2], 101255.0, 101287.5, 101410.0
[61][0], 101365.0, 101545.0, 101655.0
[61][1], 101532.5, 101530.0, 101437.5
[61][2], 101162.5, 101177.5, 101322.5
[62][0], 101200.0, 101325.0, 101537.5
[62][1], 101495.0, 101505.0, 101382.5
[62][2], 101077.5, 101107.5, 101267.5
[63][0], 101290.0, 101352.5, 101387.5
[63][1], 101597.5, 101602.5, 101422.5
[63][2], 101092.5, 101112.5, 101292.5
[64][0], 101137.5, 101302.5, 101517.5
[64][1], 101647.5, 101615.0, 101447.5
[64][2], 101180.0, 101137.5, 101292.5
[65][0], 101085.0, 101280.0, 101540.0
[65][1], 101545.0, 101580.0, 101460.0
[65][2], 101177.5, 101160.0, 101305.0
[66][0], 101112.5, 101337.5, 101527.5
[66][1], 101522.5, 101545.0, 101442.5
[66][2], 101102.5, 101105.0, 101250.0
[67][0], 101125.0, 101375.0, 101630.0
[67][1], 101587.5, 101600.0, 101482.5
[67][2], 101175.0, 101150.0, 101280.0
[68][0], 101115.0, 101465.0, 101737.5
[68][1], 101612.5, 101662.5, 101552.5
[68][2], 101262.5, 101255.0, 101380.0
[69][0], 101527.5, 101930.0, 102120.0
[69][1], 101720.0, 101812.5, 101740.0
[69][2], 101362.5, 101412.5, 101525.0
[70][0], 101397.5, 101655.0, 101810.0
[70][1], 101625.0, 101647.5, 101517.5
[70][2], 101287.5, 101272.5, 101395.0
[71][0], 101050.0, 101250.0, 101432.5
[71][1], 101350.0, 101392.5, 101307.5
[71][2], 101035.0, 101027.5, 101212.5
[72][0], 101070.0, 101352.5, 101532.5
[72][1], 101317.5, 101422.5, 101360.0
[72][2], 100942.5, 100977.5, 101220.0
[73][0], 101087.5, 101327.5, 101387.5
[73][1], 101280.0, 101375.0, 101312.5
[73][2], 100882.5, 100912.5, 101185.0
[74][0], 101242.5, 101545.0, 101615.0
[74][1], 101465.0, 101547.5, 101460.0
[74][2], 101007.5, 101030.0, 101252.5
[75][0], 101400.0, 101670.0, 101760.0
[75][1], 101595.0, 101680.0, 101570.0
[75][2], 101110.0, 101157.5, 101365.0
[76][0], 101357.5, 101610.0, 101715.0
[76][1], 101572.5, 101657.5, 101537.5
[76][2], 101155.0, 101140.0, 101290.0
[77][0], 101270.0, 101587.5, 101850.0
[77][1], 101450.0, 101547.5, 101457.5
[77][2], 101092.5, 101072.5, 101220.0
[78][0], 101197.5, 101512.5, 101845.0
[78][1], 101385.0, 101517.5, 101502.5
[78][2], 101177.5, 101117.5, 101252.5
[79][0], 101367.5, 101662.5, 102040.0
[79][1], 101555.0, 101672.5, 101685.0
[79][2], 101317.5, 101302.5, 101422.5
[80][0], 101352.5, 101665.0, 101847.5
[80][1], 101527.5, 101615.0, 101530.0
[80][2], 101167.5, 101185.0, 101327.5
[81][0], 100737.5, 101027.5, 101257.5
[81][1], 101072.5, 101170.0, 101137.5
[81][2], 100797.5, 100840.0, 100997.5
[82][0], 100607.5, 100915.0, 101137.5
[82][1], 100917.5, 101065.0, 101075.0
[82][2], 100710.0, 100725.0, 100945.0
[83][0], 100977.5, 101450.0, 101752.5
[83][1], 101165.0, 101320.0, 101315.0
[83][2], 100885.0, 100907.5, 101157.5
[84][0], 100900.0, 101165.0, 101535.0
[84][1], 101135.0, 101275.0, 101295.0
[84][2], 100852.5, 100912.5, 101155.0
[85][0], 101185.0, 101517.5, 101770.0
[85][1], 101392.5, 101507.5, 101500.0
[85][2], 101045.0, 101012.5, 101242.5
[86][0], 101220.0, 101545.0, 101907.5
[86][1], 101482.5, 101567.5, 101532.5
[86][2], 101120.0, 101092.5, 101312.5
[87][0], 101092.5, 101455.0, 101725.0
[87][1], 101122.5, 101260.0, 101270.0
[87][2], 100830.0, 100837.5, 101047.5
[88][0], 100915.0, 101192.5, 101480.0
[88][1], 100970.0, 101107.5, 101135.0
[88][2], 100687.5, 100702.5, 100945.0
[89][0], 101180.0, 101497.5, 101650.0
[89][1], 101135.0, 101202.5, 101175.0
[89][2], 100832.5, 100835.0, 101055.0
[90][0], 100775.0, 101087.5, 101257.5
[90][1], 100945.0, 101027.5, 100992.5
[90][2], 100772.5, 100712.5, 100965.0
[91][0], 100395.0, 100745.0, 100970.0
[91][1], 100705.0, 100747.5, 100665.0
[91][2], 100487.5, 100420.0, 100660.0
[92][0], 100370.0, 100747.5, 101010.0
[92][1], 100730.0, 100795.0, 100725.0
[92][2], 100510.0, 100455.0, 100652.5
[93][0], 100627.5, 100942.5, 101195.0
[93][1], 100885.0, 100937.5, 100890.0
[93][2], 100645.0, 100610.0, 100812.5
[94][0], 100550.0, 100935.0, 101212.5
[94][1], 100742.5, 100862.5, 100832.5
[94][2], 100577.5, 100532.5, 100765.0
[95][0], 100462.5, 100825.0, 101082.5
[95][1], 100720.0, 100802.5, 100755.0
[95][2], 100422.5, 100355.0, 100595.0
[96][0], 100620.0, 100902.5, 101037.5
[96][1], 100760.0, 100857.5, 100780.0
[96][2], 100445.0, 100432.5, 100657.5
[97][0], 100627.5, 100992.5, 101225.0
[97][1], 100850.0, 101007.5, 100952.5
[97][2], 100665.0, 100662.5, 100850.0
[98][0], 100812.5, 101252.5, 101627.5
[98][1], 101067.5, 101222.5, 101230.0
[98][2], 100955.0, 100910.0, 101090.0
[99][0], 100927.5, 101382.5, 101780.0
[99][1], 101147.5, 101310.0, 101300.0
[99][2], 100945.0, 100897.5, 101075.0
[100][0], 100980.0, 101355.0, 101710.0
[100][1], 101077.5, 101250.0, 101290.0
[100][2], 100870.0, 100852.5, 101042.5
[101][0], 101107.5, 101540.0, 101877.5
[101][1], 101192.5, 101405.0, 101397.5
[101][2], 101010.0, 101000.0, 101152.5
[102][0], 101260.0, 101692.5, 101912.5
[102][1], 101290.0, 101407.5, 101342.5
[102][2], 101007.5, 100942.5, 101070.0
[103][0], 101157.5, 101697.5, 101975.0
[103][1], 101152.5, 101287.5, 101237.5
[103][2], 100917.5, 100875.0, 101010.0
[104][0], 101217.5, 101630.0, 101895.0
[104][1], 101175.0, 101280.0, 101215.0
[104][2], 100920.0, 100872.5, 101030.0
[105][0], 101202.5, 101557.5, 101767.5
[105][1], 101170.0, 101205.0, 101135.0
[105][2], 100855.0, 100772.5, 100950.0
[106][0], 100777.5, 101130.0, 101410.0
[106][1], 100860.0, 100870.0, 100812.5
[106][2], 100542.5, 100447.5, 100632.5
[107][0], 100520.0, 100882.5, 101142.5
[107][1], 100705.0, 100720.0, 100660.0
[107][2], 100382.5, 100302.5, 100535.0
[108][0], 100592.5, 101040.0, 101297.5
[108][1], 100705.0, 100702.5, 100607.5
[108][2], 100362.5, 100220.0, 100405.0
[109][0], 100355.0, 100760.0, 100955.0
[109][1], 100415.0, 100410.0, 100342.5
[109][2], 100227.5, 100100.0, 100255.0
[110][0], 100320.0, 100630.0, 100822.5
[110][1], 100385.0, 100360.0, 100250.0
[110][2], 100200.0, 100080.0, 100265.0
[111][0], 100470.0, 100797.5, 100977.5
[111][1], 100565.0, 100567.5, 100472.5
[111][2], 100302.5, 100182.5, 100400.0
[112][0], 100527.5, 100902.5, 101212.5
[112][1], 100680.0, 100720.0, 100672.5
[112][2], 100527.5, 100370.0, 100565.0
[113][0], 100457.5, 100757.5, 100962.5
[113][1], 100607.5, 100652.5, 100607.5
[113][2], 100437.5, 100285.0, 100475.0
[114][0], 100442.5, 100770.0, 100927.5
[114][1], 100617.5, 100657.5, 100572.5
[114][2], 100400.0, 100257.5, 100442.5
[115][0], 100402.5, 100822.5, 101022.5
[115][1], 100572.5, 100670.0, 100617.5
[115][2], 100392.5, 100295.0, 100482.5
[116][0], 100515.0, 100922.5, 101145.0
[116][1], 100552.5, 100645.0, 100582.5
[116][2], 100357.5, 100275.0, 100475.0
[117][0], 100665.0, 100985.0, 101125.0
[117][1], 100620.0, 100680.0, 100627.5
[117][2], 100402.5, 100307.5, 100497.5
[118][0], 100500.0, 100872.5, 100962.5
[118][1], 100595.0, 100642.5, 100565.0
[118][2], 100442.5, 100312.5, 100522.5
[119][0], 100545.0, 100962.5, 101192.5
[119][1], 100595.0, 100660.0, 100607.5
[119][2], 100435.0, 100335.0, 100540.0
[120][0], 100125.0, 100487.5, 100752.5
[120][1], 100225.0, 100230.0, 100200.0
[120][2], 100085.0, 99925.0, 100135.0
[121][0], 100150.0, 100490.0, 100650.0
[121][1], 100255.0, 100297.5, 100237.5
[121][2], 99997.5, 99895.0, 100105.0
[122][0], 100207.5, 100672.5, 100822.5
[122][1], 100440.0, 100465.0, 100367.5
[122][2], 100092.5, 99977.5, 100185.0
[123][0], 100675.0, 101240.0, 101382.5
[123][1], 100617.5, 100742.5, 100702.5
[123][2], 100382.5, 100335.0, 100522.5
[124][0], 100550.0, 100985.0, 101192.5
[124][1], 100550.0, 100680.0, 100707.5
[124][2], 100317.5, 100295.0, 100545.0
[125][0], 100277.5, 100712.5, 100882.5
[125][1], 100310.0, 100475.0, 100505.0
[125][2], 100115.0, 100100.0, 100365.0
[126][0], 100685.0, 101145.0, 101425.0
[126][1], 100502.5, 100790.0, 100922.5
[126][2], 100177.5, 100290.0, 100667.5
[127][0], 100985.0, 101415.0, 101687.5
[127][1], 100890.0, 101162.5, 101210.0
[127][2], 100582.5, 100722.5, 100992.5
[128][0], 101010.0, 101467.5, 101742.5
[128][1], 100982.5, 101192.5, 101187.5
[128][2], 100675.0, 100785.0, 100982.5
[129][0], 100780.0, 101155.0, 101480.0
[129][1], 100845.0, 101080.0, 101097.5
[129][2], 100655.0, 100727.5, 100922.5
[130][0], 101042.5, 101440.0, 101507.5
[130][1], 100870.0, 101087.5, 101107.5
[130][2], 100622.5, 100717.5, 100937.5
[131][0], 101002.5, 101527.5, 101710.0
[131][1], 100820.0, 101117.5, 101235.0
[131][2], 100645.0, 100762.5, 101025.0
[132][0], 101070.0, 101565.0, 101810.0
[132][1], 100987.5, 101182.5, 101195.0
[132][2], 100725.0, 100782.5, 100965.0
[133][0], 101032.5, 101470.0, 101642.5
[133][1], 100977.5, 101135.0, 101110.0
[133][2], 100702.5, 100727.5, 100915.0
[134][0], 100952.5, 101490.0, 101742.5
[134][1], 100877.5, 101067.5, 101070.0
[134][2], 100692.5, 100702.5, 100882.5
[135][0], 101002.5, 101512.5, 101732.5
[135][1], 100897.5, 101110.0, 101117.5
[135][2], 100742.5, 100780.0, 100977.5
[136][0], 100935.0, 101452.5, 101705.0
[136][1], 100785.0, 100980.0, 100990.0
[136][2], 100640.0, 100637.5, 100835.0
[137][0], 100717.5, 101265.0, 101450.0
[137][1], 100597.5, 100750.0, 100735.0
[137][2], 100512.5, 100445.0, 100650.0
[138][0], 100545.0, 101112.5, 101352.5
[138][1], 100450.0, 100615.0, 100640.0
[138][2], 100400.0, 100305.0, 100487.5
[139][0], 100557.5, 101062.5, 101182.5
[139][1], 100330.0, 100525.0, 100545.0
[139][2], 100190.0, 100165.0, 100372.5
[140][0], 100752.5, 101252.5, 101347.5
[140][1], 100502.5, 100677.5, 100687.5
[140][2], 100255.0, 100262.5, 100475.0
[141][0], 100765.0, 101260.0, 101377.5
[141][1], 100550.0, 100705.0, 100690.0
[141][2], 100300.0, 100322.5, 100500.0
[142][0], 100800.0, 101355.0, 101502.5
[142][1], 100472.5, 100685.0, 100697.5
[142][2], 100245.0, 100315.0, 100490.0
[143][0], 100717.5, 101217.5, 101452.5
[143][1], 100452.5, 100562.5, 100495.0
[143][2], 100185.0, 100165.0, 100280.0
[144][0], 100562.5, 101175.0, 101445.0
[144][1], 100262.5, 100387.5, 100320.0
[144][2], 100085.0, 100032.5, 100117.5
[145][0], 100437.5, 101207.5, 101502.5
[145][1], 100055.0, 100172.5, 100170.0
[145][2], 99842.5, 99790.0, 99922.5
[146][0], 100252.5, 100835.0, 101197.5
[146][1], 99980.0, 100017.5, 100060.0
[146][2], 99600.0, 99335.0, 99410.0
[147][0], 99997.5, 100325.0, 100617.5
[147][1], 99765.0, 99505.0, 99415.0
[147][2], 99580.0, 99102.5, 98937.5
[148][0], 99875.0, 100245.0, 100297.5
[148][1], 99562.5, 99800.0, 99792.5
[148][2], 99527.5, 99632.5, 99810.0
[149][0], 100070.0, 100450.0, 100462.5
[149][1], 99662.5, 99910.0, 100032.5
[149][2], 99660.0, 99715.0, 99992.5
[150][0], 100380.0, 100900.0, 100990.0
[150][1], 99967.5, 100227.5, 100370.0
[150][2], 99842.5, 99920.0, 100232.5
[151][0], 100437.5, 100832.5, 100985.0
[151][1], 100205.0, 100470.0, 100497.5
[151][2], 100100.0, 100210.0, 100397.5
[152][0], 100617.5, 100990.0, 101055.0
[152][1], 100397.5, 100615.0, 100625.0
[152][2], 100170.0, 100267.5, 100527.5
[153][0], 100617.5, 100985.0, 101090.0
[153][1], 100505.0, 100695.0, 100677.5
[153][2], 100280.0, 100325.0, 100562.5
[154][0], 100547.5, 101017.5, 101125.0
[154][1], 100410.0, 100582.5, 100592.5
[154][2], 100255.0, 100235.0, 100485.0
[155][0], 100632.5, 101095.0, 101305.0
[155][1], 100445.0, 100627.5, 100640.0
[155][2], 100255.0, 100250.0, 100487.5
[156][0], 100722.5, 101255.0, 101465.0
[156][1], 100477.5, 100667.5, 100677.5
[156][2], 100285.0, 100262.5, 100457.5
[157][0], 100740.0, 101207.5, 101375.0
[157][1], 100567.5, 100650.0, 100590.0
[157][2], 100327.5, 100260.0, 100452.5
[158][0], 100547.5, 101065.0, 101117.5
[158][1], 100332.5, 100472.5, 100440.0
[158][2], 100165.0, 100100.0, 100280.0
[159][0], 100332.5, 100780.0, 100800.0
[159][1], 100135.0, 100270.0, 100302.5
[159][2], 100085.0, 99970.0, 100155.0
[160][0], 100327.5, 100745.0, 100780.0
[160][1], 100125.0, 100255.0, 100280.0
[160][2], 100045.0, 99947.5, 100117.5
[161][0], 100395.0, 100825.0, 100822.5
[161][1], 100190.0, 100282.5, 100307.5
[161][2], 100097.5, 99967.5, 100155.0
[162][0], 100362.5, 100807.5, 100825.0
[162][1], 100145.0, 100265.0, 100300.0
[162][2], 100055.0, 99965.0, 100155.0
[163][0], 100265.0, 100690.0, 100820.0
[163][1], 100055.0, 100245.0, 100342.5
[163][2], 100020.0, 99990.0, 100210.0
[164][0], 100092.5, 100520.0, 100707.5
[164][1], 99977.5, 100150.0, 100242.5
[164][2], 99910.0, 99885.0, 100150.0
[165][0], 100147.5, 100595.0, 100700.0
[165][1], 100027.5, 100147.5, 100185.0
[165][2], 99990.0, 99837.5, 100017.5
[166][0], 99987.5, 100435.0, 100587.5
[166][1], 99860.0, 100045.0, 100147.5
[166][2], 99917.5, 99832.5, 100045.0
[167][0], 100167.5, 100615.0, 100752.5
[167][1], 100070.0, 100242.5, 100305.0
[167][2], 100105.0, 100005.0, 100207.5
[168][0], 100107.5, 100540.0, 100707.5
[168][1], 100010.0, 100195.0, 100300.0
[168][2], 100077.5, 99982.5, 100202.5
[169][0], 99947.5, 100310.0, 100415.0
[169][1], 99937.5, 100055.0, 100102.5
[169][2], 100000.0, 99830.0, 100037.5
[170][0], 99842.5, 100207.5, 100390.0
[170][1], 99797.5, 99952.5, 100065.0
[170][2], 99885.0, 99770.0, 99970.0
[171][0], 100332.5, 100557.5, 100662.5
[171][1], 100240.0, 100267.5, 100217.5
[171][2], 100055.0, 99902.5, 100040.0
[172][0], 100312.5, 100640.0, 100802.5
[172][1], 100212.5, 100302.5, 100260.0
[172][2], 100110.0, 100005.0, 100107.5
[173][0], 100382.5, 100740.0, 100880.0
[173][1], 100187.5, 100312.5, 100295.0
[173][2], 100027.5, 99992.5, 100137.5
[174][0], 100270.0, 100657.5, 100810.0
[174][1], 100072.5, 100272.5, 100317.5
[174][2], 100025.0, 100002.5, 100175.0
[175][0], 100132.5, 100485.0, 100590.0
[175][1], 100000.0, 100180.0, 100252.5
[175][2], 99960.0, 99925.0, 100132.5
[176][0], 100060.0, 100365.0, 100552.5
[176][1], 99970.0, 100112.5, 100190.0
[176][2], 99917.5, 99882.5, 100057.5
[177][0], 100355.0, 100630.0, 100752.5
[177][1], 100222.5, 100307.5, 100285.0
[177][2], 100050.0, 100000.0, 100132.5
[178][0], 100380.0, 100690.0, 100847.5
[178][1], 100230.0, 100400.0, 100417.5
[178][2], 100082.5, 100060.0, 100215.0
[179][0], 100120.0, 100477.5, 100672.5
[179][1], 100037.5, 100202.5, 100272.5
[179][2], 99925.0, 99842.5, 100027.5
[180][0], 100142.5, 100390.0, 100550.0
[180][1], 100085.0, 100127.5, 100175.0
[180][2], 100012.5, 99860.0, 100042.5
[181][0], 100017.5, 100285.0, 100442.5
[181][1], 99997.5, 100065.0, 100105.0
[181][2], 100067.5, 99915.0, 100075.0
[182][0], 99750.0, 100112.5, 100335.0
[182][1], 99765.0, 99922.5, 100005.0
[182][2], 99932.5, 99842.5, 100012.5
[183][0], 99745.0, 100060.0, 100337.5
[183][1], 99770.0, 99870.0, 99965.0
[183][2], 99930.0, 99825.0, 99947.5
[184][0], 100050.0, 100377.5, 100670.0
[184][1], 99965.0, 100072.5, 100195.0
[184][2], 100025.0, 99952.5, 100130.0
[185][0], 100187.5, 100467.5, 100707.5
[185][1], 100112.5, 100237.5, 100340.0
[185][2], 100147.5, 100092.5, 100292.5
[186][0], 100000.0, 100332.5, 100565.0
[186][1], 99905.0, 100100.0, 100232.5
[186][2], 99995.0, 99997.5, 100230.0
[187][0], 99985.0, 100452.5, 100720.0
[187][1], 99965.0, 100190.0, 100302.5
[187][2], 100017.5, 100017.5, 100215.0
[188][0], 100320.0, 100715.0, 100987.5
[188][1], 100285.0, 100412.5, 100435.0
[188][2], 100202.5, 100192.5, 100350.0
[189][0], 100332.5, 100620.0, 100850.0
[189][1], 100262.5, 100430.0, 100485.0
[189][2], 100240.0, 100217.5, 100367.5
[190][0], 100400.0, 100682.5, 100827.5
[190][1], 100380.0, 100510.0, 100540.0
[190][2], 100345.0, 100295.0, 100472.5
[191][0], 100392.5, 100692.5, 100835.0
[191][1], 100377.5, 100497.5, 100530.0
[191][2], 100370.0, 100307.5, 100515.0
[192][0], 100072.5, 100400.0, 100585.0
[192][1], 100030.0, 100165.0, 100245.0
[192][2], 100080.0, 100000.0, 100212.5
[193][0], 99962.5, 100277.5, 100452.5
[193][1], 100002.5, 100107.5, 100110.0
[193][2], 100000.0, 99900.0, 100020.0
[194][0], 99890.0, 100195.0, 100395.0
[194][1], 99840.0, 99965.0, 100007.5
[194][2], 99792.5, 99725.0, 99867.5
[195][0], 99982.5, 100300.0, 100505.0
[195][1], 99835.0, 99980.0, 100045.0
[195][2], 99780.0, 99732.5, 99865.0
[196][0], 100230.0, 100557.5, 100772.5
[196][1], 99992.5, 100192.5, 100265.0
[196][2], 99877.5, 99865.0, 100015.0
[197][0], 100330.0, 100652.5, 100832.5
[197][1], 100185.0, 100320.0, 100362.5
[197][2], 100010.0, 99982.5, 100132.5
[198][0], 100270.0, 100600.0, 100777.5
[198][1], 100102.5, 100262.5, 100277.5
[198][2], 100007.5, 99975.0, 100092.5
[199][0], 100142.5, 100480.0, 100657.5
[199][1], 99962.5, 100117.5, 100125.0
[199][2], 99882.5, 99827.5, 99925.0
[200][0], 100070.0, 100417.5, 100627.5
[200][1], 99900.0, 100057.5, 100115.0
[200][2], 99680.0, 99635.0, 99797.5
[201][0], 100115.0, 100505.0, 100720.0
[201][1], 99857.5, 100087.5, 100215.0
[201][2], 99635.0, 99667.5, 99927.5
[202][0], 100072.5, 100382.5, 100660.0
[202][1], 99867.5, 100070.0, 100227.5
[202][2], 99677.5, 99740.0, 100007.5
[203][0], 100077.5, 100417.5, 100680.0
[203][1], 99810.0, 100025.0, 100225.0
[203][2], 99737.5, 99762.5, 100050.0
[204][0], 99987.5, 100315.0, 100545.0
[204][1], 99702.5, 99855.0, 100025.0
[204][2], 99667.5, 99592.5, 99815.0
[205][0], 99655.0, 100020.0, 100240.0
[205][1], 99372.5, 99520.0, 99670.0
[205][2], 99402.5, 99330.0, 99487.5
[206][0], 99597.5, 100000.0, 100232.5
[206][1], 99332.5, 99472.5, 99587.5
[206][2], 99392.5, 99250.0, 99277.5
[207][0], 99757.5, 100145.0, 100397.5
[207][1], 99457.5, 99535.0, 99635.0
[207][2], 99397.5, 99200.0, 99240.0
[208][0], 99952.5, 100355.0, 100625.0
[208][1], 99670.0, 99860.0, 99982.5
[208][2], 99542.5, 99530.0, 99710.0
[209][0], 99980.0, 100302.5, 100495.0
[209][1], 99760.0, 99937.5, 100005.0
[209][2], 99710.0, 99677.5, 99785.0
[210][0], 100012.5, 100337.5, 100550.0
[210][1], 99842.5, 100012.5, 100100.0
[210][2], 99837.5, 99760.0, 99915.0
[211][0], 100150.0, 100485.0, 100690.0
[211][1], 100015.0, 100147.5, 100232.5
[211][2], 100042.5, 99940.0, 100117.5
[212][0], 100202.5, 100537.5, 100795.0
[212][1], 100077.5, 100190.0, 100215.0
[212][2], 100050.0, 99917.5, 100040.0
[213][0], 100032.5, 100375.0, 100665.0
[213][1], 99827.5, 99910.0, 100045.0
[213][2], 99865.0, 99707.5, 99885.0
[214][0], 99917.5, 100312.5, 100632.5
[214][1], 99622.5, 99875.0, 100220.0
[214][2], 99737.5, 99757.5, 100122.5
[215][0], 100252.5, 100712.5, 100900.0
[215][1], 99895.0, 100332.5, 100575.0
[215][2], 99987.5, 100122.5, 100435.0
[216][0], 100495.0, 100847.5, 100942.5
[216][1], 100317.5, 100577.5, 100627.5
[216][2], 100342.5, 100332.5, 100527.5
[217][0], 100400.0, 100710.0, 100870.0
[217][1], 100390.0, 100502.5, 100535.0
[217][2], 100392.5, 100265.0, 100427.5
[218][0], 100432.5, 100695.0, 100777.5
[218][1], 100385.0, 100430.0, 100435.0
[218][2], 100242.5, 100090.0, 100267.5
[219][0], 100382.5, 100682.5, 100822.5
[219][1], 100257.5, 100382.5, 100455.0
[219][2], 100142.5, 100085.0, 100300.0
[220][0], 100487.5, 100840.0, 101012.5
[220][1], 100405.0, 100587.5, 100662.5
[220][2], 100250.0, 100250.0, 100500.0
[221][0], 100565.0, 100812.5, 100917.5
[221][1], 100522.5, 100630.0, 100665.0
[221][2], 100405.0, 100345.0, 100567.5
[222][0], 100467.5, 100767.5, 100855.0
[222][1], 100412.5, 100512.5, 100545.0
[222][2], 100392.5, 100267.5, 100452.5
[223][0], 100440.0, 100807.5, 100952.5
[223][1], 100355.0, 100460.0, 100480.0
[223][2], 100320.0, 100230.0, 100385.0
[224][0], 100520.0, 100857.5, 100980.0
[224][1], 100397.5, 100495.0, 100527.5
[224][2], 100357.5, 100252.5, 100420.0
[225][0], 100665.0, 101012.5, 101122.5
[225][1], 100547.5, 100605.0, 100577.5
[225][2], 100462.5, 100315.0, 100437.5
[226][0], 100727.5, 101097.5, 101130.0
[226][1], 100515.0, 100585.0, 100552.5
[226][2], 100412.5, 100265.0, 100387.5
[227][0], 100592.5, 101090.0, 101187.5
[227][1], 100410.0, 100502.5, 100500.0
[227][2], 100320.0, 100167.5, 100287.5
[228][0], 100597.5, 101022.5, 101090.0
[228][1], 100397.5, 100515.0, 100465.0
[228][2], 100327.5, 100170.0, 100187.5
[229][0], 100427.5, 100835.0, 101272.5
[229][1], 100415.0, 100522.5, 100490.0
[229][2], 100395.0, 100240.0, 100207.5
[230][0], 100590.0, 101097.5, 101652.5
[230][1], 100575.0, 100565.0, 100520.0
[230][2], 100502.5, 100252.5, 100255.0
[231][0], 100635.0, 101270.0, 101565.0
[231][1], 100447.5, 100457.5, 100405.0
[231][2], 100370.0, 100195.0, 100202.5
[232][0], 100880.0, 101430.0, 101555.0
[232][1], 100602.5, 100580.0, 100520.0
[232][2], 100437.5, 100310.0, 100442.5
[233][0], 100960.0, 101465.0, 101507.5
[233][1], 100645.0, 100630.0, 100575.0
[233][2], 100547.5, 100395.0, 100510.0
[234][0], 100657.5, 100990.0, 101187.5
[234][1], 100505.0, 100512.5, 100517.5
[234][2], 100460.0, 100305.0, 100440.0
[235][0], 100592.5, 100995.0, 101270.0
[235][1], 100440.0, 100590.0, 100670.0
[235][2], 100445.0, 100342.5, 100500.0
[236][0], 100642.5, 101090.0, 101290.0
[236][1], 100372.5, 100620.0, 100680.0
[236][2], 100350.0, 100345.0, 100510.0
[237][0], 100487.5, 100930.0, 101225.0
[237][1], 100237.5, 100397.5, 100452.5
[237][2], 100235.0, 100152.5, 100230.0
[238][0], 100577.5, 101065.0, 101347.5
[238][1], 100295.0, 100430.0, 100540.0
[238][2], 100195.0, 100112.5, 100302.5
[239][0], 100905.0, 101437.5, 101610.0
[239][1], 100495.0, 100680.0, 100727.5
[239][2], 100397.5, 100392.5, 100560.0
[240][0], 100780.0, 101157.5, 101427.5
[240][1], 100550.0, 100612.5, 100615.0
[240][2], 100455.0, 100355.0, 100475.0
[241][0], 100680.0, 100957.5, 101210.0
[241][1], 100530.0, 100570.0, 100535.0
[241][2], 100427.5, 100335.0, 100430.0
[242][0], 100750.0, 101052.5, 101280.0
[242][1], 100575.0, 100627.5, 100590.0
[242][2], 100432.5, 100342.5, 100445.0
[243][0], 100720.0, 101057.5, 101257.5
[243][1], 100522.5, 100637.5, 100645.0
[243][2], 100357.5, 100322.5, 100487.5
[244][0], 100760.0, 101110.0, 101395.0
[244][1], 100600.0, 100765.0, 100782.5
[244][2], 100417.5, 100435.0, 100602.5
[245][0], 100745.0, 101205.0, 101577.5
[245][1], 100620.0, 100740.0, 100735.0
[245][2], 100517.5, 100490.0, 100602.5
[246][0], 100925.0, 101435.0, 101582.5
[246][1], 100635.0, 100770.0, 100782.5
[246][2], 100532.5, 100505.0, 100635.0
[247][0], 100562.5, 100947.5, 101077.5
[247][1], 100345.0, 100490.0, 100520.0
[247][2], 100307.5, 100252.5, 100385.0
[248][0], 100370.0, 100732.5, 100925.0
[248][1], 100332.5, 100475.0, 100460.0
[248][2], 100262.5, 100177.5, 100272.5
[249][0], 100580.0, 100862.5, 101012.5
[249][1], 100460.0, 100535.0, 100467.5
[249][2], 100357.5, 100232.5, 100287.5
[250][0], 100592.5, 100995.0, 101215.0
[250][1], 100387.5, 100475.0, 100445.0
[250][2], 100332.5, 100215.0, 100300.0
[251][0], 100692.5, 101255.0, 101360.0
[251][1], 100295.0, 100425.0, 100445.0
[251][2], 100160.0, 100100.0, 100257.5
[252][0], 100585.0, 101195.0, 101375.0
[252][1], 100100.0, 100287.5, 100362.5
[252][2], 99815.0, 99865.0, 100120.0
[253][0], 100547.5, 101252.5, 101552.5
[253][1], 100040.0, 100282.5, 100380.0
[253][2], 99805.0, 99945.0, 100200.0
[254][0], 100610.0, 101252.5, 101622.5
[254][1], 100152.5, 100395.0, 100437.5
[254][2], 100102.5, 100107.5, 100255.0
[255][0], 100695.0, 101287.5, 101615.0
[255][1], 100340.0, 100337.5, 100280.0
[255][2], 100297.5, 100117.5, 100112.5
[256][0], 100530.0, 100870.0, 101012.5
[256][1], 100255.0, 100175.0, 100092.5
[256][2], 100225.0, 99937.5, 99777.5
[257][0], 100305.0, 100670.0, 100980.0
[257][1], 100145.0, 99982.5, 100060.0
[257][2], 99975.0, 99422.5, 99467.5
[258][0], 100620.0, 100960.0, 101077.5
[258][1], 100022.5, 99892.5, 100185.0
[258][2], 99707.5, 99247.5, 99695.0
[259][0], 100782.5, 101202.5, 101292.5
[259][1], 100115.0, 100347.5, 100577.5
[259][2], 99780.0, 99860.0, 100295.0
[260][0], 100907.5, 101255.0, 101300.0
[260][1], 100425.0, 100690.0, 100672.5
[260][2], 100182.5, 100347.5, 100517.5
[261][0], 100927.5, 101335.0, 101280.0
[261][1], 100567.5, 100650.0, 100550.0
[261][2], 100465.0, 100365.0, 100410.0
[262][0], 100977.5, 101297.5, 101280.0
[262][1], 100607.5, 100570.0, 100465.0
[262][2], 100517.5, 100330.0, 100350.0
[263][0], 100832.5, 101125.0, 101277.5
[263][1], 100622.5, 100575.0, 100445.0
[263][2], 100522.5, 100307.5, 100320.0
[264][0], 100880.0, 101337.5, 101525.0
[264][1], 100610.0, 100677.5, 100622.5
[264][2], 100520.0, 100362.5, 100415.0
[265][0], 100780.0, 101280.0, 101412.5
[265][1], 100467.5, 100512.5, 100450.0
[265][2], 100417.5, 100232.5, 100265.0
[266][0], 100837.5, 101330.0, 101410.0
[266][1], 100482.5, 100530.0, 100485.0
[266][2], 100425.0, 100267.5, 100345.0
[267][0], 100900.0, 101360.0, 101402.5
[267][1], 100485.0, 100665.0, 100685.0
[267][2], 100312.5, 100262.5, 100450.0
[268][0], 101042.5, 101507.5, 101492.5
[268][1], 100525.0, 100732.5, 100815.0
[268][2], 100282.5, 100315.0, 100607.5
[269][0], 100860.0, 101292.5, 101495.0
[269][1], 100547.5, 100890.0, 101052.5
[269][2], 100397.5, 100555.0, 100852.5
[270][0], 100690.0, 101290.0, 101565.0
[270][1], 100672.5, 101010.0, 101087.5
[270][2], 100620.0, 100722.5, 100945.0
[271][0], 100755.0, 101017.5, 101330.0
[271][1], 100820.0, 100932.5, 100975.0
[271][2], 100777.5, 100755.0, 100930.0
[272][0], 100832.5, 101095.0, 101350.0
[272][1], 100877.5, 100922.5, 100867.5
[272][2], 100837.5, 100720.0, 100842.5
[273][0], 100922.5, 101512.5, 101792.5
[273][1], 100765.0, 100800.0, 100765.0
[273][2], 100725.0, 100572.5, 100697.5
[274][0], 100712.5, 101302.5, 101655.0
[274][1], 100555.0, 100580.0, 100592.5
[274][2], 100532.5, 100375.0, 100480.0
[275][0], 100617.5, 101137.5, 101387.5
[275][1], 100480.0, 100527.5, 100490.0
[275][2], 100440.0, 100300.0, 100352.5
[276][0], 100530.0, 100825.0, 101017.5
[276][1], 100410.0, 100450.0, 100477.5
[276][2], 100317.5, 100182.5, 100340.0
[277][0], 100540.0, 100737.5, 100982.5
[277][1], 100602.5, 100637.5, 100640.0
[277][2], 100520.0, 100382.5, 100560.0
[278][0], 100785.0, 101045.0, 101277.5
[278][1], 100805.0, 100895.0, 100920.0
[278][2], 100715.0, 100625.0, 100810.0
[279][0], 101082.5, 101425.0, 101705.0
[279][1], 101065.0, 101222.5, 101240.0
[279][2], 100922.5, 100885.0, 101030.0
[280][0], 101215.0, 101542.5, 101895.0
[280][1], 101252.5, 101417.5, 101422.5
[280][2], 101102.5, 101095.0, 101257.5
[281][0], 101077.5, 101397.5, 101757.5
[281][1], 101152.5, 101332.5, 101337.5
[281][2], 101060.0, 101045.0, 101212.5
[282][0], 100865.0, 101170.0, 101532.5
[282][1], 100962.5, 101135.0, 101150.0
[282][2], 100905.0, 100870.0, 101000.0
[283][0], 100770.0, 101075.0, 101307.5
[283][1], 100892.5, 101040.0, 101055.0
[283][2], 100827.5, 100767.5, 100935.0
[284][0], 100760.0, 101085.0, 101317.5
[284][1], 100872.5, 101035.0, 101032.5
[284][2], 100810.0, 100745.0, 100900.0
[285][0], 100890.0, 101180.0, 101480.0
[285][1], 101030.0, 101162.5, 101157.5
[285][2], 100962.5, 100902.5, 101032.5
[286][0], 100997.5, 101300.0, 101665.0
[286][1], 101122.5, 101247.5, 101217.5
[286][2], 101020.0, 100955.0, 101070.0
[287][0], 101005.0, 101335.0, 101702.5
[287][1], 101155.0, 101277.5, 101210.0
[287][2], 100980.0, 100945.0, 101042.5
[288][0], 100832.5, 101105.0, 101462.5
[288][1], 101065.0, 101170.0, 101137.5
[288][2], 100942.5, 100890.0, 101005.0
[289][0], 100972.5, 101260.0, 101525.0
[289][1], 101072.5, 101207.5, 101185.0
[289][2], 100915.0, 100902.5, 101052.5
[290][0], 100932.5, 101210.0, 101507.5
[290][1], 101032.5, 101212.5, 101212.5
[290][2], 100890.0, 100875.0, 101020.0
[291][0], 100950.0, 101170.0, 101465.0
[291][1], 101065.0, 101200.0, 101175.0
[291][2], 100882.5, 100842.5, 100992.5
[292][0], 101082.5, 101372.5, 101677.5
[292][1], 101190.0, 101332.5, 101297.5
[292][2], 101000.0, 100957.5, 101092.5
[293][0], 101285.0, 101632.5, 102012.5
[293][1], 101362.5, 101455.0, 101362.5
[293][2], 101152.5, 101085.0, 101162.5
[294][0], 101360.0, 101762.5, 102047.5
[294][1], 101315.0, 101360.0, 101245.0
[294][2], 101102.5, 100995.0, 101042.5
[295][0], 101262.5, 101682.5, 102127.5
[295][1], 101200.0, 101272.5, 101212.5
[295][2], 101042.5, 100927.5, 100992.5
[296][0], 101227.5, 101645.0, 101992.5
[296][1], 101032.5, 101187.5, 101180.0
[296][2], 100807.5, 100777.5, 100902.5
[297][0], 101092.5, 101430.0, 101705.0
[297][1], 100982.5, 101137.5, 101185.0
[297][2], 100505.0, 100412.5, 100712.5
[298][0], 101152.5, 101472.5, 101630.0
[298][1], 101025.0, 101092.5, 101145.0
[298][2], 100462.5, 100340.0, 100702.5
[299][0], 101267.5, 101755.0, 101910.0
[299][1], 100905.0, 101010.0, 101085.0
[299][2], 100580.0, 100565.0, 100845.0
[300][0], 101112.5, 101365.0, 101625.0
[300][1], 100907.5, 101012.5, 101000.0
[300][2], 100667.5, 100677.5, 100837.5
[301][0], 100952.5, 101205.0, 101392.5
[301][1], 100872.5, 100972.5, 100930.0
[301][2], 100732.5, 100685.0, 100802.5
[302][0], 100862.5, 101040.0, 101337.5
[302][1], 100912.5, 101012.5, 101007.5
[302][2], 100782.5, 100745.0, 100892.5
[303][0], 100960.0, 101220.0, 101535.0
[303][1], 101035.0, 101167.5, 101152.5
[303][2], 100917.5, 100887.5, 101042.5
[304][0], 101040.0, 101407.5, 101740.0
[304][1], 101065.0, 101215.0, 101210.0
[304][2], 100952.5, 100900.0, 101070.0
[305][0], 101230.0, 101770.0, 102107.5
[305][1], 101180.0, 101327.5, 101337.5
[305][2], 101075.0, 101047.5, 101190.0
[306][0], 101440.0, 101907.5, 102155.0
[306][1], 101352.5, 101480.0, 101460.0
[306][2], 101195.0, 101160.0, 101282.5
[307][0], 101500.0, 101970.0, 102145.0
[307][1], 101390.0, 101482.5, 101422.5
[307][2], 101185.0, 101147.5, 101242.5
[308][0], 101467.5, 101875.0, 102127.5
[308][1], 101350.0, 101477.5, 101425.0
[308][2], 101125.0, 101090.0, 101205.0
[309][0], 101515.0, 101915.0, 102132.5
[309][1], 101495.0, 101570.0, 101500.0
[309][2], 101262.5, 101200.0, 101267.5
[310][0], 101482.5, 101875.0, 102042.5
[310][1], 101460.0, 101580.0, 101537.5
[310][2], 101287.5, 101240.0, 101312.5
[311][0], 101502.5, 102050.0, 102442.5
[311][1], 101415.0, 101515.0, 101477.5
[311][2], 101262.5, 101217.5, 101302.5
[312][0], 101465.0, 101960.0, 102142.5
[312][1], 101395.0, 101502.5, 101460.0
[312][2], 101192.5, 101187.5, 101272.5
[313][0], 101490.0, 101822.5, 102025.0
[313][1], 101462.5, 101537.5, 101467.5
[313][2], 101220.0, 101192.5, 101277.5
[314][0], 101452.5, 101747.5, 101892.5
[314][1], 101502.5, 101580.0, 101502.5
[314][2], 101242.5, 101202.5, 101290.0
[315][0], 101300.0, 101620.0, 101825.0
[315][1], 101432.5, 101542.5, 101462.5
[315][2], 101185.0, 101155.0, 101252.5
[316][0], 101167.5, 101475.0, 101687.5
[316][1], 101375.0, 101477.5, 101380.0
[316][2], 101127.5, 101087.5, 101185.0
[317][0], 101192.5, 101515.0, 101715.0
[317][1], 101285.0, 101420.0, 101330.0
[317][2], 101060.0, 101060.0, 101162.5
[318][0], 101332.5, 101612.5, 101927.5
[318][1], 101420.0, 101495.0, 101410.0
[318][2], 101227.5, 101192.5, 101252.5
[319][0], 101167.5, 101567.5, 101982.5
[319][1], 101310.0, 101410.0, 101350.0
[319][2], 101157.5, 101115.0, 101202.5
[320][0], 101052.5, 101340.0, 101777.5
[320][1], 101272.5, 101377.5, 101332.5
[320][2], 101097.5, 101065.0, 101157.5
[321][0], 101052.5, 101332.5, 101700.0
[321][1], 101300.0, 101410.0, 101390.0
[321][2], 101092.5, 101070.0, 101187.5
[322][0], 101300.0, 101640.0, 101975.0
[322][1], 101497.5, 101602.5, 101527.5
[322][2], 101190.0, 101172.5, 101295.0
[323][0], 101295.0, 101595.0, 101962.5
[323][1], 101562.5, 101632.5, 101545.0
[323][2], 101250.0, 101220.0, 101330.0
[324][0], 101255.0, 101577.5, 101842.5
[324][1], 101477.5, 101555.0, 101465.0
[324][2], 101202.5, 101152.5, 101247.5
[325][0], 101300.0, 101670.0, 101882.5
[325][1], 101500.0, 101577.5, 101475.0
[325][2], 101195.0, 101152.5, 101257.5
[326][0], 101142.5, 101477.5, 101825.0
[326][1], 101482.5, 101557.5, 101480.0
[326][2], 101195.0, 101175.0, 101267.5
[327][0], 101182.5, 101355.0, 101687.5
[327][1], 101565.0, 101677.5, 101620.0
[327][2], 101267.5, 101277.5, 101402.5
[328][0], 101120.0, 101305.0, 101710.0
[328][1], 101535.0, 101685.0, 101637.5
[328][2], 101280.0, 101282.5, 101402.5
[329][0], 101117.5, 101297.5, 101732.5
[329][1], 101532.5, 101665.0, 101610.0
[329][2], 101255.0, 101262.5, 101367.5
[330][0], 101037.5, 101172.5, 101547.5
[330][1], 101467.5, 101560.0, 101490.0
[330][2], 101175.0, 101180.0, 101282.5
[331][0], 101082.5, 101292.5, 101750.0
[331][1], 101485.0, 101595.0, 101505.0
[331][2], 101167.5, 101145.0, 101220.0
[332][0], 101322.5, 101652.5, 102022.5
[332][1], 101630.0, 101725.0, 101625.0
[332][2], 101260.0, 101217.5, 101305.0
[333][0], 101490.0, 101852.5, 102327.5
[333][1], 101592.5, 101655.0, 101585.0
[333][2], 101257.5, 101230.0, 101322.5
[334][0], 101185.0, 101497.5, 101812.5
[334][1], 101412.5, 101507.5, 101447.5
[334][2], 101142.5, 101155.0, 101245.0
[335][0], 101075.0, 101277.5, 101487.5
[335][1], 101280.0, 101357.5, 101272.5
[335][2], 101027.5, 100997.5, 101080.0
[336][0], 101122.5, 101305.0, 101517.5
[336][1], 101410.0, 101460.0, 101355.0
[336][2], 101142.5, 101102.5, 101200.0
[337][0], 101137.5, 101297.5, 101570.0
[337][1], 101457.5, 101520.0, 101415.0
[337][2], 101200.0, 101177.5, 101265.0
[338][0], 100945.0, 101182.5, 101537.5
[338][1], 101330.0, 101447.5, 101397.5
[338][2], 101120.0, 101122.5, 101250.0
[339][0], 100930.0, 101092.5, 101340.0
[339][1], 101345.0, 101410.0, 101352.5
[339][2], 101132.5, 101107.5, 101265.0
[340][0], 100825.0, 100992.5, 101270.0
[340][1], 101292.5, 101375.0, 101352.5
[340][2], 101040.0, 101055.0, 101225.0
[341][0], 101035.0, 101210.0, 101440.0
[341][1], 101350.0, 101500.0, 101482.5
[341][2], 101040.0, 101127.5, 101302.5
[342][0], 101152.5, 101280.0, 101540.0
[342][1], 101412.5, 101542.5, 101465.0
[342][2], 101045.0, 101115.0, 101272.5
[343][0], 101005.0, 101122.5, 101435.0
[343][1], 101382.5, 101537.5, 101475.0
[343][2], 100997.5, 101092.5, 101262.5
[344][0], 100990.0, 101142.5, 101430.0
[344][1], 101515.0, 101590.0, 101522.5
[344][2], 101242.5, 101237.5, 101352.5
[345][0], 101172.5, 101285.0, 101590.0
[345][1], 101615.0, 101667.5, 101575.0
[345][2], 101355.0, 101352.5, 101425.0
[346][0], 101095.0, 101177.5, 101482.5
[346][1], 101502.5, 101545.0, 101445.0
[346][2], 101237.5, 101210.0, 101282.5
[347][0], 101060.0, 101135.0, 101462.5
[347][1], 101587.5, 101622.5, 101567.5
[347][2], 101332.5, 101282.5, 101385.0
[348][0], 101510.0, 101705.0, 101942.5
[348][1], 101765.0, 101817.5, 101742.5
[348][2], 101497.5, 101467.5, 101547.5
[349][0], 101675.0, 101897.5, 102150.0
[349][1], 101765.0, 101810.0, 101737.5
[349][2], 101590.0, 101542.5, 101542.5
[350][0], 101535.0, 101765.0, 101912.5
[350][1], 101620.0, 101640.0, 101582.5
[350][2], 101430.0, 101380.0, 101455.0
[351][0], 101440.0, 101662.5, 101760.0
[351][1], 101565.0, 101582.5, 101520.0
[351][2], 101322.5, 101280.0, 101387.5
[352][0], 101277.5, 101480.0, 101665.0
[352][1], 101520.0, 101577.5, 101515.0
[352][2], 101247.5, 101215.0, 101335.0
[353][0], 101392.5, 101570.0, 101717.5
[353][1], 101582.5, 101665.0, 101567.5
[353][2], 101292.5, 101287.5, 101385.0
[354][0], 101120.0, 101302.5, 101455.0
[354][1], 101392.5, 101510.0, 101435.0
[354][2], 101152.5, 101182.5, 101282.5
[355][0], 101125.0, 101217.5, 101472.5
[355][1], 101522.5, 101622.5, 101600.0
[355][2], 101252.5, 101305.0, 101415.0
[356][0], 101320.0, 101445.0, 101615.0
[356][1], 101657.5, 101737.5, 101665.0
[356][2], 101285.0, 101310.0, 101432.5
[357][0], 101312.5, 101447.5, 101660.0
[357][1], 101635.0, 101730.0, 101632.5
[357][2], 101315.0, 101305.0, 101397.5
[358][0], 101272.5, 101362.5, 101612.5
[358][1], 101640.0, 101722.5, 101632.5
[358][2], 101325.0, 101335.0, 101440.0
[359][0], 101360.0, 101500.0, 101780.0
[359][1], 101835.0, 101930.0, 101870.0
[359][2], 101532.5, 101525.0, 101642.5
[360][0], 101760.0, 101962.5, 102107.5
[360][1], 102050.0, 102125.0, 102005.0
[360][2], 101660.0, 101675.0, 101772.5
[361][0], 101762.5, 102090.0, 102240.0
[361][1], 101945.0, 102017.5, 101902.5
[361][2], 101687.5, 101672.5, 101760.0
[362][0], 101622.5, 101870.0, 102055.0
[362][1], 101815.0, 101897.5, 101790.0
[362][2], 101517.5, 101512.5, 101592.5
[363][0], 101337.5, 101575.0, 101802.5
[363][1], 101792.5, 101847.5, 101737.5
[363][2], 101452.5, 101420.0, 101540.0
[364][0], 101532.5, 101742.5, 101922.5
[364][1], 101902.5, 101982.5, 101837.5
[364][2], 101545.0, 101525.0, 101622.5
[365][0], 101600.0, 101870.0, 101997.5
[365][1], 101945.0, 101972.5, 101810.0
[365][2], 101592.5, 101570.0, 101620.0

slp.time[366]
1963536.0, 1963560.0, 1963584.0, 1963608.0, 1963632.0, 1963656.0, 1963680.0, 1963704.0, 1963728.0, 1963752.0, 1963776.0, 1963800.0, 1963824.0, 1963848.0, 1963872.0, 1963896.0, 1963920.0, 1963944.0, 1963968.0, 1963992.0, 1964016.0, 1964040.0, 1964064.0, 1964088.0, 1964112.0, 1964136.0, 1964160.0, 1964184.0, 1964208.0, 1964232.0, 1964256.0, 1964280.0, 1964304.0, 1964328.0, 1964352.0, 1964376.0, 1964400.0, 1964424.0, 1964448.0, 1964472.0, 1964496.0, 1964520.0, 1964544.0, 1964568.0, 1964592.0, 1964616.0, 1964640.0, 1964664.0, 1964688.0, 1964712.0, 1964736.0, 1964760.0, 1964784.0, 1964808.0, 1964832.0, 1964856.0, 1964880.0, 1964904.0, 1964928.0, 1964952.0, 1964976.0, 1965000.0, 1965024.0, 1965048.0, 1965072.0, 1965096.0, 1965120.0, 1965144.0, 1965168.0, 1965192.0, 1965216.0, 1965240.0, 1965264.0, 1965288.0, 1965312.0, 1965336.0, 1965360.0, 1965384.0, 1965408.0, 1965432.0, 1965456.0, 1965480.0, 1965504.0, 1965528.0, 1965552.0, 1965576.0, 1965600.0, 1965624.0, 1965648.0, 1965672.0, 1965696.0, 1965720.0, 1965744.0, 1965768.0, 1965792.0, 1965816.0, 1965840.0, 1965864.0, 1965888.0, 1965912.0, 1965936.0, 1965960.0, 1965984.0, 1966008.0, 1966032.0, 1966056.0, 1966080.0, 1966104.0, 1966128.0, 1966152.0, 1966176.0, 1966200.0, 1966224.0, 1966248.0, 1966272.0, 1966296.0, 1966320.0, 1966344.0, 1966368.0, 1966392.0, 1966416.0, 1966440.0, 1966464.0, 1966488.0, 1966512.0, 1966536.0, 1966560.0, 1966584.0, 1966608.0, 1966632.0, 1966656.0, 1966680.0, 1966704.0, 1966728.0, 1966752.0, 1966776.0, 1966800.0, 1966824.0, 1966848.0, 1966872.0, 1966896.0, 1966920.0, 1966944.0, 1966968.0, 1966992.0, 1967016.0, 1967040.0, 1967064.0, 1967088.0, 1967112.0, 1967136.0, 1967160.0, 1967184.0, 1967208.0, 1967232.0, 1967256.0, 1967280.0, 1967304.0, 1967328.0, 1967352.0, 1967376.0, 1967400.0, 1967424.0, 1967448.0, 1967472.0, 1967496.0, 1967520.0, 1967544.0, 1967568.0, 1967592.0, 1967616.0, 1967640.0, 1967664.0, 1967688.0, 1967712.0, 1967736.0, 1967760.0, 1967784.0, 1967808.0, 1967832.0, 1967856.0, 1967880.0, 1967904.0, 1967928.0, 1967952.0, 1967976.0, 1968000.0, 1968024.0, 1968048.0, 1968072.0, 1968096.0, 1968120.0, 1968144.0, 1968168.0, 1968192.0, 1968216.0, 1968240.0, 1968264.0, 1968288.0, 1968312.0, 1968336.0, 1968360.0, 1968384.0, 1968408.0, 1968432.0, 1968456.0, 1968480.0, 1968504.0, 1968528.0, 1968552.0, 1968576.0, 1968600.0, 1968624.0, 1968648.0, 1968672.0, 1968696.0, 1968720.0, 1968744.0, 1968768.0, 1968792.0, 1968816.0, 1968840.0, 1968864.0, 1968888.0, 1968912.0, 1968936.0, 1968960.0, 1968984.0, 1969008.0, 1969032.0, 1969056.0, 1969080.0, 1969104.0, 1969128.0, 1969152.0, 1969176.0, 1969200.0, 1969224.0, 1969248.0, 1969272.0, 1969296.0, 1969320.0, 1969344.0, 1969368.0, 1969392.0, 1969416.0, 1969440.0, 1969464.0, 1969488.0, 1969512.0, 1969536.0, 1969560.0, 1969584.0, 1969608.0, 1969632.0, 1969656.0, 1969680.0, 1969704.0, 1969728.0, 1969752.0, 1969776.0, 1969800.0, 1969824.0, 1969848.0, 1969872.0, 1969896.0, 1969920.0, 1969944.0, 1969968.0, 1969992.0, 1970016.0, 1970040.0, 1970064.0, 1970088.0, 1970112.0, 1970136.0, 1970160.0, 1970184.0, 1970208.0, 1970232.0, 1970256.0, 1970280.0, 1970304.0, 1970328.0, 1970352.0, 1970376.0, 1970400.0, 1970424.0, 1970448.0, 1970472.0, 1970496.0, 1970520.0, 1970544.0, 1970568.0, 1970592.0, 1970616.0, 1970640.0, 1970664.0, 1970688.0, 1970712.0, 1970736.0, 1970760.0, 1970784.0, 1970808.0, 1970832.0, 1970856.0, 1970880.0, 1970904.0, 1970928.0, 1970952.0, 1970976.0, 1971000.0, 1971024.0, 1971048.0, 1971072.0, 1971096.0, 1971120.0, 1971144.0, 1971168.0, 1971192.0, 1971216.0, 1971240.0, 1971264.0, 1971288.0, 1971312.0, 1971336.0, 1971360.0, 1971384.0, 1971408.0, 1971432.0, 1971456.0, 1971480.0, 1971504.0, 1971528.0, 1971552.0, 1971576.0, 1971600.0, 1971624.0, 1971648.0, 1971672.0, 1971696.0, 1971720.0, 1971744.0, 1971768.0, 1971792.0, 1971816.0, 1971840.0, 1971864.0, 1971888.0, 1971912.0, 1971936.0, 1971960.0, 1971984.0, 1972008.0, 1972032.0, 1972056.0, 1972080.0, 1972104.0, 1972128.0, 1972152.0, 1972176.0, 1972200.0, 1972224.0, 1972248.0, 1972272.0, 1972296.0

slp.lat[3]
27.5, 25.0, 22.5

slp.lon[3]
85.0, 87.5, 90.0


