Dataset {
    Grid {
     ARRAY:
        Float32 slp[time = 365][lat = 3][lon = 3];
     MAPS:
        Float64 time[time = 365];
        Float32 lat[lat = 3];
        Float32 lon[lon = 3];
    } slp;
} Datasets/ncep.reanalysis.dailyavgs/surface/slp.2025.nc;
---------------------------------------------
slp.slp[365][3][3]
[0][0], 101440.0, 101695.0, 101860.0
[0][1], 101775.0, 101782.5, 101625.0
[0][2], 101460.0, 101410.0, 101430.0
[1][0], 101645.0, 101915.0, 101930.0
[1][1], 101737.5, 101762.5, 101640.0
[1][2], 101440.0, 101430.0, 101460.0
[2][0], 101672.5, 101975.0, 102092.5
[2][1], 101702.5, 101725.0, 101660.0
[2][2], 101422.5, 101415.0, 101470.0
[3][0], 101567.5, 101795.0, 101795.0
[3][1], 101625.0, 101605.0, 101552.5
[3][2], 101330.0, 101302.5, 101397.5
[4][0], 101525.0, 101807.5, 101917.5
[4][1], 101647.5, 101705.0, 101647.5
[4][2], 101340.0, 101315.0, 101430.0
[5][0], 101285.0, 101492.5, 101655.0
[5][1], 101495.0, 101580.0, 101535.0
[5][2], 101182.5, 101180.0, 101322.5
[6][0], 101170.0, 101310.0, 101345.0
[6][1], 101597.5, 101572.5, 101435.0
[6][2], 101200.0, 101110.0, 101242.5
[7][0], 101272.5, 101507.5, 101627.5
[7][1], 101700.0, 101747.5, 101650.0
[7][2], 101372.5, 101357.5, 101460.0
[8][0], 101425.0, 101570.0, 101775.0
[8][1], 101955.0, 102020.0, 101900.0
[8][2], 101535.0, 101587.5, 101672.5
[9][0], 101657.5, 101845.0, 102037.5
[9][1], 102015.0, 102085.0, 101997.5
[9][2], 101662.5, 101687.5, 101785.0
[10][0], 101737.5, 101965.0, 102147.5
[10][1], 101972.5, 102092.5, 102005.0
[10][2], 101630.0, 101637.5, 101760.0
[11][0], 101532.5, 101780.0, 101985.0
[11][1], 101857.5, 101977.5, 101885.0
[11][2], 101527.5, 101495.0, 101610.0
[12][0], 101297.5, 101460.0, 101685.0
[12][1], 101792.5, 101837.5, 101705.0
[12][2], 101350.0, 101332.5, 101460.0
[13][0], 101702.5, 101867.5, 102097.5
[13][1], 102032.5, 102092.5, 101950.0
[13][2], 101575.0, 101610.0, 101720.0
[14][0], 101822.5, 101945.0, 102157.5
[14][1], 102042.5, 102045.0, 101920.0
[14][2], 101670.0, 101657.5, 101712.5
[15][0], 101842.5, 101902.5, 102030.0
[15][1], 102007.5, 102007.5, 101862.5
[15][2], 101615.0, 101590.0, 101657.5
[16][0], 101570.0, 101695.0, 101860.0
[16][1], 101872.5, 101877.5, 101742.5
[16][2], 101482.5, 101452.5, 101520.0
[17][0], 101412.5, 101490.0, 101772.5
[17][1], 101755.0, 101762.5, 101652.5
[17][2], 101457.5, 101437.5, 101497.5
[18][0], 101260.0, 101410.0, 101652.5
[18][1], 101575.0, 101582.5, 101477.5
[18][2], 101337.5, 101285.0, 101365.0
[19][0], 101125.0, 101337.5, 101482.5
[19][1], 101400.0, 101407.5, 101327.5
[19][2], 101202.5, 101120.0, 101200.0
[20][0], 101055.0, 101257.5, 101397.5
[20][1], 101305.0, 101325.0, 101245.0
[20][2], 101085.0, 101045.0, 101150.0
[21][0], 101185.0, 101355.0, 101450.0
[21][1], 101367.5, 101432.5, 101385.0
[21][2], 101130.0, 101127.5, 101252.5
[22][0], 101185.0, 101242.5, 101357.5
[22][1], 101420.0, 101470.0, 101392.5
[22][2], 101067.5, 101142.5, 101297.5
[23][0], 100937.5, 101100.0, 101230.0
[23][1], 101417.5, 101482.5, 101412.5
[23][2], 101062.5, 101107.5, 101272.5
[24][0], 101010.0, 101172.5, 101437.5
[24][1], 101525.0, 101627.5, 101555.0
[24][2], 101207.5, 101227.5, 101375.0
[25][0], 101147.5, 101407.5, 101807.5
[25][1], 101465.0, 101540.0, 101447.5
[25][2], 101105.0, 101130.0, 101257.5
[26][0], 100875.0, 101145.0, 101392.5
[26][1], 101217.5, 101337.5, 101277.5
[26][2], 100952.5, 100992.5, 101127.5
[27][0], 101092.5, 101310.0, 101477.5
[27][1], 101400.0, 101532.5, 101492.5
[27][2], 101105.0, 101157.5, 101345.0
[28][0], 101332.5, 101447.5, 101555.0
[28][1], 101545.0, 101650.0, 101622.5
[28][2], 101167.5, 101255.0, 101465.0
[29][0], 100822.5, 100945.0, 101145.0
[29][1], 101160.0, 101230.0, 101232.5
[29][2], 100840.0, 100850.0, 101102.5
[30][0], 100890.0, 101042.5, 101280.0
[30][1], 101220.0, 101290.0, 101262.5
[30][2], 100885.0, 100922.5, 101170.0
[31][0], 101097.5, 101217.5, 101397.5
[31][1], 101337.5, 101420.0, 101352.5
[31][2], 100952.5, 101002.5, 101202.5
[32][0], 100952.5, 101105.0, 101422.5
[32][1], 101325.0, 101362.5, 101315.0
[32][2], 101025.0, 101022.5, 101192.5
[33][0], 101050.0, 101285.0, 101722.5
[33][1], 101402.5, 101452.5, 101417.5
[33][2], 101162.5, 101150.0, 101277.5
[34][0], 101095.0, 101255.0, 101562.5
[34][1], 101312.5, 101365.0, 101335.0
[34][2], 101070.0, 101090.0, 101230.0
[35][0], 100912.5, 101002.5, 101322.5
[35][1], 101210.0, 101240.0, 101210.0
[35][2], 100975.0, 100927.5, 101080.0
[36][0], 100972.5, 101080.0, 101325.0
[36][1], 101515.0, 101462.5, 101340.0
[36][2], 101217.5, 101065.0, 101162.5
[37][0], 100987.5, 101202.5, 101505.0
[37][1], 101562.5, 101620.0, 101567.5
[37][2], 101370.0, 101252.5, 101377.5
[38][0], 101187.5, 101395.0, 101637.5
[38][1], 101585.0, 101652.5, 101580.0
[38][2], 101360.0, 101295.0, 101395.0
[39][0], 101072.5, 101265.0, 101432.5
[39][1], 101472.5, 101522.5, 101455.0
[39][2], 101232.5, 101197.5, 101322.5
[40][0], 101050.0, 101232.5, 101420.0
[40][1], 101440.0, 101522.5, 101460.0
[40][2], 101122.5, 101160.0, 101332.5
[41][0], 100870.0, 101145.0, 101485.0
[41][1], 101337.5, 101437.5, 101397.5
[41][2], 101012.5, 101022.5, 101237.5
[42][0], 100830.0, 101055.0, 101315.0
[42][1], 101320.0, 101440.0, 101407.5
[42][2], 100937.5, 100985.0, 101240.0
[43][0], 100762.5, 101030.0, 101332.5
[43][1], 101355.0, 101425.0, 101340.0
[43][2], 100997.5, 100932.5, 101117.5
[44][0], 100785.0, 101225.0, 101642.5
[44][1], 101290.0, 101435.0, 101385.0
[44][2], 101055.0, 101037.5, 101185.0
[45][0], 100900.0, 101120.0, 101552.5
[45][1], 101277.5, 101395.0, 101347.5
[45][2], 100972.5, 100990.0, 101167.5
[46][0], 101097.5, 101355.0, 101580.0
[46][1], 101295.0, 101442.5, 101430.0
[46][2], 100942.5, 101002.5, 101227.5
[47][0], 101302.5, 101595.0, 101895.0
[47][1], 101527.5, 101630.0, 101587.5
[47][2], 101045.0, 101110.0, 101365.0
[48][0], 101085.0, 101357.5, 101700.0
[48][1], 101480.0, 101562.5, 101477.5
[48][2], 101005.0, 101077.5, 101307.5
[49][0], 101085.0, 101337.5, 101622.5
[49][1], 101362.5, 101537.5, 101487.5
[49][2], 100902.5, 101040.0, 101275.0
[50][0], 101360.0, 101562.5, 101920.0
[50][1], 101545.0, 101712.5, 101647.5
[50][2], 101082.5, 101217.5, 101422.5
[51][0], 101220.0, 101537.5, 101885.0
[51][1], 101550.0, 101695.0, 101637.5
[51][2], 101142.5, 101205.0, 101405.0
[52][0], 101237.5, 101600.0, 102015.0
[52][1], 101572.5, 101732.5, 101710.0
[52][2], 101162.5, 101237.5, 101477.5
[53][0], 101465.0, 101635.0, 101897.5
[53][1], 101827.5, 101910.0, 101830.0
[53][2], 101375.0, 101352.5, 101517.5
[54][0], 101500.0, 101757.5, 102172.5
[54][1], 101892.5, 102012.5, 101935.0
[54][2], 101447.5, 101457.5, 101625.0
[55][0], 101760.0, 102172.5, 102542.5
[55][1], 101980.0, 102125.0, 102045.0
[55][2], 101582.5, 101605.0, 101762.5
[56][0], 101790.0, 102197.5, 102467.5
[56][1], 101935.0, 102017.5, 101892.5
[56][2], 101535.0, 101560.0, 101680.0
[57][0], 101452.5, 101760.0, 102070.0
[57][1], 101612.5, 101685.0, 101605.0
[57][2], 101265.0, 101300.0, 101472.5
[58][0], 101210.0, 101450.0, 101690.0
[58][1], 101412.5, 101525.0, 101465.0
[58][2], 101125.0, 101175.0, 101360.0
[59][0], 100995.0, 101145.0, 101325.0
[59][1], 101145.0, 101247.5, 101195.0
[59][2], 100832.5, 100857.5, 101095.0
[60][0], 100615.0, 100867.5, 101130.0
[60][1], 100987.5, 101027.5, 100960.0
[60][2], 100720.0, 100652.5, 100887.5
[61][0], 100750.0, 101060.0, 101375.0
[61][1], 101102.5, 101182.5, 101137.5
[61][2], 100842.5, 100792.5, 100965.0
[62][0], 100717.5, 100917.5, 101300.0
[62][1], 101035.0, 101110.0, 101092.5
[62][2], 100850.0, 100820.0, 101000.0
[63][0], 100547.5, 100857.5, 101227.5
[63][1], 101105.0, 101155.0, 101107.5
[63][2], 100907.5, 100757.5, 100917.5
[64][0], 100915.0, 101440.0, 101807.5
[64][1], 101235.0, 101360.0, 101270.0
[64][2], 101050.0, 100987.5, 101092.5
[65][0], 100725.0, 101057.5, 101367.5
[65][1], 100990.0, 101105.0, 101080.0
[65][2], 100765.0, 100770.0, 100937.5
[66][0], 100667.5, 101000.0, 101357.5
[66][1], 100972.5, 101115.0, 101127.5
[66][2], 100715.0, 100722.5, 100947.5
[67][0], 101340.0, 101682.5, 101967.5
[67][1], 101405.0, 101547.5, 101522.5
[67][2], 101097.5, 101135.0, 101320.0
[68][0], 101567.5, 101925.0, 102155.0
[68][1], 101562.5, 101712.5, 101650.0
[68][2], 101275.0, 101277.5, 101432.5
[69][0], 101140.0, 101540.0, 101852.5
[69][1], 101257.5, 101397.5, 101372.5
[69][2], 101047.5, 101027.5, 101222.5
[70][0], 100577.5, 100962.5, 101400.0
[70][1], 100792.5, 100930.0, 100977.5
[70][2], 100667.5, 100632.5, 100885.0
[71][0], 100635.0, 100900.0, 101215.0
[71][1], 100777.5, 100875.0, 100852.5
[71][2], 100520.0, 100477.5, 100727.5
[72][0], 100820.0, 101135.0, 101440.0
[72][1], 100917.5, 101060.0, 101017.5
[72][2], 100617.5, 100605.0, 100885.0
[73][0], 101010.0, 101340.0, 101657.5
[73][1], 100992.5, 101157.5, 101155.0
[73][2], 100737.5, 100742.5, 101050.0
[74][0], 100920.0, 101160.0, 101405.0
[74][1], 100917.5, 101057.5, 101047.5
[74][2], 100652.5, 100652.5, 100947.5
[75][0], 100722.5, 100955.0, 101182.5
[75][1], 100995.0, 101090.0, 101040.0
[75][2], 100660.0, 100650.0, 100930.0
[76][0], 100787.5, 101112.5, 101400.0
[76][1], 101157.5, 101232.5, 101180.0
[76][2], 100900.0, 100800.0, 101030.0
[77][0], 101175.0, 101542.5, 101937.5
[77][1], 101400.0, 101542.5, 101522.5
[77][2], 101045.0, 101075.0, 101320.0
[78][0], 101262.5, 101607.5, 101890.0
[78][1], 101467.5, 101615.0, 101595.0
[78][2], 101132.5, 101182.5, 101450.0
[79][0], 101127.5, 101477.5, 101750.0
[79][1], 101435.0, 101685.0, 101675.0
[79][2], 101190.0, 101310.0, 101520.0
[80][0], 101152.5, 101537.5, 101860.0
[80][1], 101475.0, 101730.0, 101760.0
[80][2], 101205.0, 101300.0, 101522.5
[81][0], 101342.5, 101725.0, 102095.0
[81][1], 101602.5, 101792.5, 101722.5
[81][2], 101275.0, 101302.5, 101457.5
[82][0], 101260.0, 101695.0, 102167.5
[82][1], 101372.5, 101530.0, 101482.5
[82][2], 101122.5, 101152.5, 101292.5
[83][0], 100927.5, 101372.5, 101682.5
[83][1], 100927.5, 101042.5, 100985.0
[83][2], 100730.0, 100717.5, 100852.5
[84][0], 100722.5, 101142.5, 101380.0
[84][1], 100670.0, 100820.0, 100820.0
[84][2], 100452.5, 100450.0, 100667.5
[85][0], 100547.5, 100995.0, 101230.0
[85][1], 100495.0, 100615.0, 100607.5
[85][2], 100345.0, 100280.0, 100477.5
[86][0], 100505.0, 100817.5, 101110.0
[86][1], 100515.0, 100530.0, 100525.0
[86][2], 100317.5, 100222.5, 100447.5
[87][0], 100560.0, 100837.5, 101165.0
[87][1], 100682.5, 100730.0, 100722.5
[87][2], 100487.5, 100420.0, 100622.5
[88][0], 100862.5, 101207.5, 101477.5
[88][1], 100897.5, 101037.5, 101062.5
[88][2], 100682.5, 100695.0, 100927.5
[89][0], 100857.5, 101237.5, 101555.0
[89][1], 100852.5, 101022.5, 101062.5
[89][2], 100617.5, 100642.5, 100897.5
[90][0], 100865.0, 101227.5, 101500.0
[90][1], 100852.5, 101017.5, 101055.0
[90][2], 100622.5, 100640.0, 100905.0
[91][0], 101027.5, 101377.5, 101682.5
[91][1], 101000.0, 101162.5, 101177.5
[91][2], 100757.5, 100797.5, 101027.5
[92][0], 101110.0, 101457.5, 101732.5
[92][1], 101097.5, 101252.5, 101247.5
[92][2], 100915.0, 100892.5, 101097.5
[93][0], 100875.0, 101207.5, 101432.5
[93][1], 100997.5, 101155.0, 101130.0
[93][2], 100830.0, 100772.5, 100982.5
[94][0], 100797.5, 101230.0, 101407.5
[94][1], 100815.0, 100992.5, 100995.0
[94][2], 100625.0, 100580.0, 100807.5
[95][0], 100887.5, 101342.5, 101542.5
[95][1], 100747.5, 100980.0, 101017.5
[95][2], 100517.5, 100562.5, 100837.5
[96][0], 101117.5, 101510.0, 101815.0
[96][1], 100937.5, 101237.5, 101287.5
[96][2], 100710.0, 100847.5, 101102.5
[97][0], 101252.5, 101670.0, 102032.5
[97][1], 101135.0, 101452.5, 101492.5
[97][2], 100967.5, 101100.0, 101322.5
[98][0], 101047.5, 101452.5, 101827.5
[98][1], 100895.0, 101190.0, 101227.5
[98][2], 100740.0, 100847.5, 101080.0
[99][0], 100780.0, 101165.0, 101432.5
[99][1], 100667.5, 100875.0, 100890.0
[99][2], 100420.0, 100487.5, 100712.5
[100][0], 100660.0, 100972.5, 101287.5
[100][1], 100570.0, 100735.0, 100745.0
[100][2], 100335.0, 100335.0, 100527.5
[101][0], 100895.0, 101272.5, 101525.0
[101][1], 100710.0, 100887.5, 100880.0
[101][2], 100432.5, 100487.5, 100697.5
[102][0], 101000.0, 101410.0, 101787.5
[102][1], 100930.0, 101125.0, 101110.0
[102][2], 100617.5, 100665.0, 100832.5
[103][0], 100970.0, 101362.5, 101675.0
[103][1], 100935.0, 101147.5, 101135.0
[103][2], 100677.5, 100732.5, 100912.5
[104][0], 101167.5, 101647.5, 101940.0
[104][1], 100995.0, 101232.5, 101197.5
[104][2], 100745.0, 100805.0, 100977.5
[105][0], 101005.0, 101447.5, 101675.0
[105][1], 100810.0, 101022.5, 101037.5
[105][2], 100635.0, 100687.5, 100920.0
[106][0], 100842.5, 101412.5, 101617.5
[106][1], 100640.0, 100920.0, 100972.5
[106][2], 100405.0, 100530.0, 100795.0
[107][0], 100952.5, 101525.0, 101722.5
[107][1], 100645.0, 100907.5, 100947.5
[107][2], 100382.5, 100512.5, 100732.5
[108][0], 100925.0, 101455.0, 101650.0
[108][1], 100690.0, 100787.5, 100800.0
[108][2], 100377.5, 100407.5, 100625.0
[109][0], 100812.5, 101285.0, 101562.5
[109][1], 100567.5, 100730.0, 100777.5
[109][2], 100342.5, 100395.0, 100660.0
[110][0], 100940.0, 101475.0, 101715.0
[110][1], 100622.5, 100852.5, 100955.0
[110][2], 100435.0, 100497.5, 100845.0
[111][0], 100665.0, 101190.0, 101567.5
[111][1], 100577.5, 100757.5, 100850.0
[111][2], 100432.5, 100450.0, 100775.0
[112][0], 100352.5, 100812.5, 101107.5
[112][1], 100385.0, 100487.5, 100520.0
[112][2], 100295.0, 100232.5, 100505.0
[113][0], 100467.5, 100935.0, 101175.0
[113][1], 100495.0, 100617.5, 100637.5
[113][2], 100310.0, 100265.0, 100555.0
[114][0], 100497.5, 100920.0, 101180.0
[114][1], 100492.5, 100655.0, 100677.5
[114][2], 100360.0, 100332.5, 100602.5
[115][0], 100592.5, 101077.5, 101337.5
[115][1], 100500.0, 100767.5, 100817.5
[115][2], 100422.5, 100440.0, 100732.5
[116][0], 100810.0, 101287.5, 101585.0
[116][1], 100857.5, 101067.5, 101050.0
[116][2], 100677.5, 100617.5, 100837.5
[117][0], 100877.5, 101257.5, 101490.0
[117][1], 100962.5, 101127.5, 101047.5
[117][2], 100637.5, 100632.5, 100802.5
[118][0], 100935.0, 101342.5, 101562.5
[118][1], 100927.5, 101150.0, 101095.0
[118][2], 100607.5, 100672.5, 100820.0
[119][0], 101117.5, 101637.5, 101807.5
[119][1], 100990.0, 101177.5, 101140.0
[119][2], 100745.0, 100762.5, 100910.0
[120][0], 101250.0, 101667.5, 101845.0
[120][1], 101097.5, 101297.5, 101225.0
[120][2], 100885.0, 100885.0, 101002.5
[121][0], 101015.0, 101500.0, 101790.0
[121][1], 100977.5, 101122.5, 101045.0
[121][2], 100785.0, 100742.5, 100855.0
[122][0], 100760.0, 101242.5, 101525.0
[122][1], 100682.5, 100897.5, 100870.0
[122][2], 100532.5, 100525.0, 100712.5
[123][0], 100782.5, 101195.0, 101525.0
[123][1], 100687.5, 100877.5, 100840.0
[123][2], 100530.0, 100485.0, 100622.5
[124][0], 100807.5, 101227.5, 101532.5
[124][1], 100710.0, 100885.0, 100860.0
[124][2], 100515.0, 100512.5, 100652.5
[125][0], 100910.0, 101260.0, 101515.0
[125][1], 100900.0, 100982.5, 100882.5
[125][2], 100585.0, 100552.5, 100685.0
[126][0], 100752.5, 101007.5, 101167.5
[126][1], 100702.5, 100802.5, 100720.0
[126][2], 100452.5, 100425.0, 100560.0
[127][0], 100935.0, 101392.5, 101647.5
[127][1], 100740.0, 100822.5, 100730.0
[127][2], 100512.5, 100455.0, 100612.5
[128][0], 100957.5, 101430.0, 101660.0
[128][1], 100802.5, 100837.5, 100760.0
[128][2], 100595.0, 100487.5, 100612.5
[129][0], 100850.0, 101405.0, 101705.0
[129][1], 100702.5, 100762.5, 100690.0
[129][2], 100552.5, 100432.5, 100565.0
[130][0], 100660.0, 101227.5, 101467.5
[130][1], 100552.5, 100630.0, 100577.5
[130][2], 100372.5, 100265.0, 100415.0
[131][0], 100467.5, 100927.5, 101167.5
[131][1], 100397.5, 100552.5, 100555.0
[131][2], 100207.5, 100157.5, 100337.5
[132][0], 100510.0, 100972.5, 101142.5
[132][1], 100422.5, 100567.5, 100540.0
[132][2], 100215.0, 100210.0, 100415.0
[133][0], 100545.0, 101087.5, 101295.0
[133][1], 100512.5, 100690.0, 100682.5
[133][2], 100315.0, 100305.0, 100515.0
[134][0], 100580.0, 101055.0, 101347.5
[134][1], 100565.0, 100770.0, 100782.5
[134][2], 100382.5, 100367.5, 100570.0
[135][0], 100562.5, 100982.5, 101207.5
[135][1], 100472.5, 100705.0, 100722.5
[135][2], 100325.0, 100325.0, 100542.5
[136][0], 100627.5, 101060.0, 101230.0
[136][1], 100575.0, 100797.5, 100797.5
[136][2], 100395.0, 100412.5, 100627.5
[137][0], 100775.0, 101170.0, 101345.0
[137][1], 100692.5, 100882.5, 100885.0
[137][2], 100445.0, 100465.0, 100682.5
[138][0], 100830.0, 101327.5, 101472.5
[138][1], 100632.5, 100822.5, 100790.0
[138][2], 100387.5, 100412.5, 100610.0
[139][0], 100572.5, 101105.0, 101285.0
[139][1], 100410.0, 100610.0, 100602.5
[139][2], 100230.0, 100247.5, 100477.5
[140][0], 100762.5, 101262.5, 101420.0
[140][1], 100600.0, 100795.0, 100765.0
[140][2], 100390.0, 100385.0, 100590.0
[141][0], 100680.0, 101140.0, 101360.0
[141][1], 100580.0, 100737.5, 100672.5
[141][2], 100322.5, 100292.5, 100440.0
[142][0], 100632.5, 101132.5, 101262.5
[142][1], 100417.5, 100570.0, 100497.5
[142][2], 100217.5, 100135.0, 100267.5
[143][0], 100717.5, 101250.0, 101535.0
[143][1], 100437.5, 100560.0, 100495.0
[143][2], 100230.0, 100157.5, 100300.0
[144][0], 100767.5, 101307.5, 101522.5
[144][1], 100467.5, 100630.0, 100595.0
[144][2], 100262.5, 100215.0, 100360.0
[145][0], 100622.5, 101165.0, 101342.5
[145][1], 100315.0, 100510.0, 100452.5
[145][2], 100110.0, 100077.5, 100210.0
[146][0], 100332.5, 100805.0, 101000.0
[146][1], 100042.5, 100177.5, 100137.5
[146][2], 99900.0, 99800.0, 99860.0
[147][0], 100207.5, 100690.0, 100852.5
[147][1], 99880.0, 99965.0, 99955.0
[147][2], 99720.0, 99532.5, 99570.0
[148][0], 99935.0, 100332.5, 100472.5
[148][1], 99707.5, 99645.0, 99590.0
[148][2], 99540.0, 99170.0, 99092.5
[149][0], 99967.5, 100257.5, 100127.5
[149][1], 99767.5, 99720.0, 99562.5
[149][2], 99767.5, 99625.0, 99647.5
[150][0], 100075.0, 100412.5, 100462.5
[150][1], 99985.0, 100095.0, 100102.5
[150][2], 99990.0, 99852.5, 100035.0
[151][0], 99980.0, 100320.0, 100382.5
[151][1], 99980.0, 100085.0, 100085.0
[151][2], 99935.0, 99815.0, 99985.0
[152][0], 100077.5, 100445.0, 100520.0
[152][1], 100090.0, 100177.5, 100157.5
[152][2], 99992.5, 99860.0, 100015.0
[153][0], 100295.0, 100662.5, 100747.5
[153][1], 100277.5, 100402.5, 100397.5
[153][2], 100110.0, 100032.5, 100240.0
[154][0], 100642.5, 101050.0, 101182.5
[154][1], 100637.5, 100752.5, 100682.5
[154][2], 100350.0, 100277.5, 100450.0
[155][0], 100822.5, 101182.5, 101347.5
[155][1], 100787.5, 100885.0, 100810.0
[155][2], 100495.0, 100462.5, 100602.5
[156][0], 100817.5, 101237.5, 101380.0
[156][1], 100820.0, 100875.0, 100760.0
[156][2], 100565.0, 100495.0, 100582.5
[157][0], 100807.5, 101352.5, 101497.5
[157][1], 100662.5, 100767.5, 100692.5
[157][2], 100462.5, 100400.0, 100495.0
[158][0], 100702.5, 101235.0, 101435.0
[158][1], 100477.5, 100580.0, 100525.0
[158][2], 100275.0, 100237.5, 100350.0
[159][0], 100487.5, 100977.5, 101320.0
[159][1], 100275.0, 100395.0, 100352.5
[159][2], 100112.5, 100077.5, 100192.5
[160][0], 100490.0, 100982.5, 101092.5
[160][1], 100197.5, 100347.5, 100330.0
[160][2], 100062.5, 100042.5, 100167.5
[161][0], 100567.5, 101000.0, 100992.5
[161][1], 100295.0, 100435.0, 100387.5
[161][2], 100152.5, 100092.5, 100212.5
[162][0], 100507.5, 100900.0, 100960.0
[162][1], 100337.5, 100502.5, 100432.5
[162][2], 100202.5, 100157.5, 100242.5
[163][0], 100522.5, 100827.5, 100865.0
[163][1], 100322.5, 100455.0, 100390.0
[163][2], 100200.0, 100132.5, 100247.5
[164][0], 100285.0, 100655.0, 100732.5
[164][1], 100082.5, 100280.0, 100290.0
[164][2], 100022.5, 99982.5, 100142.5
[165][0], 100200.0, 100652.5, 100790.0
[165][1], 100027.5, 100250.0, 100265.0
[165][2], 99935.0, 99907.5, 100070.0
[166][0], 100265.0, 100652.5, 100762.5
[166][1], 100060.0, 100192.5, 100192.5
[166][2], 99935.0, 99807.5, 99905.0
[167][0], 100235.0, 100485.0, 100580.0
[167][1], 100022.5, 100012.5, 100042.5
[167][2], 99922.5, 99692.5, 99822.5
[168][0], 100047.5, 100255.0, 100355.0
[168][1], 99867.5, 99777.5, 99865.0
[168][2], 99852.5, 99575.0, 99765.0
[169][0], 100030.0, 100310.0, 100425.0
[169][1], 99867.5, 99927.5, 100090.0
[169][2], 99912.5, 99752.5, 100000.0
[170][0], 100185.0, 100467.5, 100567.5
[170][1], 100055.0, 100160.0, 100257.5
[170][2], 100037.5, 99930.0, 100127.5
[171][0], 100235.0, 100522.5, 100607.5
[171][1], 100065.0, 100222.5, 100255.0
[171][2], 100062.5, 99980.0, 100137.5
[172][0], 100160.0, 100415.0, 100537.5
[172][1], 100045.0, 100195.0, 100195.0
[172][2], 100007.5, 99927.5, 100045.0
[173][0], 99980.0, 100285.0, 100380.0
[173][1], 99947.5, 100060.0, 100077.5
[173][2], 99830.0, 99725.0, 99880.0
[174][0], 99992.5, 100282.5, 100375.0
[174][1], 99907.5, 100030.0, 100062.5
[174][2], 99772.5, 99667.5, 99790.0
[175][0], 100322.5, 100635.0, 100772.5
[175][1], 100117.5, 100267.5, 100295.0
[175][2], 99892.5, 99802.5, 99975.0
[176][0], 100447.5, 100842.5, 100935.0
[176][1], 100175.0, 100400.0, 100472.5
[176][2], 99952.5, 99907.5, 100172.5
[177][0], 100270.0, 100645.0, 100732.5
[177][1], 100077.5, 100285.0, 100352.5
[177][2], 100047.5, 99957.5, 100132.5
[178][0], 100065.0, 100387.5, 100500.0
[178][1], 99950.0, 100020.0, 100047.5
[178][2], 99912.5, 99722.5, 99832.5
[179][0], 99880.0, 100195.0, 100352.5
[179][1], 99842.5, 99865.0, 99850.0
[179][2], 99782.5, 99515.0, 99572.5
[180][0], 99965.0, 100335.0, 100522.5
[180][1], 99797.5, 99890.0, 99962.5
[180][2], 99700.0, 99542.5, 99660.0
[181][0], 100067.5, 100457.5, 100632.5
[181][1], 99875.0, 100047.5, 100112.5
[181][2], 99732.5, 99697.5, 99860.0
[182][0], 100145.0, 100547.5, 100680.0
[182][1], 99950.0, 100135.0, 100195.0
[182][2], 99845.0, 99777.5, 99922.5
[183][0], 100200.0, 100665.0, 100772.5
[183][1], 100002.5, 100205.0, 100270.0
[183][2], 99920.0, 99862.5, 100017.5
[184][0], 100185.0, 100562.5, 100642.5
[184][1], 99995.0, 100162.5, 100197.5
[184][2], 99957.5, 99857.5, 99992.5
[185][0], 100045.0, 100447.5, 100572.5
[185][1], 99852.5, 100012.5, 100062.5
[185][2], 99842.5, 99707.5, 99835.0
[186][0], 100172.5, 100687.5, 100635.0
[186][1], 99792.5, 99952.5, 99997.5
[186][2], 99675.0, 99575.0, 99720.0
[187][0], 100037.5, 100352.5, 100550.0
[187][1], 99880.0, 99960.0, 99965.0
[187][2], 99680.0, 99572.5, 99675.0
[188][0], 100055.0, 100435.0, 100687.5
[188][1], 99920.0, 99977.5, 100042.5
[188][2], 99797.5, 99637.5, 99795.0
[189][0], 100265.0, 100660.0, 100845.0
[189][1], 100072.5, 100155.0, 100280.0
[189][2], 99900.0, 99790.0, 100060.0
[190][0], 100360.0, 100695.0, 100870.0
[190][1], 100195.0, 100302.5, 100382.5
[190][2], 99970.0, 99917.5, 100170.0
[191][0], 100315.0, 100712.5, 100977.5
[191][1], 100167.5, 100292.5, 100300.0
[191][2], 100020.0, 99952.5, 100092.5
[192][0], 100385.0, 100860.0, 101130.0
[192][1], 100175.0, 100305.0, 100292.5
[192][2], 100095.0, 99987.5, 100087.5
[193][0], 100490.0, 100937.5, 101140.0
[193][1], 100212.5, 100282.5, 100257.5
[193][2], 100157.5, 100000.0, 100080.0
[194][0], 100452.5, 100855.0, 100980.0
[194][1], 100180.0, 100217.5, 100277.5
[194][2], 100097.5, 99877.5, 100005.0
[195][0], 100227.5, 100700.0, 100945.0
[195][1], 100005.0, 100167.5, 100360.0
[195][2], 100027.5, 99947.5, 100205.0
[196][0], 100327.5, 100815.0, 101067.5
[196][1], 100130.0, 100432.5, 100517.5
[196][2], 100165.0, 100170.0, 100375.0
[197][0], 100605.0, 100945.0, 101150.0
[197][1], 100460.0, 100650.0, 100597.5
[197][2], 100390.0, 100332.5, 100480.0
[198][0], 100505.0, 100757.5, 100967.5
[198][1], 100407.5, 100445.0, 100395.0
[198][2], 100307.5, 100205.0, 100322.5
[199][0], 100005.0, 100375.0, 100670.0
[199][1], 100020.0, 100087.5, 100087.5
[199][2], 100017.5, 99890.0, 99997.5
[200][0], 100187.5, 100542.5, 100687.5
[200][1], 100152.5, 100190.0, 100145.0
[200][2], 100062.5, 99932.5, 100020.0
[201][0], 100310.0, 100680.0, 100732.5
[201][1], 100187.5, 100262.5, 100210.0
[201][2], 100102.5, 99995.0, 100065.0
[202][0], 100050.0, 100425.0, 100555.0
[202][1], 99972.5, 100057.5, 100047.5
[202][2], 99972.5, 99845.0, 99917.5
[203][0], 99842.5, 100270.0, 100345.0
[203][1], 99707.5, 99770.0, 99730.0
[203][2], 99700.0, 99557.5, 99577.5
[204][0], 99900.0, 100322.5, 100282.5
[204][1], 99507.5, 99575.0, 99570.0
[204][2], 99500.0, 99327.5, 99322.5
[205][0], 99907.5, 100360.0, 100405.0
[205][1], 99492.5, 99535.0, 99665.0
[205][2], 99357.5, 99130.0, 99287.5
[206][0], 99967.5, 100395.0, 100512.5
[206][1], 99647.5, 99927.5, 100040.0
[206][2], 99562.5, 99620.0, 99855.0
[207][0], 99917.5, 100257.5, 100422.5
[207][1], 99807.5, 99932.5, 99972.5
[207][2], 99870.0, 99762.5, 99882.5
[208][0], 99995.0, 100355.0, 100582.5
[208][1], 99885.0, 99977.5, 100037.5
[208][2], 99935.0, 99802.5, 99907.5
[209][0], 100065.0, 100415.0, 100592.5
[209][1], 99872.5, 99997.5, 100095.0
[209][2], 99872.5, 99787.5, 99942.5
[210][0], 100205.0, 100585.0, 100660.0
[210][1], 100035.0, 100152.5, 100230.0
[210][2], 100015.0, 99885.0, 100045.0
[211][0], 100302.5, 100675.0, 100662.5
[211][1], 100147.5, 100195.0, 100167.5
[211][2], 100140.0, 99965.0, 100065.0
[212][0], 100255.0, 100605.0, 100625.0
[212][1], 100155.0, 100187.5, 100182.5
[212][2], 100197.5, 100020.0, 100135.0
[213][0], 100187.5, 100505.0, 100665.0
[213][1], 100175.0, 100272.5, 100337.5
[213][2], 100235.0, 100102.5, 100272.5
[214][0], 100430.0, 100807.5, 100917.5
[214][1], 100415.0, 100567.5, 100622.5
[214][2], 100445.0, 100367.5, 100570.0
[215][0], 100565.0, 100952.5, 100965.0
[215][1], 100670.0, 100720.0, 100652.5
[215][2], 100620.0, 100485.0, 100625.0
[216][0], 100567.5, 100910.0, 100935.0
[216][1], 100705.0, 100745.0, 100655.0
[216][2], 100602.5, 100492.5, 100620.0
[217][0], 100437.5, 100737.5, 100795.0
[217][1], 100500.0, 100527.5, 100450.0
[217][2], 100497.5, 100375.0, 100462.5
[218][0], 100305.0, 100667.5, 100767.5
[218][1], 100400.0, 100475.0, 100427.5
[218][2], 100435.0, 100297.5, 100392.5
[219][0], 100575.0, 100970.0, 101060.0
[219][1], 100612.5, 100760.0, 100760.0
[219][2], 100650.0, 100572.5, 100737.5
[220][0], 100680.0, 101022.5, 101060.0
[220][1], 100712.5, 100815.0, 100810.0
[220][2], 100700.0, 100607.5, 100777.5
[221][0], 100560.0, 100872.5, 100917.5
[221][1], 100575.0, 100680.0, 100670.0
[221][2], 100535.0, 100452.5, 100620.0
[222][0], 100422.5, 100762.5, 100840.0
[222][1], 100437.5, 100537.5, 100512.5
[222][2], 100400.0, 100282.5, 100412.5
[223][0], 100247.5, 100557.5, 100697.5
[223][1], 100260.0, 100360.0, 100370.0
[223][2], 100235.0, 100127.5, 100255.0
[224][0], 100540.0, 100965.0, 101067.5
[224][1], 100485.0, 100662.5, 100645.0
[224][2], 100290.0, 100272.5, 100442.5
[225][0], 100722.5, 101102.5, 101177.5
[225][1], 100630.0, 100705.0, 100657.5
[225][2], 100357.5, 100285.0, 100447.5
[226][0], 100497.5, 100862.5, 100940.0
[226][1], 100382.5, 100485.0, 100417.5
[226][2], 100165.0, 100135.0, 100282.5
[227][0], 100407.5, 100797.5, 100830.0
[227][1], 100250.0, 100362.5, 100300.0
[227][2], 100132.5, 100070.0, 100157.5
[228][0], 100612.5, 101152.5, 101232.5
[228][1], 100402.5, 100520.0, 100475.0
[228][2], 100240.0, 100180.0, 100307.5
[229][0], 100762.5, 101277.5, 101237.5
[229][1], 100487.5, 100647.5, 100630.0
[229][2], 100197.5, 100197.5, 100412.5
[230][0], 100582.5, 101055.0, 101147.5
[230][1], 100367.5, 100592.5, 100667.5
[230][2], 100087.5, 100130.0, 100420.0
[231][0], 100577.5, 101052.5, 101132.5
[231][1], 100407.5, 100612.5, 100647.5
[231][2], 100242.5, 100227.5, 100435.0
[232][0], 100432.5, 100850.0, 100952.5
[232][1], 100350.0, 100497.5, 100512.5
[232][2], 100337.5, 100240.0, 100395.0
[233][0], 100230.0, 100615.0, 100747.5
[233][1], 100185.0, 100247.5, 100275.0
[233][2], 100160.0, 99967.5, 100115.0
[234][0], 100237.5, 100667.5, 100827.5
[234][1], 100040.0, 100175.0, 100287.5
[234][2], 100070.0, 99937.5, 100127.5
[235][0], 100487.5, 101012.5, 101082.5
[235][1], 100245.0, 100482.5, 100530.0
[235][2], 100235.0, 100205.0, 100402.5
[236][0], 100680.0, 101080.0, 101067.5
[236][1], 100460.0, 100610.0, 100557.5
[236][2], 100327.5, 100247.5, 100382.5
[237][0], 100662.5, 101020.0, 101030.0
[237][1], 100562.5, 100632.5, 100545.0
[237][2], 100380.0, 100277.5, 100405.0
[238][0], 100535.0, 100875.0, 100947.5
[238][1], 100457.5, 100580.0, 100565.0
[238][2], 100242.5, 100175.0, 100360.0
[239][0], 100480.0, 100865.0, 100995.0
[239][1], 100412.5, 100600.0, 100635.0
[239][2], 100202.5, 100220.0, 100475.0
[240][0], 100647.5, 101112.5, 101250.0
[240][1], 100597.5, 100802.5, 100795.0
[240][2], 100452.5, 100455.0, 100637.5
[241][0], 100740.0, 101217.5, 101495.0
[241][1], 100697.5, 100855.0, 100835.0
[241][2], 100585.0, 100520.0, 100657.5
[242][0], 100592.5, 101152.5, 101580.0
[242][1], 100535.0, 100650.0, 100565.0
[242][2], 100402.5, 100315.0, 100412.5
[243][0], 100472.5, 101085.0, 101360.0
[243][1], 100250.0, 100297.5, 100220.0
[243][2], 100147.5, 100007.5, 100025.0
[244][0], 100777.5, 101357.5, 101297.5
[244][1], 100390.0, 100470.0, 100432.5
[244][2], 100145.0, 100052.5, 100210.0
[245][0], 100797.5, 101412.5, 101440.0
[245][1], 100437.5, 100595.0, 100592.5
[245][2], 100142.5, 100135.0, 100357.5
[246][0], 100880.0, 101302.5, 101280.0
[246][1], 100517.5, 100742.5, 100725.0
[246][2], 100335.0, 100337.5, 100512.5
[247][0], 100840.0, 101215.0, 101415.0
[247][1], 100687.5, 100795.0, 100767.5
[247][2], 100557.5, 100482.5, 100612.5
[248][0], 100827.5, 101265.0, 101512.5
[248][1], 100732.5, 100870.0, 100835.0
[248][2], 100637.5, 100560.0, 100675.0
[249][0], 100672.5, 101022.5, 101232.5
[249][1], 100650.0, 100770.0, 100735.0
[249][2], 100552.5, 100480.0, 100610.0
[250][0], 100687.5, 101022.5, 101130.0
[250][1], 100672.5, 100767.5, 100705.0
[250][2], 100577.5, 100497.5, 100615.0
[251][0], 100700.0, 101042.5, 101185.0
[251][1], 100735.0, 100800.0, 100740.0
[251][2], 100652.5, 100532.5, 100640.0
[252][0], 100505.0, 100880.0, 101140.0
[252][1], 100590.0, 100682.5, 100662.5
[252][2], 100560.0, 100445.0, 100565.0
[253][0], 100577.5, 100977.5, 101267.5
[253][1], 100655.0, 100727.5, 100687.5
[253][2], 100570.0, 100450.0, 100575.0
[254][0], 100730.0, 101162.5, 101542.5
[254][1], 100760.0, 100862.5, 100810.0
[254][2], 100667.5, 100572.5, 100707.5
[255][0], 100827.5, 101302.5, 101642.5
[255][1], 100812.5, 100937.5, 100915.0
[255][2], 100727.5, 100657.5, 100792.5
[256][0], 100732.5, 101197.5, 101555.0
[256][1], 100770.0, 100922.5, 100900.0
[256][2], 100695.0, 100645.0, 100800.0
[257][0], 100675.0, 101247.5, 101622.5
[257][1], 100687.5, 100840.0, 100835.0
[257][2], 100585.0, 100537.5, 100725.0
[258][0], 100872.5, 101372.5, 101495.0
[258][1], 100655.0, 100825.0, 100865.0
[258][2], 100590.0, 100567.5, 100777.5
[259][0], 100817.5, 101135.0, 101220.0
[259][1], 100705.0, 100862.5, 100860.0
[259][2], 100632.5, 100582.5, 100750.0
[260][0], 100715.0, 101025.0, 101270.0
[260][1], 100730.0, 100800.0, 100765.0
[260][2], 100630.0, 100520.0, 100662.5
[261][0], 100637.5, 101000.0, 101465.0
[261][1], 100740.0, 100802.5, 100752.5
[261][2], 100625.0, 100492.5, 100610.0
[262][0], 100570.0, 100882.5, 101237.5
[262][1], 100650.0, 100687.5, 100597.5
[262][2], 100507.5, 100372.5, 100457.5
[263][0], 100495.0, 100885.0, 101267.5
[263][1], 100525.0, 100565.0, 100467.5
[263][2], 100415.0, 100260.0, 100325.0
[264][0], 100785.0, 101405.0, 101630.0
[264][1], 100520.0, 100562.5, 100512.5
[264][2], 100435.0, 100287.5, 100362.5
[265][0], 100685.0, 101142.5, 101435.0
[265][1], 100462.5, 100500.0, 100467.5
[265][2], 100297.5, 100175.0, 100307.5
[266][0], 100547.5, 101000.0, 101192.5
[266][1], 100375.0, 100427.5, 100350.0
[266][2], 100137.5, 100070.0, 100172.5
[267][0], 100737.5, 101360.0, 101635.0
[267][1], 100417.5, 100395.0, 100335.0
[267][2], 100227.5, 100082.5, 100145.0
[268][0], 100955.0, 101457.5, 101535.0
[268][1], 100577.5, 100642.5, 100595.0
[268][2], 100285.0, 100215.0, 100395.0
[269][0], 101095.0, 101497.5, 101627.5
[269][1], 100805.0, 100957.5, 100937.5
[269][2], 100477.5, 100550.0, 100775.0
[270][0], 100920.0, 101285.0, 101365.0
[270][1], 100772.5, 100882.5, 100817.5
[270][2], 100597.5, 100547.5, 100662.5
[271][0], 100655.0, 100942.5, 101197.5
[271][1], 100607.5, 100672.5, 100572.5
[271][2], 100510.0, 100372.5, 100425.0
[272][0], 100447.5, 100712.5, 100987.5
[272][1], 100455.0, 100465.0, 100342.5
[272][2], 100342.5, 100177.5, 100227.5
[273][0], 100527.5, 100865.0, 101147.5
[273][1], 100512.5, 100632.5, 100620.0
[273][2], 100327.5, 100260.0, 100432.5
[274][0], 100945.0, 101342.5, 101607.5
[274][1], 100870.0, 101022.5, 101065.0
[274][2], 100490.0, 100505.0, 100812.5
[275][0], 101035.0, 101535.0, 101775.0
[275][1], 100827.5, 101090.0, 101165.0
[275][2], 100497.5, 100645.0, 100942.5
[276][0], 100702.5, 101240.0, 101502.5
[276][1], 100575.0, 100892.5, 101042.5
[276][2], 100545.0, 100607.5, 100917.5
[277][0], 100742.5, 101000.0, 101280.0
[277][1], 100877.5, 100970.0, 100997.5
[277][2], 100805.0, 100710.0, 100887.5
[278][0], 101032.5, 101257.5, 101380.0
[278][1], 101077.5, 101110.0, 101015.0
[278][2], 100897.5, 100782.5, 100895.0
[279][0], 100967.5, 101207.5, 101410.0
[279][1], 101055.0, 101132.5, 101032.5
[279][2], 100922.5, 100805.0, 100897.5
[280][0], 101000.0, 101185.0, 101380.0
[280][1], 101115.0, 101162.5, 101075.0
[280][2], 100952.5, 100850.0, 100962.5
[281][0], 101062.5, 101235.0, 101422.5
[281][1], 101162.5, 101187.5, 101090.0
[281][2], 100990.0, 100865.0, 100947.5
[282][0], 101100.0, 101340.0, 101470.0
[282][1], 101187.5, 101197.5, 101037.5
[282][2], 100967.5, 100812.5, 100857.5
[283][0], 100975.0, 101280.0, 101492.5
[283][1], 101142.5, 101187.5, 101050.0
[283][2], 100972.5, 100830.0, 100872.5
[284][0], 101140.0, 101567.5, 101860.0
[284][1], 101237.5, 101252.5, 101105.0
[284][2], 101007.5, 100900.0, 100955.0
[285][0], 101230.0, 101675.0, 101872.5
[285][1], 101325.0, 101332.5, 101165.0
[285][2], 101115.0, 100972.5, 100980.0
[286][0], 101227.5, 101602.5, 101752.5
[286][1], 101187.5, 101187.5, 101030.0
[286][2], 100967.5, 100870.0, 100875.0
[287][0], 101132.5, 101475.0, 101482.5
[287][1], 101115.0, 101135.0, 101002.5
[287][2], 100980.0, 100847.5, 100852.5
[288][0], 101137.5, 101512.5, 101582.5
[288][1], 101105.0, 101160.0, 101082.5
[288][2], 100970.0, 100872.5, 100932.5
[289][0], 101260.0, 101627.5, 101702.5
[289][1], 101210.0, 101305.0, 101230.0
[289][2], 101065.0, 100975.0, 101057.5
[290][0], 101140.0, 101480.0, 101622.5
[290][1], 101195.0, 101280.0, 101182.5
[290][2], 101032.5, 100925.0, 100990.0
[291][0], 101047.5, 101342.5, 101642.5
[291][1], 101172.5, 101225.0, 101117.5
[291][2], 100992.5, 100855.0, 100910.0
[292][0], 101137.5, 101452.5, 101885.0
[292][1], 101232.5, 101275.0, 101175.0
[292][2], 101025.0, 100907.5, 100957.5
[293][0], 101315.0, 101722.5, 102012.5
[293][1], 101297.5, 101322.5, 101235.0
[293][2], 101130.0, 101007.5, 101047.5
[294][0], 101247.5, 101537.5, 101665.0
[294][1], 101305.0, 101330.0, 101215.0
[294][2], 101097.5, 100980.0, 101047.5
[295][0], 101085.0, 101317.5, 101525.0
[295][1], 101237.5, 101300.0, 101190.0
[295][2], 101045.0, 100930.0, 101015.0
[296][0], 101072.5, 101325.0, 101535.0
[296][1], 101205.0, 101292.5, 101195.0
[296][2], 100990.0, 100902.5, 101012.5
[297][0], 101075.0, 101337.5, 101520.0
[297][1], 101205.0, 101287.5, 101207.5
[297][2], 101002.5, 100922.5, 101025.0
[298][0], 101157.5, 101447.5, 101712.5
[298][1], 101297.5, 101372.5, 101285.0
[298][2], 101060.0, 100967.5, 101092.5
[299][0], 101272.5, 101560.0, 101827.5
[299][1], 101342.5, 101415.0, 101320.0
[299][2], 101070.0, 101000.0, 101130.0
[300][0], 101275.0, 101510.0, 101732.5
[300][1], 101335.0, 101392.5, 101297.5
[300][2], 100997.5, 100932.5, 101090.0
[301][0], 101147.5, 101410.0, 101592.5
[301][1], 101210.0, 101345.0, 101290.0
[301][2], 100885.0, 100897.5, 101060.0
[302][0], 101205.0, 101527.5, 101795.0
[302][1], 101137.5, 101317.5, 101297.5
[302][2], 100842.5, 100900.0, 101077.5
[303][0], 100860.0, 101185.0, 101555.0
[303][1], 100920.0, 101100.0, 101170.0
[303][2], 100792.5, 100775.0, 100967.5
[304][0], 100982.5, 101117.5, 101307.5
[304][1], 101135.0, 101072.5, 100977.5
[304][2], 100942.5, 100735.0, 100817.5
[305][0], 100915.0, 101220.0, 101310.0
[305][1], 101127.5, 101125.0, 100950.0
[305][2], 100985.0, 100817.5, 100827.5
[306][0], 100872.5, 101275.0, 101552.5
[306][1], 101025.0, 101037.5, 100922.5
[306][2], 100915.0, 100787.5, 100802.5
[307][0], 100830.0, 101152.5, 101472.5
[307][1], 100982.5, 100952.5, 100810.0
[307][2], 100862.5, 100702.5, 100672.5
[308][0], 100770.0, 101032.5, 101235.0
[308][1], 100957.5, 100927.5, 100755.0
[308][2], 100757.5, 100620.0, 100650.0
[309][0], 100905.0, 101197.5, 101400.0
[309][1], 101165.0, 101177.5, 101025.0
[309][2], 100872.5, 100760.0, 100842.5
[310][0], 101232.5, 101620.0, 102075.0
[310][1], 101417.5, 101397.5, 101242.5
[310][2], 101152.5, 101010.0, 101037.5
[311][0], 101190.0, 101455.0, 101770.0
[311][1], 101417.5, 101432.5, 101282.5
[311][2], 101242.5, 101107.5, 101130.0
[312][0], 101037.5, 101187.5, 101450.0
[312][1], 101310.0, 101307.5, 101167.5
[312][2], 101157.5, 101007.5, 101035.0
[313][0], 101107.5, 101242.5, 101452.5
[313][1], 101382.5, 101395.0, 101242.5
[313][2], 101230.0, 101085.0, 101107.5
[314][0], 101080.0, 101202.5, 101450.0
[314][1], 101372.5, 101420.0, 101317.5
[314][2], 101260.0, 101145.0, 101182.5
[315][0], 101185.0, 101335.0, 101630.0
[315][1], 101535.0, 101565.0, 101427.5
[315][2], 101382.5, 101240.0, 101265.0
[316][0], 101342.5, 101520.0, 101850.0
[316][1], 101685.0, 101715.0, 101585.0
[316][2], 101457.5, 101365.0, 101402.5
[317][0], 101397.5, 101682.5, 102057.5
[317][1], 101715.0, 101747.5, 101617.5
[317][2], 101410.0, 101335.0, 101390.0
[318][0], 101537.5, 101812.5, 102192.5
[318][1], 101807.5, 101840.0, 101700.0
[318][2], 101537.5, 101445.0, 101500.0
[319][0], 101690.0, 102117.5, 102472.5
[319][1], 101925.0, 101947.5, 101805.0
[319][2], 101667.5, 101547.5, 101580.0
[320][0], 101767.5, 102202.5, 102542.5
[320][1], 101820.0, 101812.5, 101687.5
[320][2], 101585.0, 101470.0, 101522.5
[321][0], 101470.0, 101685.0, 101940.0
[321][1], 101645.0, 101660.0, 101557.5
[321][2], 101377.5, 101272.5, 101322.5
[322][0], 101432.5, 101695.0, 101915.0
[322][1], 101697.5, 101722.5, 101587.5
[322][2], 101415.0, 101317.5, 101402.5
[323][0], 101507.5, 101742.5, 101847.5
[323][1], 101790.0, 101800.0, 101672.5
[323][2], 101485.0, 101410.0, 101510.0
[324][0], 101525.0, 101675.0, 101872.5
[324][1], 101897.5, 101922.5, 101770.0
[324][2], 101580.0, 101505.0, 101577.5
[325][0], 101267.5, 101412.5, 101655.0
[325][1], 101735.0, 101775.0, 101647.5
[325][2], 101445.0, 101380.0, 101475.0
[326][0], 101327.5, 101470.0, 101740.0
[326][1], 101770.0, 101842.5, 101735.0
[326][2], 101462.5, 101427.5, 101520.0
[327][0], 101517.5, 101682.5, 102055.0
[327][1], 101902.5, 101922.5, 101740.0
[327][2], 101555.0, 101492.5, 101535.0
[328][0], 101332.5, 101480.0, 101830.0
[328][1], 101752.5, 101770.0, 101625.0
[328][2], 101480.0, 101395.0, 101422.5
[329][0], 101735.0, 102157.5, 102677.5
[329][1], 101915.0, 101920.0, 101792.5
[329][2], 101572.5, 101467.5, 101525.0
[330][0], 101847.5, 102102.5, 102500.0
[330][1], 101960.0, 101947.5, 101875.0
[330][2], 101565.0, 101460.0, 101540.0
[331][0], 101630.0, 101832.5, 102055.0
[331][1], 101807.5, 101790.0, 101692.5
[331][2], 101390.0, 101305.0, 101412.5
[332][0], 101322.5, 101527.5, 101797.5
[332][1], 101600.0, 101605.0, 101515.0
[332][2], 101252.5, 101187.5, 101282.5
[333][0], 101337.5, 101507.5, 101777.5
[333][1], 101632.5, 101630.0, 101517.5
[333][2], 101305.0, 101217.5, 101302.5
[334][0], 101290.0, 101362.5, 101562.5
[334][1], 101540.0, 101552.5, 101465.0
[334][2], 101265.0, 101202.5, 101282.5
[335][0], 101290.0, 101407.5, 101607.5
[335][1], 101632.5, 101632.5, 101520.0
[335][2], 101295.0, 101237.5, 101337.5
[336][0], 101477.5, 101560.0, 101837.5
[336][1], 101880.0, 101850.0, 101730.0
[336][2], 101435.0, 101375.0, 101485.0
[337][0], 101642.5, 101807.5, 102060.0
[337][1], 101955.0, 101922.5, 101795.0
[337][2], 101550.0, 101470.0, 101550.0
[338][0], 101757.5, 101852.5, 102127.5
[338][1], 102065.0, 102010.0, 101867.5
[338][2], 101697.5, 101602.5, 101637.5
[339][0], 101600.0, 101772.5, 102105.0
[339][1], 101935.0, 101935.0, 101825.0
[339][2], 101612.5, 101545.0, 101607.5
[340][0], 101560.0, 101715.0, 101992.5
[340][1], 101885.0, 101885.0, 101792.5
[340][2], 101565.0, 101517.5, 101607.5
[341][0], 101467.5, 101615.0, 101872.5
[341][1], 101832.5, 101825.0, 101702.5
[341][2], 101500.0, 101410.0, 101505.0
[342][0], 101570.0, 101745.0, 101967.5
[342][1], 101840.0, 101835.0, 101715.0
[342][2], 101452.5, 101367.5, 101450.0
[343][0], 101732.5, 101920.0, 102125.0
[343][1], 101867.5, 101880.0, 101757.5
[343][2], 101542.5, 101467.5, 101517.5
[344][0], 101540.0, 101800.0, 102067.5
[344][1], 101770.0, 101762.5, 101630.0
[344][2], 101427.5, 101357.5, 101410.0
[345][0], 101642.5, 101897.5, 102045.0
[345][1], 101712.5, 101752.5, 101657.5
[345][2], 101305.0, 101285.0, 101392.5
[346][0], 101780.0, 101947.5, 102112.5
[346][1], 101792.5, 101797.5, 101722.5
[346][2], 101410.0, 101365.0, 101457.5
[347][0], 101832.5, 102080.0, 102152.5
[347][1], 101895.0, 101875.0, 101747.5
[347][2], 101517.5, 101442.5, 101492.5
[348][0], 101775.0, 101967.5, 102047.5
[348][1], 101882.5, 101832.5, 101702.5
[348][2], 101512.5, 101445.0, 101502.5
[349][0], 101610.0, 101857.5, 101900.0
[349][1], 101737.5, 101732.5, 101610.0
[349][2], 101437.5, 101377.5, 101440.0
[350][0], 101767.5, 101915.0, 102145.0
[350][1], 101822.5, 101825.0, 101727.5
[350][2], 101527.5, 101457.5, 101520.0
[351][0], 101757.5, 101865.0, 101917.5
[351][1], 101772.5, 101762.5, 101662.5
[351][2], 101500.0, 101422.5, 101480.0
[352][0], 101550.0, 101682.5, 101722.5
[352][1], 101632.5, 101637.5, 101495.0
[352][2], 101280.0, 101220.0, 101290.0
[353][0], 101550.0, 101695.0, 101732.5
[353][1], 101592.5, 101590.0, 101497.5
[353][2], 101310.0, 101265.0, 101322.5
[354][0], 101720.0, 101860.0, 101932.5
[354][1], 101750.0, 101737.5, 101667.5
[354][2], 101437.5, 101410.0, 101475.0
[355][0], 101472.5, 101642.5, 101827.5
[355][1], 101642.5, 101622.5, 101522.5
[355][2], 101377.5, 101320.0, 101360.0
[356][0], 101187.5, 101287.5, 101540.0
[356][1], 101572.5, 101555.0, 101462.5
[356][2], 101290.0, 101220.0, 101290.0
[357][0], 101182.5, 101390.0, 101785.0
[357][1], 101582.5, 101607.5, 101555.0
[357][2], 101262.5, 101255.0, 101367.5
[358][0], 101547.5, 101710.0, 101890.0
[358][1], 101790.0, 101787.5, 101697.5
[358][2], 101395.0, 101402.5, 101477.5
[359][0], 101487.5, 101647.5, 101807.5
[359][1], 101727.5, 101712.5, 101610.0
[359][2], 101382.5, 101365.0, 101415.0
[360][0], 101455.0, 101530.0, 101732.5
[360][1], 101752.5, 101725.0, 101617.5
[360][2], 101400.0, 101382.5, 101430.0
[361][0], 101500.0, 101690.0, 101940.0
[361][1], 101862.5, 101862.5, 101740.0
[361][2], 101460.0, 101455.0, 101517.5
[362][0], 101355.0, 101567.5, 101837.5
[362][1], 101817.5, 101837.5, 101722.5
[362][2], 101425.0, 101445.0, 101522.5
[363][0], 101225.0, 101507.5, 101812.5
[363][1], 101650.0, 101685.0, 101617.5
[363][2], 101275.0, 101310.0, 101405.0
[364][0], 101260.0, 101462.5, 101887.5
[364][1], 101577.5, 101570.0, 101457.5
[364][2], 101155.0, 101172.5, 101272.5

slp.time[365]
1972320.0, 1972344.0, 1972368.0, 1972392.0, 1972416.0, 1972440.0, 1972464.0, 1972488.0, 1972512.0, 1972536.0, 1972560.0, 1972584.0, 1972608.0, 1972632.0, 1972656.0, 1972680.0, 1972704.0, 1972728.0, 1972752.0, 1972776.0, 1972800.0, 1972824.0, 1972848.0, 1972872.0, 1972896.0, 1972920.0, 1972944.0, 1972968.0, 1972992.0, 1973016.0, 1973040.0, 1973064.0, 1973088.0, 1973112.0, 1973136.0, 1973160.0, 1973184.0, 1973208.0, 1973232.0, 1973256.0, 1973280.0, 1973304.0, 1973328.0, 1973352.0, 1973376.0, 1973400.0, 1973424.0, 1973448.0, 1973472.0, 1973496.0, 1973520.0, 1973544.0, 1973568.0, 1973592.0, 1973616.0, 1973640.0, 1973664.0, 1973688.0, 1973712.0, 1973736.0, 1973760.0, 1973784.0, 1973808.0, 1973832.0, 1973856.0, 1973880.0, 1973904.0, 1973928.0, 1973952.0, 1973976.0, 1974000.0, 1974024.0, 1974048.0, 1974072.0, 1974096.0, 1974120.0, 1974144.0, 1974168.0, 1974192.0, 1974216.0, 1974240.0, 1974264.0, 1974288.0, 1974312.0, 1974336.0, 1974360.0, 1974384.0, 1974408.0, 1974432.0, 1974456.0, 1974480.0, 1974504.0, 1974528.0, 1974552.0, 1974576.0, 1974600.0, 1974624.0, 1974648.0, 1974672.0, 1974696.0, 1974720.0, 1974744.0, 1974768.0, 1974792.0, 1974816.0, 1974840.0, 1974864.0, 1974888.0, 1974912.0, 1974936.0, 1974960.0, 1974984.0, 1975008.0, 1975032.0, 1975056.0, 1975080.0, 1975104.0, 1975128.0, 1975152.0, 1975176.0, 1975200.0, 1975224.0, 1975248.0, 1975272.0, 1975296.0, 1975320.0, 1975344.0, 1975368.0, 1975392.0, 1975416.0, 1975440.0, 1975464.0, 1975488.0, 1975512.0, 1975536.0, 1975560.0, 1975584.0, 1975608.0, 1975632.0, 1975656.0, 1975680.0, 1975704.0, 1975728.0, 1975752.0, 1975776.0, 1975800.0, 1975824.0, 1975848.0, 1975872.0, 1975896.0, 1975920.0, 1975944.0, 1975968.0, 1975992.0, 1976016.0, 1976040.0, 1976064.0, 1976088.0, 1976112.0, 1976136.0, 1976160.0, 1976184.0, 1976208.0, 1976232.0, 1976256.0, 1976280.0, 1976304.0, 1976328.0, 1976352.0, 1976376.0, 1976400.0, 1976424.0, 1976448.0, 1976472.0, 1976496.0, 1976520.0, 1976544.0, 1976568.0, 1976592.0, 1976616.0, 1976640.0, 1976664.0, 1976688.0, 1976712.0, 1976736.0, 1976760.0, 1976784.0, 1976808.0, 1976832.0, 1976856.0, 1976880.0, 1976904.0, 1976928.0, 1976952.0, 1976976.0, 1977000.0, 1977024.0, 1977048.0, 1977072.0, 1977096.0, 1977120.0, 1977144.0, 1977168.0, 1977192.0, 1977216.0, 1977240.0, 1977264.0, 1977288.0, 1977312.0, 1977336.0, 1977360.0, 1977384.0, 1977408.0, 1977432.0, 1977456.0, 1977480.0, 1977504.0, 1977528.0, 1977552.0, 1977576.0, 1977600.0, 1977624.0, 1977648.0, 1977672.0, 1977696.0, 1977720.0, 1977744.0, 1977768.0, 1977792.0, 1977816.0, 1977840.0, 1977864.0, 1977888.0, 1977912.0, 1977936.0, 1977960.0, 1977984.0, 1978008.0, 1978032.0, 1978056.0, 1978080.0, 1978104.0, 1978128.0, 1978152.0, 1978176.0, 1978200.0, 1978224.0, 1978248.0, 1978272.0, 1978296.0, 1978320.0, 1978344.0, 1978368.0, 1978392.0, 1978416.0, 1978440.0, 1978464.0, 1978488.0, 1978512.0, 1978536.0, 1978560.0, 1978584.0, 1978608.0, 1978632.0, 1978656.0, 1978680.0, 1978704.0, 1978728.0, 1978752.0, 1978776.0, 1978800.0, 1978824.0, 1978848.0, 1978872.0, 1978896.0, 1978920.0, 1978944.0, 1978968.0, 1978992.0, 1979016.0, 1979040.0, 1979064.0, 1979088.0, 1979112.0, 1979136.0, 1979160.0, 1979184.0, 1979208.0, 1979232.0, 1979256.0, 1979280.0, 1979304.0, 1979328.0, 1979352.0, 1979376.0, 1979400.0, 1979424.0, 1979448.0, 1979472.0, 1979496.0, 1979520.0, 1979544.0, 1979568.0, 1979592.0, 1979616.0, 1979640.0, 1979664.0, 1979688.0, 1979712.0, 1979736.0, 1979760.0, 1979784.0, 1979808.0, 1979832.0, 1979856.0, 1979880.0, 1979904.0, 1979928.0, 1979952.0, 1979976.0, 1980000.0, 1980024.0, 1980048.0, 1980072.0, 1980096.0, 1980120.0, 1980144.0, 1980168.0, 1980192.0, 1980216.0, 1980240.0, 1980264.0, 1980288.0, 1980312.0, 1980336.0, 1980360.0, 1980384.0, 1980408.0, 1980432.0, 1980456.0, 1980480.0, 1980504.0, 1980528.0, 1980552.0, 1980576.0, 1980600.0, 1980624.0, 1980648.0, 1980672.0, 1980696.0, 1980720.0, 1980744.0, 1980768.0, 1980792.0, 1980816.0, 1980840.0, 1980864.0, 1980888.0, 1980912.0, 1980936.0, 1980960.0, 1980984.0, 1981008.0, 1981032.0, 1981056.0

slp.lat[3]
27.5, 25.0, 22.5

slp.lon[3]
85.0, 87.5, 90.0


