Dataset {
    Grid {
     ARRAY:
        Float32 slp[time = 76][lat = 3][lon = 3];
     MAPS:
        Float64 time[time = 76];
        Float32 lat[lat = 3];
        Float32 lon[lon = 3];
    } slp;
} Datasets/ncep.reanalysis.dailyavgs/surface/slp.2026.nc;
---------------------------------------------
slp.slp[76][3][3]
[0][0], 101257.5, 101340.0, 101742.5
[0][1], 101642.5, 101645.0, 101560.0
[0][2], 101212.5, 101217.5, 101325.0
[1][0], 101352.5, 101410.0, 101727.5
[1][1], 101880.0, 101875.0, 101752.5
[1][2], 101390.0, 101377.5, 101480.0
[2][0], 101422.5, 101450.0, 101735.0
[2][1], 102002.5, 101980.0, 101870.0
[2][2], 101475.0, 101475.0, 101637.5
[3][0], 101697.5, 101702.5, 101947.5
[3][1], 102140.0, 102117.5, 101992.5
[3][2], 101622.5, 101617.5, 101747.5
[4][0], 101670.0, 101675.0, 102040.0
[4][1], 102167.5, 102152.5, 102052.5
[4][2], 101682.5, 101700.0, 101800.0
[5][0], 101700.0, 101837.5, 102260.0
[5][1], 102285.0, 102215.0, 102045.0
[5][2], 101782.5, 101750.0, 101802.5
[6][0], 101700.0, 101767.5, 102200.0
[6][1], 102260.0, 102217.5, 102095.0
[6][2], 101785.0, 101757.5, 101832.5
[7][0], 101860.0, 101965.0, 102345.0
[7][1], 102220.0, 102180.0, 102077.5
[7][2], 101760.0, 101745.0, 101797.5
[8][0], 101702.5, 101760.0, 101982.5
[8][1], 102102.5, 102045.0, 101895.0
[8][2], 101697.5, 101620.0, 101640.0
[9][0], 101500.0, 101595.0, 101947.5
[9][1], 102000.0, 101975.0, 101832.5
[9][2], 101642.5, 101570.0, 101615.0
[10][0], 101742.5, 101862.5, 101985.0
[10][1], 102120.0, 102077.5, 101950.0
[10][2], 101692.5, 101650.0, 101725.0
[11][0], 102035.0, 102282.5, 102520.0
[11][1], 102197.5, 102122.5, 101977.5
[11][2], 101867.5, 101735.0, 101772.5
[12][0], 101645.0, 101782.5, 101945.0
[12][1], 101950.0, 101912.5, 101772.5
[12][2], 101640.0, 101537.5, 101562.5
[13][0], 101380.0, 101520.0, 101702.5
[13][1], 101805.0, 101765.0, 101620.0
[13][2], 101470.0, 101352.5, 101402.5
[14][0], 101460.0, 101560.0, 101612.5
[14][1], 101777.5, 101742.5, 101565.0
[14][2], 101397.5, 101317.5, 101342.5
[15][0], 101577.5, 101762.5, 101777.5
[15][1], 101687.5, 101692.5, 101552.5
[15][2], 101397.5, 101325.0, 101347.5
[16][0], 101297.5, 101505.0, 101672.5
[16][1], 101490.0, 101487.5, 101387.5
[16][2], 101180.0, 101157.5, 101200.0
[17][0], 101325.0, 101442.5, 101467.5
[17][1], 101495.0, 101510.0, 101352.5
[17][2], 101087.5, 101082.5, 101162.5
[18][0], 101282.5, 101377.5, 101452.5
[18][1], 101577.5, 101565.0, 101447.5
[18][2], 101167.5, 101140.0, 101245.0
[19][0], 101365.0, 101482.5, 101625.0
[19][1], 101737.5, 101730.0, 101597.5
[19][2], 101267.5, 101257.5, 101365.0
[20][0], 101435.0, 101557.5, 101807.5
[20][1], 101847.5, 101822.5, 101705.0
[20][2], 101420.0, 101385.0, 101470.0
[21][0], 101665.0, 101785.0, 101870.0
[21][1], 101945.0, 101905.0, 101790.0
[21][2], 101520.0, 101505.0, 101582.5
[22][0], 101870.0, 102012.5, 102172.5
[22][1], 102055.0, 102032.5, 101910.0
[22][2], 101647.5, 101617.5, 101707.5
[23][0], 101797.5, 101807.5, 101880.0
[23][1], 102097.5, 102025.0, 101847.5
[23][2], 101680.0, 101597.5, 101665.0
[24][0], 101515.0, 101727.5, 101930.0
[24][1], 102000.0, 101962.5, 101807.5
[24][2], 101487.5, 101460.0, 101577.5
[25][0], 101722.5, 101932.5, 101945.0
[25][1], 102120.0, 102082.5, 101900.0
[25][2], 101682.5, 101652.5, 101745.0
[26][0], 101702.5, 101950.0, 102097.5
[26][1], 102017.5, 102010.0, 101895.0
[26][2], 101680.0, 101642.5, 101727.5
[27][0], 101572.5, 101652.5, 101822.5
[27][1], 101955.0, 101910.0, 101747.5
[27][2], 101485.0, 101450.0, 101550.0
[28][0], 101570.0, 101582.5, 101677.5
[28][1], 102007.5, 101957.5, 101780.0
[28][2], 101472.5, 101447.5, 101562.5
[29][0], 101720.0, 101842.5, 101945.0
[29][1], 102057.5, 102037.5, 101912.5
[29][2], 101562.5, 101575.0, 101702.5
[30][0], 101815.0, 101910.0, 102000.0
[30][1], 102077.5, 102057.5, 101910.0
[30][2], 101625.0, 101617.5, 101705.0
[31][0], 101690.0, 101870.0, 102000.0
[31][1], 102055.0, 102035.0, 101897.5
[31][2], 101640.0, 101602.5, 101692.5
[32][0], 101600.0, 101745.0, 101917.5
[32][1], 101992.5, 101995.0, 101860.0
[32][2], 101555.0, 101522.5, 101620.0
[33][0], 101847.5, 101912.5, 102060.0
[33][1], 102210.0, 102135.0, 101940.0
[33][2], 101682.5, 101610.0, 101685.0
[34][0], 101670.0, 101735.0, 101930.0
[34][1], 102150.0, 102087.5, 101900.0
[34][2], 101682.5, 101602.5, 101690.0
[35][0], 101657.5, 101912.5, 102067.5
[35][1], 102057.5, 102030.0, 101902.5
[35][2], 101650.0, 101582.5, 101690.0
[36][0], 101575.0, 101767.5, 101922.5
[36][1], 101972.5, 101960.0, 101827.5
[36][2], 101587.5, 101527.5, 101615.0
[37][0], 101215.0, 101367.5, 101562.5
[37][1], 101757.5, 101737.5, 101627.5
[37][2], 101437.5, 101347.5, 101445.0
[38][0], 101337.5, 101557.5, 101667.5
[38][1], 101710.0, 101720.0, 101612.5
[38][2], 101310.0, 101275.0, 101392.5
[39][0], 101612.5, 101765.0, 101747.5
[39][1], 101767.5, 101715.0, 101542.5
[39][2], 101332.5, 101280.0, 101385.0
[40][0], 101592.5, 101767.5, 101785.0
[40][1], 101850.0, 101845.0, 101717.5
[40][2], 101427.5, 101407.5, 101505.0
[41][0], 101607.5, 101737.5, 101897.5
[41][1], 101995.0, 101982.5, 101857.5
[41][2], 101555.0, 101522.5, 101625.0
[42][0], 101565.0, 101810.0, 102105.0
[42][1], 101930.0, 101907.5, 101772.5
[42][2], 101472.5, 101427.5, 101535.0
[43][0], 101502.5, 101885.0, 102237.5
[43][1], 101747.5, 101745.0, 101610.0
[43][2], 101375.0, 101322.5, 101397.5
[44][0], 101237.5, 101500.0, 101860.0
[44][1], 101612.5, 101620.0, 101507.5
[44][2], 101182.5, 101155.0, 101275.0
[45][0], 101222.5, 101447.5, 101735.0
[45][1], 101662.5, 101662.5, 101532.5
[45][2], 101162.5, 101117.5, 101265.0
[46][0], 101500.0, 101765.0, 102025.0
[46][1], 101675.0, 101682.5, 101565.0
[46][2], 101200.0, 101172.5, 101280.0
[47][0], 101517.5, 101805.0, 102090.0
[47][1], 101642.5, 101607.5, 101492.5
[47][2], 101210.0, 101142.5, 101227.5
[48][0], 101492.5, 101702.5, 101910.0
[48][1], 101612.5, 101607.5, 101507.5
[48][2], 101212.5, 101137.5, 101242.5
[49][0], 101600.0, 101815.0, 102035.0
[49][1], 101827.5, 101805.0, 101660.0
[49][2], 101432.5, 101315.0, 101407.5
[50][0], 101560.0, 101765.0, 101887.5
[50][1], 101860.0, 101817.5, 101657.5
[50][2], 101397.5, 101305.0, 101415.0
[51][0], 101087.5, 101232.5, 101407.5
[51][1], 101467.5, 101445.0, 101295.0
[51][2], 101067.5, 101012.5, 101102.5
[52][0], 100880.0, 101102.5, 101242.5
[52][1], 101220.0, 101252.5, 101150.0
[52][2], 100772.5, 100770.0, 100925.0
[53][0], 101007.5, 101222.5, 101315.0
[53][1], 101317.5, 101320.0, 101185.0
[53][2], 100822.5, 100782.5, 100945.0
[54][0], 101215.0, 101372.5, 101595.0
[54][1], 101467.5, 101470.0, 101375.0
[54][2], 100995.0, 100955.0, 101090.0
[55][0], 101147.5, 101325.0, 101540.0
[55][1], 101452.5, 101460.0, 101322.5
[55][2], 100982.5, 100957.5, 101092.5
[56][0], 100942.5, 101202.5, 101560.0
[56][1], 101285.0, 101287.5, 101187.5
[56][2], 100877.5, 100832.5, 100957.5
[57][0], 100672.5, 100935.0, 101265.0
[57][1], 101050.0, 101077.5, 101010.0
[57][2], 100657.5, 100625.0, 100790.0
[58][0], 100590.0, 100860.0, 101210.0
[58][1], 100987.5, 101025.0, 100930.0
[58][2], 100590.0, 100562.5, 100745.0
[59][0], 100697.5, 100992.5, 101287.5
[59][1], 101052.5, 101097.5, 101015.0
[59][2], 100632.5, 100612.5, 100810.0
[60][0], 100937.5, 101232.5, 101422.5
[60][1], 101292.5, 101305.0, 101170.0
[60][2], 100847.5, 100770.0, 100927.5
[61][0], 101225.0, 101617.5, 101712.5
[61][1], 101380.0, 101412.5, 101302.5
[61][2], 101055.0, 100977.5, 101100.0
[62][0], 101355.0, 101667.5, 101835.0
[62][1], 101332.5, 101350.0, 101262.5
[62][2], 101015.0, 100935.0, 101050.0
[63][0], 101160.0, 101460.0, 101612.5
[63][1], 101077.5, 101140.0, 101115.0
[63][2], 100785.0, 100730.0, 100890.0
[64][0], 101352.5, 101647.5, 101765.0
[64][1], 101155.0, 101202.5, 101170.0
[64][2], 100757.5, 100782.5, 100975.0
[65][0], 101440.0, 101735.0, 101785.0
[65][1], 101347.5, 101412.5, 101352.5
[65][2], 100937.5, 100970.0, 101162.5
[66][0], 101352.5, 101595.0, 101755.0
[66][1], 101375.0, 101467.5, 101422.5
[66][2], 100945.0, 101010.0, 101227.5
[67][0], 101540.0, 101815.0, 101990.0
[67][1], 101510.0, 101610.0, 101565.0
[67][2], 101055.0, 101102.5, 101312.5
[68][0], 101565.0, 101822.5, 102010.0
[68][1], 101512.5, 101597.5, 101560.0
[68][2], 101107.5, 101157.5, 101337.5
[69][0], 101260.0, 101567.5, 101725.0
[69][1], 101292.5, 101340.0, 101302.5
[69][2], 100945.0, 100950.0, 101147.5
[70][0], 101000.0, 101345.0, 101577.5
[70][1], 101085.0, 101150.0, 101112.5
[70][2], 100712.5, 100725.0, 100955.0
[71][0], 100767.5, 101080.0, 101395.0
[71][1], 100980.0, 101037.5, 101010.0
[71][2], 100595.0, 100607.5, 100862.5
[72][0], 100930.0, 101227.5, 101430.0
[72][1], 101067.5, 101162.5, 101162.5
[72][2], 100687.5, 100745.0, 101070.0
[73][0], 101102.5, 101255.0, 101392.5
[73][1], 101152.5, 101260.0, 101247.5
[73][2], 100732.5, 100832.5, 101130.0
[74][0], 100935.0, 101192.5, 101370.0
[74][1], 101035.0, 101155.0, 101125.0
[74][2], 100620.0, 100652.5, 100960.0
[75][0], 100907.5, 101147.5, 101362.5
[75][1], 101095.0, 101185.0, 101142.5
[75][2], 100660.0, 100695.0, 100962.5

slp.time[76]
1981080.0, 1981104.0, 1981128.0, 1981152.0, 1981176.0, 1981200.0, 1981224.0, 1981248.0, 1981272.0, 1981296.0, 1981320.0, 1981344.0, 1981368.0, 1981392.0, 1981416.0, 1981440.0, 1981464.0, 1981488.0, 1981512.0, 1981536.0, 1981560.0, 1981584.0, 1981608.0, 1981632.0, 1981656.0, 1981680.0, 1981704.0, 1981728.0, 1981752.0, 1981776.0, 1981800.0, 1981824.0, 1981848.0, 1981872.0, 1981896.0, 1981920.0, 1981944.0, 1981968.0, 1981992.0, 1982016.0, 1982040.0, 1982064.0, 1982088.0, 1982112.0, 1982136.0, 1982160.0, 1982184.0, 1982208.0, 1982232.0, 1982256.0, 1982280.0, 1982304.0, 1982328.0, 1982352.0, 1982376.0, 1982400.0, 1982424.0, 1982448.0, 1982472.0, 1982496.0, 1982520.0, 1982544.0, 1982568.0, 1982592.0, 1982616.0, 1982640.0, 1982664.0, 1982688.0, 1982712.0, 1982736.0, 1982760.0, 1982784.0, 1982808.0, 1982832.0, 1982856.0, 1982880.0

slp.lat[3]
27.5, 25.0, 22.5

slp.lon[3]
85.0, 87.5, 90.0


