Dataset {
    Grid {
     ARRAY:
        Float32 slp[time = 365][lat = 3][lon = 3];
     MAPS:
        Float64 time[time = 365];
        Float32 lat[lat = 3];
        Float32 lon[lon = 3];
    } slp;
} Datasets/ncep.reanalysis.dailyavgs/surface/slp.2021.nc;
---------------------------------------------
slp.slp[365][3][3]
[0][0], 101595.0, 101625.0, 101677.5
[0][1], 101807.5, 101805.0, 101667.5
[0][2], 101400.0, 101395.0, 101507.5
[1][0], 101425.0, 101475.0, 101532.5
[1][1], 101722.5, 101725.0, 101600.0
[1][2], 101365.0, 101365.0, 101485.0
[2][0], 101395.0, 101522.5, 101635.0
[2][1], 101565.0, 101597.5, 101505.0
[2][2], 101235.0, 101237.5, 101357.5
[3][0], 101455.0, 101562.5, 101670.0
[3][1], 101610.0, 101640.0, 101565.0
[3][2], 101310.0, 101282.5, 101407.5
[4][0], 101477.5, 101567.5, 101627.5
[4][1], 101657.5, 101672.5, 101555.0
[4][2], 101312.5, 101272.5, 101397.5
[5][0], 101197.5, 101272.5, 101337.5
[5][1], 101422.5, 101455.0, 101375.0
[5][2], 101100.0, 101050.0, 101202.5
[6][0], 100970.0, 101100.0, 101270.0
[6][1], 101327.5, 101332.5, 101280.0
[6][2], 100960.0, 100942.5, 101140.0
[7][0], 101107.5, 101232.5, 101367.5
[7][1], 101420.0, 101405.0, 101317.5
[7][2], 101050.0, 101002.5, 101165.0
[8][0], 101022.5, 101115.0, 101242.5
[8][1], 101385.0, 101377.5, 101285.0
[8][2], 101082.5, 101017.5, 101172.5
[9][0], 100892.5, 101015.0, 101177.5
[9][1], 101337.5, 101337.5, 101275.0
[9][2], 101067.5, 100982.5, 101157.5
[10][0], 101077.5, 101180.0, 101327.5
[10][1], 101580.0, 101547.5, 101412.5
[10][2], 101227.5, 101137.5, 101315.0
[11][0], 101142.5, 101165.0, 101217.5
[11][1], 101655.0, 101607.5, 101452.5
[11][2], 101335.0, 101247.5, 101365.0
[12][0], 101095.0, 101147.5, 101280.0
[12][1], 101555.0, 101587.5, 101527.5
[12][2], 101295.0, 101272.5, 101392.5
[13][0], 101170.0, 101250.0, 101322.5
[13][1], 101582.5, 101587.5, 101492.5
[13][2], 101260.0, 101255.0, 101362.5
[14][0], 101090.0, 101167.5, 101312.5
[14][1], 101447.5, 101452.5, 101332.5
[14][2], 101142.5, 101132.5, 101232.5
[15][0], 100962.5, 101095.0, 101200.0
[15][1], 101445.0, 101465.0, 101350.0
[15][2], 101077.5, 101065.0, 101180.0
[16][0], 101455.0, 101720.0, 101970.0
[16][1], 101750.0, 101775.0, 101675.0
[16][2], 101335.0, 101367.5, 101490.0
[17][0], 101220.0, 101402.5, 101712.5
[17][1], 101612.5, 101650.0, 101547.5
[17][2], 101247.5, 101252.5, 101382.5
[18][0], 100807.5, 100927.5, 101167.5
[18][1], 101387.5, 101452.5, 101372.5
[18][2], 100997.5, 101040.0, 101222.5
[19][0], 100742.5, 100867.5, 101030.0
[19][1], 101430.0, 101427.5, 101327.5
[19][2], 101025.0, 100987.5, 101205.0
[20][0], 100935.0, 101255.0, 101502.5
[20][1], 101442.5, 101525.0, 101465.0
[20][2], 101175.0, 101145.0, 101290.0
[21][0], 101227.5, 101425.0, 101690.0
[21][1], 101542.5, 101582.5, 101547.5
[21][2], 101177.5, 101245.0, 101362.5
[22][0], 101085.0, 101120.0, 101285.0
[22][1], 101527.5, 101532.5, 101427.5
[22][2], 101110.0, 101182.5, 101327.5
[23][0], 101235.0, 101147.5, 101172.5
[23][1], 101665.0, 101667.5, 101485.0
[23][2], 101175.0, 101240.0, 101375.0
[24][0], 101415.0, 101442.5, 101492.5
[24][1], 101867.5, 101845.0, 101680.0
[24][2], 101287.5, 101330.0, 101470.0
[25][0], 101340.0, 101405.0, 101650.0
[25][1], 101870.0, 101845.0, 101682.5
[25][2], 101317.5, 101357.5, 101477.5
[26][0], 101497.5, 101517.5, 101700.0
[26][1], 101905.0, 101910.0, 101765.0
[26][2], 101395.0, 101432.5, 101565.0
[27][0], 101580.0, 101532.5, 101632.5
[27][1], 101907.5, 101907.5, 101757.5
[27][2], 101370.0, 101427.5, 101550.0
[28][0], 101452.5, 101395.0, 101517.5
[28][1], 101912.5, 101895.0, 101735.0
[28][2], 101332.5, 101340.0, 101490.0
[29][0], 101237.5, 101345.0, 101430.0
[29][1], 101900.0, 101917.5, 101750.0
[29][2], 101380.0, 101365.0, 101550.0
[30][0], 101320.0, 101490.0, 101797.5
[30][1], 101975.0, 102020.0, 101882.5
[30][2], 101572.5, 101560.0, 101690.0
[31][0], 101435.0, 101562.5, 101790.0
[31][1], 102040.0, 102087.5, 101962.5
[31][2], 101625.0, 101652.5, 101750.0
[32][0], 101567.5, 101740.0, 101887.5
[32][1], 101952.5, 102027.5, 101922.5
[32][2], 101527.5, 101577.5, 101687.5
[33][0], 101367.5, 101437.5, 101617.5
[33][1], 101837.5, 101897.5, 101807.5
[33][2], 101435.0, 101462.5, 101610.0
[34][0], 101385.0, 101570.0, 101772.5
[34][1], 101822.5, 101890.0, 101772.5
[34][2], 101390.0, 101420.0, 101537.5
[35][0], 101280.0, 101385.0, 101612.5
[35][1], 101720.0, 101757.5, 101620.0
[35][2], 101242.5, 101245.0, 101395.0
[36][0], 101165.0, 101292.5, 101535.0
[36][1], 101832.5, 101827.5, 101635.0
[36][2], 101240.0, 101270.0, 101392.5
[37][0], 101515.0, 101745.0, 101842.5
[37][1], 101840.0, 101867.5, 101765.0
[37][2], 101422.5, 101445.0, 101565.0
[38][0], 101537.5, 101870.0, 101955.0
[38][1], 101762.5, 101787.5, 101655.0
[38][2], 101392.5, 101400.0, 101500.0
[39][0], 101245.0, 101512.5, 101627.5
[39][1], 101567.5, 101625.0, 101525.0
[39][2], 101192.5, 101237.5, 101372.5
[40][0], 101092.5, 101240.0, 101330.0
[40][1], 101415.0, 101487.5, 101390.0
[40][2], 101045.0, 101100.0, 101250.0
[41][0], 101165.0, 101365.0, 101467.5
[41][1], 101480.0, 101540.0, 101437.5
[41][2], 101102.5, 101115.0, 101290.0
[42][0], 101320.0, 101395.0, 101520.0
[42][1], 101685.0, 101690.0, 101547.5
[42][2], 101277.5, 101255.0, 101372.5
[43][0], 101372.5, 101637.5, 101780.0
[43][1], 101720.0, 101757.5, 101610.0
[43][2], 101272.5, 101295.0, 101435.0
[44][0], 101227.5, 101445.0, 101527.5
[44][1], 101625.0, 101647.5, 101500.0
[44][2], 101120.0, 101147.5, 101312.5
[45][0], 101025.0, 101345.0, 101502.5
[45][1], 101490.0, 101537.5, 101407.5
[45][2], 101020.0, 101025.0, 101225.0
[46][0], 101022.5, 101147.5, 101280.0
[46][1], 101480.0, 101545.0, 101437.5
[46][2], 101020.0, 101042.5, 101242.5
[47][0], 101200.0, 101465.0, 101747.5
[47][1], 101610.0, 101712.5, 101625.0
[47][2], 101165.0, 101182.5, 101347.5
[48][0], 101452.5, 101727.5, 102080.0
[48][1], 101822.5, 101892.5, 101797.5
[48][2], 101302.5, 101322.5, 101495.0
[49][0], 101682.5, 101942.5, 102122.5
[49][1], 102007.5, 102047.5, 101872.5
[49][2], 101512.5, 101500.0, 101610.0
[50][0], 101677.5, 101995.0, 102107.5
[50][1], 101895.0, 101935.0, 101810.0
[50][2], 101487.5, 101512.5, 101647.5
[51][0], 101480.0, 101702.5, 101890.0
[51][1], 101770.0, 101807.5, 101685.0
[51][2], 101390.0, 101395.0, 101532.5
[52][0], 101370.0, 101667.5, 101770.0
[52][1], 101570.0, 101612.5, 101507.5
[52][2], 101205.0, 101210.0, 101360.0
[53][0], 101155.0, 101355.0, 101482.5
[53][1], 101415.0, 101442.5, 101315.0
[53][2], 101032.5, 101007.5, 101150.0
[54][0], 100917.5, 101205.0, 101250.0
[54][1], 101210.0, 101235.0, 101110.0
[54][2], 100870.0, 100830.0, 101000.0
[55][0], 100660.0, 100945.0, 101112.5
[55][1], 100910.0, 100982.5, 100960.0
[55][2], 100775.0, 100700.0, 100897.5
[56][0], 100592.5, 100917.5, 101020.0
[56][1], 100822.5, 100872.5, 100820.0
[56][2], 100577.5, 100545.0, 100760.0
[57][0], 100537.5, 100785.0, 100955.0
[57][1], 100865.0, 100882.5, 100780.0
[57][2], 100580.0, 100545.0, 100745.0
[58][0], 100660.0, 100855.0, 100980.0
[58][1], 101035.0, 101027.5, 100905.0
[58][2], 100705.0, 100657.5, 100875.0
[59][0], 100950.0, 101200.0, 101320.0
[59][1], 101387.5, 101392.5, 101267.5
[59][2], 100980.0, 100925.0, 101137.5
[60][0], 101087.5, 101295.0, 101357.5
[60][1], 101477.5, 101467.5, 101317.5
[60][2], 101022.5, 100982.5, 101192.5
[61][0], 101137.5, 101437.5, 101572.5
[61][1], 101445.0, 101490.0, 101350.0
[61][2], 101077.5, 101030.0, 101177.5
[62][0], 101050.0, 101280.0, 101400.0
[62][1], 101380.0, 101440.0, 101315.0
[62][2], 100967.5, 100997.5, 101190.0
[63][0], 100765.0, 101097.5, 101307.5
[63][1], 101180.0, 101282.5, 101185.0
[63][2], 100747.5, 100772.5, 101052.5
[64][0], 100885.0, 101175.0, 101382.5
[64][1], 101322.5, 101357.5, 101260.0
[64][2], 100902.5, 100842.5, 101097.5
[65][0], 101137.5, 101452.5, 101767.5
[65][1], 101380.0, 101470.0, 101385.0
[65][2], 100980.0, 100970.0, 101162.5
[66][0], 101362.5, 101567.5, 101792.5
[66][1], 101417.5, 101500.0, 101385.0
[66][2], 100992.5, 101025.0, 101240.0
[67][0], 101300.0, 101600.0, 101775.0
[67][1], 101327.5, 101402.5, 101322.5
[67][2], 100920.0, 100930.0, 101195.0
[68][0], 101222.5, 101460.0, 101702.5
[68][1], 101357.5, 101435.0, 101332.5
[68][2], 100925.0, 100967.5, 101220.0
[69][0], 101427.5, 101725.0, 101917.5
[69][1], 101442.5, 101585.0, 101510.0
[69][2], 100995.0, 101110.0, 101377.5
[70][0], 101600.0, 101957.5, 102165.0
[70][1], 101607.5, 101725.0, 101612.5
[70][2], 101135.0, 101242.5, 101460.0
[71][0], 101512.5, 101742.5, 101815.0
[71][1], 101657.5, 101697.5, 101522.5
[71][2], 101255.0, 101245.0, 101355.0
[72][0], 101145.0, 101437.5, 101530.0
[72][1], 101327.5, 101400.0, 101290.0
[72][2], 101012.5, 101032.5, 101160.0
[73][0], 101102.5, 101442.5, 101487.5
[73][1], 101290.0, 101355.0, 101252.5
[73][2], 100920.0, 100932.5, 101102.5
[74][0], 101002.5, 101390.0, 101475.0
[74][1], 101182.5, 101262.5, 101150.0
[74][2], 100847.5, 100862.5, 101022.5
[75][0], 100917.5, 101322.5, 101600.0
[75][1], 101142.5, 101225.0, 101127.5
[75][2], 100802.5, 100822.5, 100992.5
[76][0], 100940.0, 101300.0, 101545.0
[76][1], 101102.5, 101187.5, 101077.5
[76][2], 100770.0, 100760.0, 100962.5
[77][0], 100850.0, 101240.0, 101515.0
[77][1], 101070.0, 101160.0, 101025.0
[77][2], 100740.0, 100692.5, 100845.0
[78][0], 100697.5, 100985.0, 101202.5
[78][1], 100962.5, 100992.5, 100877.5
[78][2], 100630.0, 100537.5, 100715.0
[79][0], 100807.5, 101142.5, 101272.5
[79][1], 100982.5, 101015.0, 100907.5
[79][2], 100667.5, 100617.5, 100807.5
[80][0], 101150.0, 101502.5, 101590.0
[80][1], 101202.5, 101252.5, 101157.5
[80][2], 100890.0, 100835.0, 100992.5
[81][0], 101165.0, 101460.0, 101607.5
[81][1], 101232.5, 101302.5, 101212.5
[81][2], 100930.0, 100875.0, 101065.0
[82][0], 100922.5, 101160.0, 101260.0
[82][1], 101187.5, 101172.5, 100995.0
[82][2], 100832.5, 100767.5, 100942.5
[83][0], 100757.5, 101065.0, 101140.0
[83][1], 101170.0, 101160.0, 100970.0
[83][2], 100815.0, 100742.5, 100882.5
[84][0], 100880.0, 101282.5, 101382.5
[84][1], 101157.5, 101190.0, 101055.0
[84][2], 100832.5, 100787.5, 100955.0
[85][0], 100925.0, 101280.0, 101460.0
[85][1], 100960.0, 101055.0, 100962.5
[85][2], 100657.5, 100652.5, 100820.0
[86][0], 100780.0, 101052.5, 101232.5
[86][1], 100770.0, 100872.5, 100815.0
[86][2], 100485.0, 100482.5, 100695.0
[87][0], 100517.5, 100785.0, 100947.5
[87][1], 100517.5, 100605.0, 100585.0
[87][2], 100270.0, 100265.0, 100485.0
[88][0], 99877.5, 100187.5, 100472.5
[88][1], 99985.0, 100100.0, 100155.0
[88][2], 99855.0, 99822.5, 100097.5
[89][0], 99720.0, 100145.0, 100392.5
[89][1], 99972.5, 100045.0, 100055.0
[89][2], 99797.5, 99692.5, 99997.5
[90][0], 99962.5, 100382.5, 100547.5
[90][1], 100292.5, 100390.0, 100360.0
[90][2], 100000.0, 100015.0, 100312.5
[91][0], 100407.5, 100735.0, 100870.0
[91][1], 100645.0, 100742.5, 100702.5
[91][2], 100290.0, 100325.0, 100600.0
[92][0], 100645.0, 100952.5, 101200.0
[92][1], 100865.0, 100952.5, 100887.5
[92][2], 100455.0, 100495.0, 100737.5
[93][0], 100745.0, 101095.0, 101377.5
[93][1], 100895.0, 101007.5, 100962.5
[93][2], 100557.5, 100597.5, 100827.5
[94][0], 101012.5, 101402.5, 101832.5
[94][1], 100970.0, 101175.0, 101157.5
[94][2], 100685.0, 100747.5, 100940.0
[95][0], 100907.5, 101277.5, 101597.5
[95][1], 100852.5, 101030.0, 101005.0
[95][2], 100635.0, 100692.5, 100920.0
[96][0], 100962.5, 101310.0, 101610.0
[96][1], 100787.5, 101002.5, 101067.5
[96][2], 100515.0, 100670.0, 101017.5
[97][0], 100795.0, 101095.0, 101300.0
[97][1], 100715.0, 100890.0, 100895.0
[97][2], 100397.5, 100525.0, 100865.0
[98][0], 100852.5, 101162.5, 101320.0
[98][1], 100915.0, 101045.0, 100995.0
[98][2], 100605.0, 100660.0, 100915.0
[99][0], 101005.0, 101292.5, 101320.0
[99][1], 101065.0, 101167.5, 101062.5
[99][2], 100760.0, 100792.5, 101030.0
[100][0], 101035.0, 101350.0, 101387.5
[100][1], 101120.0, 101235.0, 101155.0
[100][2], 100837.5, 100860.0, 101127.5
[101][0], 100982.5, 101445.0, 101575.0
[101][1], 101145.0, 101307.5, 101247.5
[101][2], 100882.5, 100895.0, 101127.5
[102][0], 100720.0, 101152.5, 101417.5
[102][1], 100937.5, 101112.5, 101080.0
[102][2], 100740.0, 100762.5, 101012.5
[103][0], 100690.0, 101087.5, 101392.5
[103][1], 100787.5, 100957.5, 100962.5
[103][2], 100640.0, 100627.5, 100907.5
[104][0], 100637.5, 101002.5, 101357.5
[104][1], 100722.5, 100847.5, 100862.5
[104][2], 100555.0, 100487.5, 100750.0
[105][0], 100750.0, 101092.5, 101327.5
[105][1], 100772.5, 100915.0, 100915.0
[105][2], 100575.0, 100560.0, 100810.0
[106][0], 101015.0, 101340.0, 101495.0
[106][1], 100930.0, 101105.0, 101110.0
[106][2], 100655.0, 100725.0, 100997.5
[107][0], 100840.0, 101167.5, 101227.5
[107][1], 100957.5, 101022.5, 100925.0
[107][2], 100672.5, 100700.0, 100920.0
[108][0], 100410.0, 100835.0, 100985.0
[108][1], 100640.0, 100760.0, 100715.0
[108][2], 100457.5, 100482.5, 100742.5
[109][0], 100545.0, 100965.0, 101232.5
[109][1], 100595.0, 100762.5, 100772.5
[109][2], 100415.0, 100465.0, 100737.5
[110][0], 100887.5, 101227.5, 101530.0
[110][1], 100785.0, 100957.5, 100975.0
[110][2], 100557.5, 100587.5, 100862.5
[111][0], 101100.0, 101287.5, 101335.0
[111][1], 101085.0, 101117.5, 101017.5
[111][2], 100715.0, 100715.0, 100932.5
[112][0], 100925.0, 101237.5, 101327.5
[112][1], 100860.0, 100977.5, 100912.5
[112][2], 100650.0, 100675.0, 100837.5
[113][0], 100765.0, 101037.5, 101230.0
[113][1], 100745.0, 100870.0, 100797.5
[113][2], 100580.0, 100540.0, 100705.0
[114][0], 100902.5, 101255.0, 101430.0
[114][1], 100837.5, 100890.0, 100850.0
[114][2], 100517.5, 100467.5, 100695.0
[115][0], 100790.0, 101085.0, 101317.5
[115][1], 100725.0, 100835.0, 100805.0
[115][2], 100442.5, 100402.5, 100642.5
[116][0], 100792.5, 101165.0, 101297.5
[116][1], 100777.5, 100927.5, 100900.0
[116][2], 100530.0, 100505.0, 100760.0
[117][0], 100952.5, 101330.0, 101550.0
[117][1], 100792.5, 101032.5, 101045.0
[117][2], 100597.5, 100655.0, 100907.5
[118][0], 101017.5, 101412.5, 101617.5
[118][1], 100815.0, 101057.5, 101035.0
[118][2], 100552.5, 100665.0, 100905.0
[119][0], 100990.0, 101312.5, 101445.0
[119][1], 100807.5, 101020.0, 100992.5
[119][2], 100515.0, 100612.5, 100857.5
[120][0], 100945.0, 101272.5, 101415.0
[120][1], 100830.0, 101022.5, 101000.0
[120][2], 100592.5, 100642.5, 100860.0
[121][0], 101007.5, 101327.5, 101372.5
[121][1], 100870.0, 101015.0, 100982.5
[121][2], 100570.0, 100645.0, 100900.0
[122][0], 100912.5, 101160.0, 101097.5
[122][1], 100820.0, 100930.0, 100867.5
[122][2], 100535.0, 100585.0, 100830.0
[123][0], 100942.5, 101250.0, 101220.0
[123][1], 100862.5, 101052.5, 101030.0
[123][2], 100602.5, 100725.0, 100930.0
[124][0], 100952.5, 101210.0, 101215.0
[124][1], 100885.0, 101057.5, 101017.5
[124][2], 100580.0, 100685.0, 100910.0
[125][0], 101035.0, 101342.5, 101480.0
[125][1], 100917.5, 101135.0, 101182.5
[125][2], 100675.0, 100777.5, 101057.5
[126][0], 101075.0, 101322.5, 101487.5
[126][1], 101027.5, 101160.0, 101182.5
[126][2], 100795.0, 100840.0, 101085.0
[127][0], 100937.5, 101162.5, 101317.5
[127][1], 100925.0, 101080.0, 101082.5
[127][2], 100645.0, 100707.5, 100975.0
[128][0], 100802.5, 101070.0, 101122.5
[128][1], 100787.5, 100927.5, 100890.0
[128][2], 100502.5, 100552.5, 100790.0
[129][0], 100707.5, 100977.5, 101092.5
[129][1], 100692.5, 100785.0, 100747.5
[129][2], 100437.5, 100452.5, 100680.0
[130][0], 100575.0, 100862.5, 101055.0
[130][1], 100567.5, 100725.0, 100757.5
[130][2], 100322.5, 100377.5, 100660.0
[131][0], 100485.0, 100770.0, 100782.5
[131][1], 100507.5, 100630.0, 100562.5
[131][2], 100205.0, 100265.0, 100470.0
[132][0], 100590.0, 100745.0, 100755.0
[132][1], 100547.5, 100607.5, 100552.5
[132][2], 100145.0, 100237.5, 100467.5
[133][0], 100462.5, 100725.0, 100697.5
[133][1], 100425.0, 100542.5, 100547.5
[133][2], 100105.0, 100165.0, 100450.0
[134][0], 100607.5, 100967.5, 101037.5
[134][1], 100540.0, 100680.0, 100690.0
[134][2], 100275.0, 100307.5, 100590.0
[135][0], 100657.5, 101000.0, 101205.0
[135][1], 100572.5, 100717.5, 100717.5
[135][2], 100410.0, 100410.0, 100675.0
[136][0], 100715.0, 101042.5, 101142.5
[136][1], 100587.5, 100690.0, 100660.0
[136][2], 100410.0, 100385.0, 100620.0
[137][0], 100715.0, 100962.5, 100950.0
[137][1], 100672.5, 100677.5, 100577.5
[137][2], 100390.0, 100372.5, 100587.5
[138][0], 100667.5, 100817.5, 100710.0
[138][1], 100620.0, 100607.5, 100435.0
[138][2], 100325.0, 100315.0, 100530.0
[139][0], 100707.5, 100910.0, 100825.0
[139][1], 100600.0, 100637.5, 100515.0
[139][2], 100242.5, 100305.0, 100560.0
[140][0], 100517.5, 100702.5, 100790.0
[140][1], 100560.0, 100575.0, 100515.0
[140][2], 100357.5, 100292.5, 100510.0
[141][0], 100455.0, 100745.0, 100685.0
[141][1], 100427.5, 100520.0, 100470.0
[141][2], 100210.0, 100152.5, 100347.5
[142][0], 100477.5, 100845.0, 100860.0
[142][1], 100440.0, 100482.5, 100412.5
[142][2], 100187.5, 100112.5, 100247.5
[143][0], 100332.5, 100647.5, 100722.5
[143][1], 100352.5, 100365.0, 100315.0
[143][2], 100075.0, 100012.5, 100150.0
[144][0], 100240.0, 100552.5, 100727.5
[144][1], 100170.0, 100220.0, 100202.5
[144][2], 99767.5, 99527.5, 99642.5
[145][0], 100130.0, 100530.0, 100700.0
[145][1], 99977.5, 99960.0, 100120.0
[145][2], 99452.5, 99095.0, 99492.5
[146][0], 100180.0, 100517.5, 100737.5
[146][1], 99795.0, 100047.5, 100470.0
[146][2], 99610.0, 99655.0, 100197.5
[147][0], 100267.5, 100815.0, 101182.5
[147][1], 100270.0, 100620.0, 100815.0
[147][2], 100162.5, 100272.5, 100600.0
[148][0], 100555.0, 100895.0, 101035.0
[148][1], 100582.5, 100712.5, 100740.0
[148][2], 100352.5, 100377.5, 100607.5
[149][0], 100345.0, 100585.0, 100647.5
[149][1], 100395.0, 100455.0, 100465.0
[149][2], 100190.0, 100182.5, 100402.5
[150][0], 100212.5, 100510.0, 100597.5
[150][1], 100245.0, 100382.5, 100417.5
[150][2], 100037.5, 100072.5, 100330.0
[151][0], 100460.0, 100737.5, 100800.0
[151][1], 100450.0, 100540.0, 100517.5
[151][2], 100205.0, 100197.5, 100420.0
[152][0], 100530.0, 100820.0, 100777.5
[152][1], 100575.0, 100662.5, 100580.0
[152][2], 100342.5, 100365.0, 100557.5
[153][0], 100650.0, 101047.5, 101010.0
[153][1], 100640.0, 100740.0, 100712.5
[153][2], 100455.0, 100442.5, 100670.0
[154][0], 100517.5, 100852.5, 100882.5
[154][1], 100552.5, 100660.0, 100642.5
[154][2], 100427.5, 100415.0, 100642.5
[155][0], 100435.0, 100805.0, 100775.0
[155][1], 100512.5, 100570.0, 100537.5
[155][2], 100407.5, 100322.5, 100525.0
[156][0], 100277.5, 100602.5, 100662.5
[156][1], 100385.0, 100467.5, 100447.5
[156][2], 100350.0, 100267.5, 100457.5
[157][0], 100072.5, 100445.0, 100520.0
[157][1], 100170.0, 100282.5, 100292.5
[157][2], 100122.5, 100097.5, 100335.0
[158][0], 100082.5, 100505.0, 100532.5
[158][1], 100007.5, 100177.5, 100240.0
[158][2], 99975.0, 99982.5, 100220.0
[159][0], 100325.0, 100787.5, 100767.5
[159][1], 100097.5, 100220.0, 100227.5
[159][2], 99960.0, 99935.0, 100105.0
[160][0], 100175.0, 100595.0, 100582.5
[160][1], 99935.0, 100045.0, 100055.0
[160][2], 99815.0, 99772.5, 99910.0
[161][0], 100080.0, 100420.0, 100470.0
[161][1], 99875.0, 99972.5, 99982.5
[161][2], 99705.0, 99645.0, 99795.0
[162][0], 100132.5, 100455.0, 100552.5
[162][1], 99987.5, 100065.0, 100082.5
[162][2], 99832.5, 99722.5, 99867.5
[163][0], 100052.5, 100340.0, 100402.5
[163][1], 99910.0, 99992.5, 100035.0
[163][2], 99722.5, 99682.5, 99862.5
[164][0], 99835.0, 100162.5, 100222.5
[164][1], 99680.0, 99815.0, 99922.5
[164][2], 99540.0, 99495.0, 99755.0
[165][0], 99697.5, 100012.5, 100195.0
[165][1], 99595.0, 99697.5, 99802.5
[165][2], 99607.5, 99507.5, 99680.0
[166][0], 99965.0, 100230.0, 100340.0
[166][1], 99845.0, 99905.0, 99957.5
[166][2], 99772.5, 99662.5, 99865.0
[167][0], 100022.5, 100377.5, 100547.5
[167][1], 99895.0, 100030.0, 100145.0
[167][2], 99830.0, 99795.0, 100050.0
[168][0], 100080.0, 100422.5, 100652.5
[168][1], 100057.5, 100245.0, 100355.0
[168][2], 100007.5, 100002.5, 100275.0
[169][0], 100062.5, 100475.0, 100700.0
[169][1], 100162.5, 100325.0, 100392.5
[169][2], 100165.0, 100137.5, 100372.5
[170][0], 100185.0, 100500.0, 100682.5
[170][1], 100240.0, 100390.0, 100437.5
[170][2], 100275.0, 100215.0, 100390.0
[171][0], 100305.0, 100612.5, 100612.5
[171][1], 100230.0, 100335.0, 100337.5
[171][2], 100177.5, 100132.5, 100297.5
[172][0], 100472.5, 100817.5, 100717.5
[172][1], 100255.0, 100412.5, 100432.5
[172][2], 100127.5, 100160.0, 100365.0
[173][0], 100502.5, 100865.0, 100827.5
[173][1], 100332.5, 100482.5, 100490.0
[173][2], 100172.5, 100202.5, 100405.0
[174][0], 100370.0, 100710.0, 100660.0
[174][1], 100230.0, 100345.0, 100347.5
[174][2], 100087.5, 100080.0, 100280.0
[175][0], 100285.0, 100570.0, 100555.0
[175][1], 100135.0, 100255.0, 100265.0
[175][2], 99977.5, 99975.0, 100155.0
[176][0], 100455.0, 100757.5, 100802.5
[176][1], 100367.5, 100490.0, 100480.0
[176][2], 100177.5, 100200.0, 100390.0
[177][0], 100627.5, 100870.0, 100947.5
[177][1], 100610.0, 100722.5, 100707.5
[177][2], 100470.0, 100447.5, 100650.0
[178][0], 100467.5, 100685.0, 100710.0
[178][1], 100422.5, 100552.5, 100552.5
[178][2], 100400.0, 100392.5, 100597.5
[179][0], 100147.5, 100462.5, 100532.5
[179][1], 100110.0, 100272.5, 100330.0
[179][2], 100182.5, 100170.0, 100382.5
[180][0], 99970.0, 100360.0, 100382.5
[180][1], 99925.0, 100107.5, 100162.5
[180][2], 99972.5, 99977.5, 100212.5
[181][0], 99900.0, 100277.5, 100370.0
[181][1], 99900.0, 100097.5, 100142.5
[181][2], 99920.0, 99915.0, 100127.5
[182][0], 100087.5, 100400.0, 100455.0
[182][1], 100092.5, 100245.0, 100282.5
[182][2], 100075.0, 100045.0, 100277.5
[183][0], 100215.0, 100455.0, 100485.0
[183][1], 100215.0, 100292.5, 100307.5
[183][2], 100187.5, 100100.0, 100282.5
[184][0], 100432.5, 100695.0, 100762.5
[184][1], 100392.5, 100497.5, 100490.0
[184][2], 100300.0, 100235.0, 100425.0
[185][0], 100460.0, 100682.5, 100757.5
[185][1], 100372.5, 100475.0, 100457.5
[185][2], 100227.5, 100205.0, 100357.5
[186][0], 100255.0, 100497.5, 100525.0
[186][1], 100155.0, 100282.5, 100282.5
[186][2], 100077.5, 100065.0, 100262.5
[187][0], 100202.5, 100480.0, 100605.0
[187][1], 100117.5, 100250.0, 100292.5
[187][2], 100080.0, 100037.5, 100230.0
[188][0], 100280.0, 100540.0, 100727.5
[188][1], 100277.5, 100377.5, 100372.5
[188][2], 100180.0, 100102.5, 100235.0
[189][0], 100330.0, 100585.0, 100715.0
[189][1], 100205.0, 100330.0, 100337.5
[189][2], 100007.5, 100000.0, 100157.5
[190][0], 100390.0, 100657.5, 100792.5
[190][1], 100187.5, 100372.5, 100400.0
[190][2], 100027.5, 100055.0, 100215.0
[191][0], 100640.0, 100902.5, 100920.0
[191][1], 100437.5, 100587.5, 100567.5
[191][2], 100232.5, 100242.5, 100395.0
[192][0], 100707.5, 100977.5, 101010.0
[192][1], 100515.0, 100645.0, 100610.0
[192][2], 100315.0, 100315.0, 100472.5
[193][0], 100530.0, 100832.5, 100862.5
[193][1], 100405.0, 100597.5, 100625.0
[193][2], 100197.5, 100267.5, 100500.0
[194][0], 100525.0, 100850.0, 100840.0
[194][1], 100382.5, 100600.0, 100635.0
[194][2], 100205.0, 100297.5, 100532.5
[195][0], 100640.0, 100930.0, 100890.0
[195][1], 100515.0, 100690.0, 100677.5
[195][2], 100392.5, 100407.5, 100565.0
[196][0], 100635.0, 100910.0, 100940.0
[196][1], 100567.5, 100710.0, 100702.5
[196][2], 100502.5, 100502.5, 100672.5
[197][0], 100487.5, 100800.0, 100855.0
[197][1], 100450.0, 100555.0, 100570.0
[197][2], 100392.5, 100362.5, 100532.5
[198][0], 100315.0, 100612.5, 100677.5
[198][1], 100252.5, 100332.5, 100312.5
[198][2], 100175.0, 100137.5, 100275.0
[199][0], 100070.0, 100382.5, 100515.0
[199][1], 100072.5, 100165.0, 100192.5
[199][2], 100040.0, 99980.0, 100107.5
[200][0], 100025.0, 100380.0, 100517.5
[200][1], 100095.0, 100202.5, 100212.5
[200][2], 100040.0, 99947.5, 100050.0
[201][0], 99900.0, 100240.0, 100400.0
[201][1], 99857.5, 99947.5, 99975.0
[201][2], 99787.5, 99697.5, 99787.5
[202][0], 99880.0, 100225.0, 100377.5
[202][1], 99727.5, 99830.0, 99880.0
[202][2], 99542.5, 99485.0, 99610.0
[203][0], 99910.0, 100252.5, 100455.0
[203][1], 99695.0, 99785.0, 99915.0
[203][2], 99485.0, 99395.0, 99610.0
[204][0], 100017.5, 100407.5, 100530.0
[204][1], 99812.5, 100007.5, 100112.5
[204][2], 99757.5, 99770.0, 99955.0
[205][0], 100055.0, 100375.0, 100450.0
[205][1], 99937.5, 100082.5, 100105.0
[205][2], 99905.0, 99867.5, 100002.5
[206][0], 99855.0, 100135.0, 100265.0
[206][1], 99817.5, 99882.5, 99890.0
[206][2], 99865.0, 99720.0, 99755.0
[207][0], 99840.0, 100142.5, 100270.0
[207][1], 99735.0, 99785.0, 99802.5
[207][2], 99725.0, 99550.0, 99600.0
[208][0], 99887.5, 100167.5, 100310.0
[208][1], 99865.0, 99782.5, 99740.0
[208][2], 99797.5, 99462.5, 99445.0
[209][0], 99770.0, 100080.0, 100352.5
[209][1], 99805.0, 99667.5, 99625.0
[209][2], 99790.0, 99372.5, 99297.5
[210][0], 99910.0, 100270.0, 100545.0
[210][1], 99782.5, 99865.0, 100042.5
[210][2], 99782.5, 99672.5, 99927.5
[211][0], 99997.5, 100420.0, 100597.5
[211][1], 99800.0, 100082.5, 100237.5
[211][2], 99872.5, 99880.0, 100107.5
[212][0], 100050.0, 100390.0, 100522.5
[212][1], 99905.0, 100125.0, 100175.0
[212][2], 99935.0, 99902.5, 100055.0
[213][0], 100142.5, 100447.5, 100632.5
[213][1], 100082.5, 100207.5, 100207.5
[213][2], 100045.0, 99970.0, 100075.0
[214][0], 100217.5, 100462.5, 100640.0
[214][1], 100222.5, 100247.5, 100227.5
[214][2], 100197.5, 100030.0, 100092.5
[215][0], 100267.5, 100495.0, 100675.0
[215][1], 100285.0, 100287.5, 100242.5
[215][2], 100250.0, 100075.0, 100105.0
[216][0], 100157.5, 100410.0, 100560.0
[216][1], 100090.0, 100147.5, 100122.5
[216][2], 100032.5, 99920.0, 100000.0
[217][0], 100152.5, 100412.5, 100567.5
[217][1], 100042.5, 100160.0, 100190.0
[217][2], 99990.0, 99940.0, 100080.0
[218][0], 100365.0, 100610.0, 100710.0
[218][1], 100327.5, 100437.5, 100440.0
[218][2], 100237.5, 100187.5, 100375.0
[219][0], 100525.0, 100767.5, 100817.5
[219][1], 100500.0, 100617.5, 100582.5
[219][2], 100445.0, 100385.0, 100565.0
[220][0], 100390.0, 100662.5, 100742.5
[220][1], 100375.0, 100510.0, 100525.0
[220][2], 100380.0, 100317.5, 100515.0
[221][0], 100167.5, 100435.0, 100552.5
[221][1], 100192.5, 100272.5, 100297.5
[221][2], 100200.0, 100105.0, 100280.0
[222][0], 100235.0, 100587.5, 100747.5
[222][1], 100175.0, 100317.5, 100377.5
[222][2], 100177.5, 100090.0, 100287.5
[223][0], 100367.5, 100672.5, 100825.0
[223][1], 100415.0, 100497.5, 100505.0
[223][2], 100387.5, 100267.5, 100442.5
[224][0], 100185.0, 100470.0, 100595.0
[224][1], 100217.5, 100312.5, 100325.0
[224][2], 100267.5, 100190.0, 100350.0
[225][0], 100035.0, 100377.5, 100467.5
[225][1], 100097.5, 100230.0, 100250.0
[225][2], 100070.0, 100027.5, 100222.5
[226][0], 100180.0, 100517.5, 100662.5
[226][1], 100255.0, 100400.0, 100427.5
[226][2], 100180.0, 100152.5, 100327.5
[227][0], 100492.5, 100837.5, 100965.0
[227][1], 100487.5, 100632.5, 100637.5
[227][2], 100367.5, 100347.5, 100527.5
[228][0], 100517.5, 100842.5, 100977.5
[228][1], 100450.0, 100642.5, 100695.0
[228][2], 100265.0, 100312.5, 100570.0
[229][0], 100375.0, 100670.0, 100765.0
[229][1], 100210.0, 100405.0, 100492.5
[229][2], 100110.0, 100172.5, 100455.0
[230][0], 100330.0, 100665.0, 100785.0
[230][1], 100207.5, 100480.0, 100582.5
[230][2], 100157.5, 100250.0, 100530.0
[231][0], 100620.0, 100947.5, 101075.0
[231][1], 100552.5, 100825.0, 100887.5
[231][2], 100492.5, 100567.5, 100815.0
[232][0], 100775.0, 101007.5, 101092.5
[232][1], 100757.5, 100922.5, 100940.0
[232][2], 100735.0, 100730.0, 100920.0
[233][0], 100552.5, 100760.0, 100825.0
[233][1], 100592.5, 100705.0, 100717.5
[233][2], 100605.0, 100542.5, 100742.5
[234][0], 100345.0, 100597.5, 100730.0
[234][1], 100497.5, 100565.0, 100550.0
[234][2], 100545.0, 100417.5, 100552.5
[235][0], 100215.0, 100455.0, 100552.5
[235][1], 100365.0, 100435.0, 100402.5
[235][2], 100397.5, 100270.0, 100407.5
[236][0], 99957.5, 100232.5, 100365.0
[236][1], 100082.5, 100182.5, 100200.0
[236][2], 100145.0, 100045.0, 100197.5
[237][0], 100010.0, 100347.5, 100560.0
[237][1], 100100.0, 100227.5, 100270.0
[237][2], 100092.5, 100012.5, 100197.5
[238][0], 100322.5, 100602.5, 100775.0
[238][1], 100340.0, 100457.5, 100490.0
[238][2], 100200.0, 100155.0, 100362.5
[239][0], 100282.5, 100630.0, 100810.0
[239][1], 100295.0, 100460.0, 100495.0
[239][2], 100095.0, 100090.0, 100302.5
[240][0], 100450.0, 100800.0, 101007.5
[240][1], 100392.5, 100615.0, 100667.5
[240][2], 100177.5, 100235.0, 100457.5
[241][0], 100762.5, 101082.5, 101210.0
[241][1], 100672.5, 100872.5, 100850.0
[241][2], 100485.0, 100520.0, 100685.0
[242][0], 100857.5, 101165.0, 101262.5
[242][1], 100830.0, 100975.0, 100932.5
[242][2], 100702.5, 100700.0, 100855.0
[243][0], 100677.5, 101000.0, 101147.5
[243][1], 100665.0, 100842.5, 100850.0
[243][2], 100630.0, 100622.5, 100807.5
[244][0], 100562.5, 100892.5, 101037.5
[244][1], 100602.5, 100735.0, 100727.5
[244][2], 100547.5, 100495.0, 100657.5
[245][0], 100432.5, 100765.0, 100915.0
[245][1], 100467.5, 100582.5, 100542.5
[245][2], 100377.5, 100320.0, 100442.5
[246][0], 100307.5, 100670.0, 100835.0
[246][1], 100387.5, 100487.5, 100447.5
[246][2], 100315.0, 100220.0, 100335.0
[247][0], 100435.0, 100760.0, 100952.5
[247][1], 100397.5, 100517.5, 100502.5
[247][2], 100260.0, 100187.5, 100317.5
[248][0], 100647.5, 100987.5, 101240.0
[248][1], 100510.0, 100685.0, 100762.5
[248][2], 100252.5, 100252.5, 100490.0
[249][0], 100762.5, 101157.5, 101345.0
[249][1], 100642.5, 100942.5, 101012.5
[249][2], 100400.0, 100532.5, 100812.5
[250][0], 100667.5, 100962.5, 101065.0
[250][1], 100650.0, 100807.5, 100797.5
[250][2], 100517.5, 100505.0, 100675.0
[251][0], 100602.5, 100907.5, 101062.5
[251][1], 100555.0, 100685.0, 100677.5
[251][2], 100477.5, 100400.0, 100497.5
[252][0], 100577.5, 100907.5, 101140.0
[252][1], 100480.0, 100565.0, 100525.0
[252][2], 100375.0, 100250.0, 100325.0
[253][0], 100597.5, 100927.5, 101060.0
[253][1], 100427.5, 100562.5, 100537.5
[253][2], 100240.0, 100162.5, 100260.0
[254][0], 100317.5, 100645.0, 100807.5
[254][1], 100150.0, 100237.5, 100242.5
[254][2], 99905.0, 99777.5, 99915.0
[255][0], 100380.0, 100757.5, 100990.0
[255][1], 100090.0, 100312.5, 100460.0
[255][2], 99717.5, 99765.0, 100112.5
[256][0], 100577.5, 101052.5, 101280.0
[256][1], 100245.0, 100647.5, 100807.5
[256][2], 99940.0, 100207.5, 100605.0
[257][0], 100722.5, 101147.5, 101295.0
[257][1], 100492.5, 100812.5, 100850.0
[257][2], 100312.5, 100447.5, 100715.0
[258][0], 100552.5, 100925.0, 101032.5
[258][1], 100422.5, 100635.0, 100647.5
[258][2], 100320.0, 100352.5, 100570.0
[259][0], 100515.0, 100800.0, 100935.0
[259][1], 100522.5, 100685.0, 100682.5
[259][2], 100372.5, 100327.5, 100492.5
[260][0], 100687.5, 100925.0, 101075.0
[260][1], 100692.5, 100795.0, 100760.0
[260][2], 100592.5, 100507.5, 100625.0
[261][0], 100842.5, 101135.0, 101282.5
[261][1], 100795.0, 100855.0, 100820.0
[261][2], 100725.0, 100612.5, 100755.0
[262][0], 100807.5, 101097.5, 101255.0
[262][1], 100677.5, 100717.5, 100715.0
[262][2], 100535.0, 100405.0, 100572.5
[263][0], 100700.0, 100960.0, 101030.0
[263][1], 100565.0, 100675.0, 100705.0
[263][2], 100327.5, 100277.5, 100502.5
[264][0], 100697.5, 100990.0, 101127.5
[264][1], 100550.0, 100702.5, 100722.5
[264][2], 100287.5, 100295.0, 100515.0
[265][0], 100782.5, 101110.0, 101220.0
[265][1], 100682.5, 100872.5, 100842.5
[265][2], 100520.0, 100537.5, 100675.0
[266][0], 100877.5, 101165.0, 101235.0
[266][1], 100720.0, 100847.5, 100792.5
[266][2], 100577.5, 100525.0, 100620.0
[267][0], 100632.5, 100915.0, 101065.0
[267][1], 100607.5, 100695.0, 100670.0
[267][2], 100502.5, 100402.5, 100495.0
[268][0], 100700.0, 101020.0, 101180.0
[268][1], 100562.5, 100677.5, 100630.0
[268][2], 100387.5, 100337.5, 100447.5
[269][0], 100762.5, 101082.5, 101227.5
[269][1], 100590.0, 100750.0, 100742.5
[269][2], 100417.5, 100417.5, 100552.5
[270][0], 100897.5, 101212.5, 101370.0
[270][1], 100725.0, 100842.5, 100867.5
[270][2], 100565.0, 100450.0, 100612.5
[271][0], 100972.5, 101280.0, 101445.0
[271][1], 100822.5, 100990.0, 101072.5
[271][2], 100605.0, 100600.0, 100825.0
[272][0], 100985.0, 101317.5, 101432.5
[272][1], 100772.5, 101007.5, 101090.0
[272][2], 100675.0, 100735.0, 100965.0
[273][0], 100890.0, 101252.5, 101405.0
[273][1], 100742.5, 100982.5, 101050.0
[273][2], 100747.5, 100745.0, 100930.0
[274][0], 100625.0, 100932.5, 101102.5
[274][1], 100657.5, 100820.0, 100880.0
[274][2], 100735.0, 100665.0, 100845.0
[275][0], 100557.5, 100797.5, 100867.5
[275][1], 100625.0, 100720.0, 100720.0
[275][2], 100612.5, 100527.5, 100705.0
[276][0], 100672.5, 100932.5, 101072.5
[276][1], 100720.0, 100842.5, 100852.5
[276][2], 100567.5, 100545.0, 100750.0
[277][0], 100787.5, 101085.0, 101277.5
[277][1], 100832.5, 100947.5, 100972.5
[277][2], 100712.5, 100665.0, 100842.5
[278][0], 100730.0, 101060.0, 101207.5
[278][1], 100745.0, 100870.0, 100860.0
[278][2], 100632.5, 100597.5, 100745.0
[279][0], 100677.5, 100982.5, 101035.0
[279][1], 100625.0, 100727.5, 100712.5
[279][2], 100505.0, 100447.5, 100597.5
[280][0], 100535.0, 100832.5, 100967.5
[280][1], 100575.0, 100652.5, 100627.5
[280][2], 100430.0, 100352.5, 100507.5
[281][0], 100577.5, 100832.5, 100972.5
[281][1], 100632.5, 100705.0, 100662.5
[281][2], 100480.0, 100407.5, 100557.5
[282][0], 100650.0, 100957.5, 101075.0
[282][1], 100682.5, 100752.5, 100727.5
[282][2], 100500.0, 100437.5, 100595.0
[283][0], 100680.0, 101017.5, 101130.0
[283][1], 100600.0, 100665.0, 100622.5
[283][2], 100445.0, 100367.5, 100455.0
[284][0], 100652.5, 100952.5, 101065.0
[284][1], 100595.0, 100615.0, 100517.5
[284][2], 100452.5, 100332.5, 100370.0
[285][0], 100652.5, 100952.5, 101055.0
[285][1], 100545.0, 100607.5, 100542.5
[285][2], 100372.5, 100285.0, 100382.5
[286][0], 100615.0, 100920.0, 101037.5
[286][1], 100517.5, 100610.0, 100560.0
[286][2], 100332.5, 100277.5, 100412.5
[287][0], 100537.5, 100885.0, 101062.5
[287][1], 100437.5, 100537.5, 100517.5
[287][2], 100255.0, 100172.5, 100285.0
[288][0], 100715.0, 101000.0, 101162.5
[288][1], 100537.5, 100682.5, 100720.0
[288][2], 100350.0, 100332.5, 100510.0
[289][0], 100777.5, 101015.0, 101257.5
[289][1], 100627.5, 100762.5, 100832.5
[289][2], 100407.5, 100377.5, 100590.0
[290][0], 100727.5, 101027.5, 101287.5
[290][1], 100540.0, 100795.0, 100960.0
[290][2], 100305.0, 100357.5, 100697.5
[291][0], 100710.0, 101282.5, 101570.0
[291][1], 100677.5, 101055.0, 101250.0
[291][2], 100545.0, 100705.0, 101060.0
[292][0], 100737.5, 101050.0, 101340.0
[292][1], 101035.0, 101125.0, 101177.5
[292][2], 100977.5, 100885.0, 101090.0
[293][0], 100772.5, 100985.0, 101012.5
[293][1], 101072.5, 101145.0, 101112.5
[293][2], 101027.5, 100937.5, 101070.0
[294][0], 100922.5, 101215.0, 101410.0
[294][1], 101145.0, 101270.0, 101315.0
[294][2], 101085.0, 101017.5, 101195.0
[295][0], 101187.5, 101405.0, 101625.0
[295][1], 101402.5, 101485.0, 101480.0
[295][2], 101185.0, 101142.5, 101302.5
[296][0], 101262.5, 101447.5, 101635.0
[296][1], 101437.5, 101537.5, 101517.5
[296][2], 101155.0, 101142.5, 101310.0
[297][0], 101027.5, 101220.0, 101385.0
[297][1], 101305.0, 101387.5, 101345.0
[297][2], 101022.5, 101005.0, 101155.0
[298][0], 101060.0, 101325.0, 101515.0
[298][1], 101317.5, 101400.0, 101352.5
[298][2], 101020.0, 100982.5, 101125.0
[299][0], 101237.5, 101497.5, 101642.5
[299][1], 101470.0, 101515.0, 101457.5
[299][2], 101112.5, 101042.5, 101202.5
[300][0], 101385.0, 101605.0, 101730.0
[300][1], 101535.0, 101572.5, 101507.5
[300][2], 101197.5, 101140.0, 101257.5
[301][0], 101520.0, 101782.5, 101877.5
[301][1], 101650.0, 101665.0, 101547.5
[301][2], 101310.0, 101240.0, 101337.5
[302][0], 101277.5, 101480.0, 101642.5
[302][1], 101562.5, 101602.5, 101517.5
[302][2], 101260.0, 101240.0, 101375.0
[303][0], 101085.0, 101282.5, 101480.0
[303][1], 101497.5, 101575.0, 101515.0
[303][2], 101240.0, 101225.0, 101377.5
[304][0], 101205.0, 101405.0, 101612.5
[304][1], 101542.5, 101640.0, 101600.0
[304][2], 101222.5, 101247.5, 101437.5
[305][0], 101290.0, 101437.5, 101650.0
[305][1], 101600.0, 101682.5, 101630.0
[305][2], 101310.0, 101290.0, 101455.0
[306][0], 101220.0, 101360.0, 101527.5
[306][1], 101497.5, 101572.5, 101497.5
[306][2], 101235.0, 101187.5, 101335.0
[307][0], 101225.0, 101435.0, 101550.0
[307][1], 101420.0, 101537.5, 101485.0
[307][2], 101162.5, 101150.0, 101292.5
[308][0], 101077.5, 101267.5, 101402.5
[308][1], 101337.5, 101422.5, 101357.5
[308][2], 101070.0, 101032.5, 101157.5
[309][0], 100825.0, 101020.0, 101220.0
[309][1], 101155.0, 101257.5, 101235.0
[309][2], 100947.5, 100920.0, 101072.5
[310][0], 100937.5, 101115.0, 101312.5
[310][1], 101227.5, 101317.5, 101272.5
[310][2], 101022.5, 100965.0, 101085.0
[311][0], 101087.5, 101277.5, 101467.5
[311][1], 101350.0, 101412.5, 101362.5
[311][2], 101122.5, 101035.0, 101160.0
[312][0], 101155.0, 101357.5, 101620.0
[312][1], 101390.0, 101465.0, 101415.0
[312][2], 101147.5, 101100.0, 101242.5
[313][0], 101075.0, 101235.0, 101477.5
[313][1], 101340.0, 101397.5, 101367.5
[313][2], 101085.0, 101050.0, 101222.5
[314][0], 101027.5, 101197.5, 101335.0
[314][1], 101332.5, 101385.0, 101332.5
[314][2], 101040.0, 101022.5, 101187.5
[315][0], 101017.5, 101227.5, 101412.5
[315][1], 101412.5, 101460.0, 101410.0
[315][2], 101127.5, 101095.0, 101265.0
[316][0], 101002.5, 101200.0, 101400.0
[316][1], 101360.0, 101467.5, 101445.0
[316][2], 101082.5, 101087.5, 101290.0
[317][0], 101025.0, 101192.5, 101352.5
[317][1], 101305.0, 101405.0, 101375.0
[317][2], 100977.5, 101025.0, 101210.0
[318][0], 100835.0, 100995.0, 101182.5
[318][1], 101187.5, 101277.5, 101270.0
[318][2], 100865.0, 100890.0, 101092.5
[319][0], 101017.5, 101232.5, 101430.0
[319][1], 101350.0, 101422.5, 101385.0
[319][2], 101055.0, 101050.0, 101200.0
[320][0], 101325.0, 101560.0, 101735.0
[320][1], 101507.5, 101570.0, 101495.0
[320][2], 101205.0, 101210.0, 101312.5
[321][0], 101075.0, 101235.0, 101492.5
[321][1], 101297.5, 101342.5, 101300.0
[321][2], 101055.0, 101047.5, 101182.5
[322][0], 100792.5, 100970.0, 101120.0
[322][1], 101100.0, 101177.5, 101120.0
[322][2], 100900.0, 100872.5, 101025.0
[323][0], 100807.5, 100960.0, 101097.5
[323][1], 101145.0, 101195.0, 101135.0
[323][2], 100930.0, 100882.5, 101057.5
[324][0], 100782.5, 101022.5, 101245.0
[324][1], 101255.0, 101315.0, 101300.0
[324][2], 101042.5, 100992.5, 101160.0
[325][0], 100692.5, 100930.0, 101202.5
[325][1], 101215.0, 101270.0, 101272.5
[325][2], 101017.5, 100957.5, 101170.0
[326][0], 100950.0, 101162.5, 101355.0
[326][1], 101367.5, 101425.0, 101400.0
[326][2], 101060.0, 101005.0, 101202.5
[327][0], 101157.5, 101345.0, 101560.0
[327][1], 101502.5, 101587.5, 101525.0
[327][2], 101140.0, 101157.5, 101322.5
[328][0], 101022.5, 101212.5, 101515.0
[328][1], 101490.0, 101575.0, 101540.0
[328][2], 101142.5, 101167.5, 101325.0
[329][0], 101262.5, 101352.5, 101590.0
[329][1], 101632.5, 101700.0, 101640.0
[329][2], 101255.0, 101257.5, 101387.5
[330][0], 101357.5, 101560.0, 101817.5
[330][1], 101682.5, 101770.0, 101682.5
[330][2], 101312.5, 101317.5, 101440.0
[331][0], 101355.0, 101530.0, 101812.5
[331][1], 101717.5, 101815.0, 101725.0
[331][2], 101385.0, 101395.0, 101512.5
[332][0], 101290.0, 101542.5, 101850.0
[332][1], 101685.0, 101752.5, 101695.0
[332][2], 101385.0, 101360.0, 101477.5
[333][0], 101460.0, 101727.5, 102030.0
[333][1], 101685.0, 101725.0, 101652.5
[333][2], 101380.0, 101332.5, 101430.0
[334][0], 101380.0, 101595.0, 101825.0
[334][1], 101585.0, 101657.5, 101582.5
[334][2], 101295.0, 101255.0, 101360.0
[335][0], 101285.0, 101452.5, 101692.5
[335][1], 101530.0, 101607.5, 101565.0
[335][2], 101300.0, 101265.0, 101397.5
[336][0], 101380.0, 101507.5, 101722.5
[336][1], 101627.5, 101715.0, 101677.5
[336][2], 101375.0, 101352.5, 101482.5
[337][0], 101360.0, 101590.0, 101880.0
[337][1], 101592.5, 101725.0, 101697.5
[337][2], 101357.5, 101377.5, 101507.5
[338][0], 101367.5, 101582.5, 101900.0
[338][1], 101562.5, 101712.5, 101690.0
[338][2], 101207.5, 101232.5, 101445.0
[339][0], 101140.0, 101210.0, 101495.0
[339][1], 101430.0, 101460.0, 101502.5
[339][2], 101085.0, 101010.0, 101255.0
[340][0], 101260.0, 101370.0, 101490.0
[340][1], 101615.0, 101635.0, 101577.5
[340][2], 101337.5, 101265.0, 101397.5
[341][0], 101502.5, 101717.5, 101897.5
[341][1], 101830.0, 101880.0, 101812.5
[341][2], 101525.0, 101465.0, 101585.0
[342][0], 101600.0, 101700.0, 101855.0
[342][1], 101980.0, 102032.5, 101955.0
[342][2], 101622.5, 101607.5, 101747.5
[343][0], 101332.5, 101542.5, 101775.0
[343][1], 101910.0, 101975.0, 101907.5
[343][2], 101522.5, 101502.5, 101662.5
[344][0], 101517.5, 101735.0, 102005.0
[344][1], 101982.5, 102090.0, 102045.0
[344][2], 101605.0, 101587.5, 101755.0
[345][0], 101600.0, 101780.0, 101995.0
[345][1], 102007.5, 102082.5, 102002.5
[345][2], 101640.0, 101642.5, 101780.0
[346][0], 101547.5, 101687.5, 101882.5
[346][1], 101870.0, 101960.0, 101865.0
[346][2], 101490.0, 101505.0, 101617.5
[347][0], 101422.5, 101467.5, 101565.0
[347][1], 101757.5, 101820.0, 101730.0
[347][2], 101400.0, 101402.5, 101520.0
[348][0], 101297.5, 101365.0, 101500.0
[348][1], 101732.5, 101787.5, 101690.0
[348][2], 101382.5, 101387.5, 101537.5
[349][0], 101325.0, 101387.5, 101585.0
[349][1], 101792.5, 101820.0, 101785.0
[349][2], 101452.5, 101420.0, 101565.0
[350][0], 101317.5, 101362.5, 101547.5
[350][1], 101757.5, 101790.0, 101730.0
[350][2], 101402.5, 101387.5, 101530.0
[351][0], 101230.0, 101252.5, 101442.5
[351][1], 101857.5, 101817.5, 101717.5
[351][2], 101500.0, 101385.0, 101500.0
[352][0], 101395.0, 101642.5, 101842.5
[352][1], 101982.5, 102000.0, 101872.5
[352][2], 101650.0, 101542.5, 101595.0
[353][0], 101452.5, 101745.0, 102007.5
[353][1], 101845.0, 101892.5, 101800.0
[353][2], 101572.5, 101522.5, 101582.5
[354][0], 101205.0, 101365.0, 101690.0
[354][1], 101750.0, 101832.5, 101720.0
[354][2], 101435.0, 101377.5, 101450.0
[355][0], 101080.0, 101207.5, 101480.0
[355][1], 101577.5, 101667.5, 101610.0
[355][2], 101237.5, 101197.5, 101320.0
[356][0], 101052.5, 101260.0, 101630.0
[356][1], 101575.0, 101685.0, 101625.0
[356][2], 101195.0, 101242.5, 101385.0
[357][0], 101055.0, 101125.0, 101447.5
[357][1], 101592.5, 101730.0, 101697.5
[357][2], 101185.0, 101257.5, 101410.0
[358][0], 101100.0, 101255.0, 101525.0
[358][1], 101610.0, 101775.0, 101760.0
[358][2], 101185.0, 101295.0, 101520.0
[359][0], 101340.0, 101537.5, 101850.0
[359][1], 101890.0, 102027.5, 102012.5
[359][2], 101392.5, 101495.0, 101735.0
[360][0], 101450.0, 101540.0, 101800.0
[360][1], 101947.5, 102065.0, 102037.5
[360][2], 101425.0, 101567.5, 101805.0
[361][0], 101325.0, 101440.0, 101775.0
[361][1], 101825.0, 101972.5, 101965.0
[361][2], 101367.5, 101510.0, 101735.0
[362][0], 101320.0, 101470.0, 101895.0
[362][1], 101967.5, 102085.0, 102067.5
[362][2], 101522.5, 101572.5, 101767.5
[363][0], 101695.0, 101725.0, 101990.0
[363][1], 102292.5, 102297.5, 102187.5
[363][2], 101840.0, 101807.5, 101937.5
[364][0], 101745.0, 101880.0, 102130.0
[364][1], 102302.5, 102322.5, 102210.0
[364][2], 101880.0, 101860.0, 101965.0

slp.time[365]
1937256.0, 1937280.0, 1937304.0, 1937328.0, 1937352.0, 1937376.0, 1937400.0, 1937424.0, 1937448.0, 1937472.0, 1937496.0, 1937520.0, 1937544.0, 1937568.0, 1937592.0, 1937616.0, 1937640.0, 1937664.0, 1937688.0, 1937712.0, 1937736.0, 1937760.0, 1937784.0, 1937808.0, 1937832.0, 1937856.0, 1937880.0, 1937904.0, 1937928.0, 1937952.0, 1937976.0, 1938000.0, 1938024.0, 1938048.0, 1938072.0, 1938096.0, 1938120.0, 1938144.0, 1938168.0, 1938192.0, 1938216.0, 1938240.0, 1938264.0, 1938288.0, 1938312.0, 1938336.0, 1938360.0, 1938384.0, 1938408.0, 1938432.0, 1938456.0, 1938480.0, 1938504.0, 1938528.0, 1938552.0, 1938576.0, 1938600.0, 1938624.0, 1938648.0, 1938672.0, 1938696.0, 1938720.0, 1938744.0, 1938768.0, 1938792.0, 1938816.0, 1938840.0, 1938864.0, 1938888.0, 1938912.0, 1938936.0, 1938960.0, 1938984.0, 1939008.0, 1939032.0, 1939056.0, 1939080.0, 1939104.0, 1939128.0, 1939152.0, 1939176.0, 1939200.0, 1939224.0, 1939248.0, 1939272.0, 1939296.0, 1939320.0, 1939344.0, 1939368.0, 1939392.0, 1939416.0, 1939440.0, 1939464.0, 1939488.0, 1939512.0, 1939536.0, 1939560.0, 1939584.0, 1939608.0, 1939632.0, 1939656.0, 1939680.0, 1939704.0, 1939728.0, 1939752.0, 1939776.0, 1939800.0, 1939824.0, 1939848.0, 1939872.0, 1939896.0, 1939920.0, 1939944.0, 1939968.0, 1939992.0, 1940016.0, 1940040.0, 1940064.0, 1940088.0, 1940112.0, 1940136.0, 1940160.0, 1940184.0, 1940208.0, 1940232.0, 1940256.0, 1940280.0, 1940304.0, 1940328.0, 1940352.0, 1940376.0, 1940400.0, 1940424.0, 1940448.0, 1940472.0, 1940496.0, 1940520.0, 1940544.0, 1940568.0, 1940592.0, 1940616.0, 1940640.0, 1940664.0, 1940688.0, 1940712.0, 1940736.0, 1940760.0, 1940784.0, 1940808.0, 1940832.0, 1940856.0, 1940880.0, 1940904.0, 1940928.0, 1940952.0, 1940976.0, 1941000.0, 1941024.0, 1941048.0, 1941072.0, 1941096.0, 1941120.0, 1941144.0, 1941168.0, 1941192.0, 1941216.0, 1941240.0, 1941264.0, 1941288.0, 1941312.0, 1941336.0, 1941360.0, 1941384.0, 1941408.0, 1941432.0, 1941456.0, 1941480.0, 1941504.0, 1941528.0, 1941552.0, 1941576.0, 1941600.0, 1941624.0, 1941648.0, 1941672.0, 1941696.0, 1941720.0, 1941744.0, 1941768.0, 1941792.0, 1941816.0, 1941840.0, 1941864.0, 1941888.0, 1941912.0, 1941936.0, 1941960.0, 1941984.0, 1942008.0, 1942032.0, 1942056.0, 1942080.0, 1942104.0, 1942128.0, 1942152.0, 1942176.0, 1942200.0, 1942224.0, 1942248.0, 1942272.0, 1942296.0, 1942320.0, 1942344.0, 1942368.0, 1942392.0, 1942416.0, 1942440.0, 1942464.0, 1942488.0, 1942512.0, 1942536.0, 1942560.0, 1942584.0, 1942608.0, 1942632.0, 1942656.0, 1942680.0, 1942704.0, 1942728.0, 1942752.0, 1942776.0, 1942800.0, 1942824.0, 1942848.0, 1942872.0, 1942896.0, 1942920.0, 1942944.0, 1942968.0, 1942992.0, 1943016.0, 1943040.0, 1943064.0, 1943088.0, 1943112.0, 1943136.0, 1943160.0, 1943184.0, 1943208.0, 1943232.0, 1943256.0, 1943280.0, 1943304.0, 1943328.0, 1943352.0, 1943376.0, 1943400.0, 1943424.0, 1943448.0, 1943472.0, 1943496.0, 1943520.0, 1943544.0, 1943568.0, 1943592.0, 1943616.0, 1943640.0, 1943664.0, 1943688.0, 1943712.0, 1943736.0, 1943760.0, 1943784.0, 1943808.0, 1943832.0, 1943856.0, 1943880.0, 1943904.0, 1943928.0, 1943952.0, 1943976.0, 1944000.0, 1944024.0, 1944048.0, 1944072.0, 1944096.0, 1944120.0, 1944144.0, 1944168.0, 1944192.0, 1944216.0, 1944240.0, 1944264.0, 1944288.0, 1944312.0, 1944336.0, 1944360.0, 1944384.0, 1944408.0, 1944432.0, 1944456.0, 1944480.0, 1944504.0, 1944528.0, 1944552.0, 1944576.0, 1944600.0, 1944624.0, 1944648.0, 1944672.0, 1944696.0, 1944720.0, 1944744.0, 1944768.0, 1944792.0, 1944816.0, 1944840.0, 1944864.0, 1944888.0, 1944912.0, 1944936.0, 1944960.0, 1944984.0, 1945008.0, 1945032.0, 1945056.0, 1945080.0, 1945104.0, 1945128.0, 1945152.0, 1945176.0, 1945200.0, 1945224.0, 1945248.0, 1945272.0, 1945296.0, 1945320.0, 1945344.0, 1945368.0, 1945392.0, 1945416.0, 1945440.0, 1945464.0, 1945488.0, 1945512.0, 1945536.0, 1945560.0, 1945584.0, 1945608.0, 1945632.0, 1945656.0, 1945680.0, 1945704.0, 1945728.0, 1945752.0, 1945776.0, 1945800.0, 1945824.0, 1945848.0, 1945872.0, 1945896.0, 1945920.0, 1945944.0, 1945968.0, 1945992.0

slp.lat[3]
27.5, 25.0, 22.5

slp.lon[3]
85.0, 87.5, 90.0


