Dataset {
    Grid {
     ARRAY:
        Float32 slp[time = 366][lat = 3][lon = 3];
     MAPS:
        Float64 time[time = 366];
        Float32 lat[lat = 3];
        Float32 lon[lon = 3];
    } slp;
} Datasets/ncep.reanalysis.dailyavgs/surface/slp.2020.nc;
---------------------------------------------
slp.slp[366][3][3]
[0][0], 101887.5, 101870.0, 102107.5
[0][1], 102292.5, 102245.0, 102102.5
[0][2], 101775.0, 101737.5, 101885.0
[1][0], 101902.5, 101945.0, 102112.5
[1][1], 102310.0, 102307.5, 102142.5
[1][2], 101780.0, 101775.0, 101897.5
[2][0], 101457.5, 101512.5, 101700.0
[2][1], 102015.0, 102030.0, 101865.0
[2][2], 101615.0, 101595.0, 101675.0
[3][0], 101222.5, 101177.5, 101335.0
[3][1], 101852.5, 101830.0, 101697.5
[3][2], 101362.5, 101355.0, 101487.5
[4][0], 101340.0, 101282.5, 101422.5
[4][1], 101965.0, 101930.0, 101747.5
[4][2], 101540.0, 101467.5, 101525.0
[5][0], 101652.5, 101790.0, 102047.5
[5][1], 102110.0, 102112.5, 101962.5
[5][2], 101755.0, 101745.0, 101822.5
[6][0], 101337.5, 101450.0, 101632.5
[6][1], 101870.0, 101865.0, 101762.5
[6][2], 101475.0, 101520.0, 101640.0
[7][0], 101290.0, 101315.0, 101487.5
[7][1], 101767.5, 101787.5, 101692.5
[7][2], 101362.5, 101367.5, 101517.5
[8][0], 101337.5, 101327.5, 101465.0
[8][1], 101880.0, 101857.5, 101680.0
[8][2], 101397.5, 101402.5, 101512.5
[9][0], 101607.5, 101605.0, 101750.0
[9][1], 102040.0, 101997.5, 101815.0
[9][2], 101592.5, 101537.5, 101630.0
[10][0], 101680.0, 101717.5, 101817.5
[10][1], 102047.5, 101990.0, 101812.5
[10][2], 101685.0, 101615.0, 101637.5
[11][0], 101392.5, 101532.5, 101702.5
[11][1], 101687.5, 101662.5, 101560.0
[11][2], 101472.5, 101370.0, 101402.5
[12][0], 101242.5, 101247.5, 101320.0
[12][1], 101477.5, 101467.5, 101375.0
[12][2], 101217.5, 101195.0, 101275.0
[13][0], 101370.0, 101355.0, 101342.5
[13][1], 101650.0, 101617.5, 101475.0
[13][2], 101277.5, 101237.5, 101335.0
[14][0], 101422.5, 101400.0, 101517.5
[14][1], 101747.5, 101757.5, 101630.0
[14][2], 101380.0, 101355.0, 101472.5
[15][0], 101375.0, 101387.5, 101490.0
[15][1], 101625.0, 101705.0, 101605.0
[15][2], 101330.0, 101330.0, 101480.0
[16][0], 101427.5, 101482.5, 101607.5
[16][1], 101740.0, 101802.5, 101700.0
[16][2], 101387.5, 101387.5, 101537.5
[17][0], 101377.5, 101352.5, 101447.5
[17][1], 101890.0, 101855.0, 101700.0
[17][2], 101365.0, 101340.0, 101517.5
[18][0], 101362.5, 101332.5, 101502.5
[18][1], 101962.5, 101940.0, 101790.0
[18][2], 101400.0, 101375.0, 101515.0
[19][0], 101565.0, 101585.0, 101800.0
[19][1], 102032.5, 102022.5, 101877.5
[19][2], 101562.5, 101540.0, 101665.0
[20][0], 101662.5, 101695.0, 101880.0
[20][1], 102165.0, 102185.0, 102025.0
[20][2], 101685.0, 101745.0, 101882.5
[21][0], 101515.0, 101532.5, 101667.5
[21][1], 102102.5, 102082.5, 101927.5
[21][2], 101617.5, 101615.0, 101777.5
[22][0], 101055.0, 101095.0, 101345.0
[22][1], 101905.0, 101862.5, 101705.0
[22][2], 101490.0, 101425.0, 101582.5
[23][0], 101305.0, 101467.5, 101660.0
[23][1], 101862.5, 101912.5, 101850.0
[23][2], 101472.5, 101475.0, 101622.5
[24][0], 101375.0, 101380.0, 101540.0
[24][1], 101805.0, 101812.5, 101697.5
[24][2], 101322.5, 101357.5, 101515.0
[25][0], 101085.0, 101102.5, 101272.5
[25][1], 101660.0, 101607.5, 101462.5
[25][2], 101212.5, 101185.0, 101327.5
[26][0], 100955.0, 100950.0, 101112.5
[26][1], 101607.5, 101582.5, 101462.5
[26][2], 101247.5, 101210.0, 101337.5
[27][0], 101162.5, 101145.0, 101295.0
[27][1], 101530.0, 101625.0, 101547.5
[27][2], 101140.0, 101210.0, 101417.5
[28][0], 101357.5, 101400.0, 101540.0
[28][1], 101690.0, 101742.5, 101655.0
[28][2], 101217.5, 101275.0, 101510.0
[29][0], 101180.0, 101145.0, 101300.0
[29][1], 101820.0, 101742.5, 101572.5
[29][2], 101255.0, 101182.5, 101372.5
[30][0], 101157.5, 101175.0, 101295.0
[30][1], 101862.5, 101875.0, 101707.5
[30][2], 101400.0, 101377.5, 101497.5
[31][0], 101397.5, 101335.0, 101377.5
[31][1], 102002.5, 101962.5, 101800.0
[31][2], 101432.5, 101432.5, 101620.0
[32][0], 101642.5, 101585.0, 101595.0
[32][1], 102202.5, 102162.5, 101970.0
[32][2], 101687.5, 101695.0, 101837.5
[33][0], 101557.5, 101525.0, 101670.0
[33][1], 102107.5, 102100.0, 101945.0
[33][2], 101595.0, 101655.0, 101777.5
[34][0], 101420.0, 101397.5, 101535.0
[34][1], 101910.0, 101900.0, 101757.5
[34][2], 101445.0, 101460.0, 101595.0
[35][0], 101110.0, 101097.5, 101222.5
[35][1], 101830.0, 101762.5, 101557.5
[35][2], 101350.0, 101292.5, 101420.0
[36][0], 101350.0, 101342.5, 101495.0
[36][1], 101960.0, 101932.5, 101737.5
[36][2], 101392.5, 101407.5, 101555.0
[37][0], 101490.0, 101492.5, 101715.0
[37][1], 102067.5, 102050.0, 101880.0
[37][2], 101562.5, 101540.0, 101677.5
[38][0], 101715.0, 101717.5, 101927.5
[38][1], 102270.0, 102212.5, 102015.0
[38][2], 101737.5, 101672.5, 101770.0
[39][0], 101820.0, 101740.0, 101855.0
[39][1], 102267.5, 102160.0, 101972.5
[39][2], 101810.0, 101695.0, 101785.0
[40][0], 101535.0, 101532.5, 101712.5
[40][1], 102102.5, 102047.5, 101887.5
[40][2], 101700.0, 101637.5, 101742.5
[41][0], 101615.0, 101607.5, 101715.0
[41][1], 102090.0, 102025.0, 101877.5
[41][2], 101727.5, 101657.5, 101762.5
[42][0], 101522.5, 101535.0, 101617.5
[42][1], 101912.5, 101842.5, 101702.5
[42][2], 101687.5, 101575.0, 101637.5
[43][0], 101152.5, 101270.0, 101320.0
[43][1], 101475.0, 101487.5, 101397.5
[43][2], 101340.0, 101232.5, 101360.0
[44][0], 100845.0, 100882.5, 100902.5
[44][1], 101225.0, 101167.5, 101082.5
[44][2], 101015.0, 100872.5, 101075.0
[45][0], 101187.5, 101295.0, 101390.0
[45][1], 101542.5, 101490.0, 101405.0
[45][2], 101250.0, 101127.5, 101292.5
[46][0], 101502.5, 101615.0, 101655.0
[46][1], 101800.0, 101767.5, 101632.5
[46][2], 101445.0, 101367.5, 101500.0
[47][0], 101390.0, 101455.0, 101605.0
[47][1], 101845.0, 101792.5, 101655.0
[47][2], 101435.0, 101362.5, 101510.0
[48][0], 101297.5, 101447.5, 101580.0
[48][1], 101710.0, 101692.5, 101575.0
[48][2], 101405.0, 101292.5, 101457.5
[49][0], 101492.5, 101542.5, 101712.5
[49][1], 101805.0, 101822.5, 101702.5
[49][2], 101397.5, 101382.5, 101562.5
[50][0], 101592.5, 101622.5, 101750.0
[50][1], 101847.5, 101875.0, 101762.5
[50][2], 101405.0, 101407.5, 101607.5
[51][0], 101872.5, 101977.5, 102132.5
[51][1], 102017.5, 102122.5, 101995.0
[51][2], 101627.5, 101647.5, 101782.5
[52][0], 101927.5, 102020.0, 102137.5
[52][1], 102130.0, 102102.5, 101940.0
[52][2], 101657.5, 101617.5, 101747.5
[53][0], 101670.0, 101785.0, 101927.5
[53][1], 101875.0, 101897.5, 101742.5
[53][2], 101410.0, 101395.0, 101537.5
[54][0], 101285.0, 101445.0, 101630.0
[54][1], 101595.0, 101667.5, 101542.5
[54][2], 101172.5, 101197.5, 101357.5
[55][0], 101250.0, 101362.5, 101630.0
[55][1], 101485.0, 101577.5, 101555.0
[55][2], 101105.0, 101125.0, 101340.0
[56][0], 101410.0, 101440.0, 101612.5
[56][1], 101725.0, 101715.0, 101627.5
[56][2], 101240.0, 101207.5, 101377.5
[57][0], 101522.5, 101565.0, 101670.0
[57][1], 101755.0, 101740.0, 101630.0
[57][2], 101285.0, 101267.5, 101395.0
[58][0], 101465.0, 101565.0, 101737.5
[58][1], 101650.0, 101625.0, 101495.0
[58][2], 101222.5, 101217.5, 101350.0
[59][0], 101242.5, 101335.0, 101492.5
[59][1], 101480.0, 101500.0, 101342.5
[59][2], 101055.0, 101057.5, 101182.5
[60][0], 101225.0, 101282.5, 101427.5
[60][1], 101520.0, 101517.5, 101337.5
[60][2], 101067.5, 101047.5, 101167.5
[61][0], 101092.5, 101155.0, 101327.5
[61][1], 101472.5, 101460.0, 101337.5
[61][2], 101010.0, 100967.5, 101147.5
[62][0], 100945.0, 101100.0, 101345.0
[62][1], 101287.5, 101322.5, 101272.5
[62][2], 100835.0, 100865.0, 101122.5
[63][0], 101075.0, 101250.0, 101427.5
[63][1], 101317.5, 101405.0, 101360.0
[63][2], 100825.0, 100905.0, 101152.5
[64][0], 101132.5, 101282.5, 101470.0
[64][1], 101272.5, 101387.5, 101337.5
[64][2], 100827.5, 100945.0, 101165.0
[65][0], 101267.5, 101427.5, 101622.5
[65][1], 101407.5, 101495.0, 101452.5
[65][2], 100942.5, 101047.5, 101287.5
[66][0], 101352.5, 101395.0, 101667.5
[66][1], 101562.5, 101602.5, 101552.5
[66][2], 101130.0, 101195.0, 101387.5
[67][0], 101155.0, 101262.5, 101400.0
[67][1], 101535.0, 101460.0, 101320.0
[67][2], 101072.5, 100995.0, 101200.0
[68][0], 100960.0, 101220.0, 101595.0
[68][1], 101377.5, 101405.0, 101335.0
[68][2], 100972.5, 100965.0, 101167.5
[69][0], 101130.0, 101305.0, 101552.5
[69][1], 101417.5, 101435.0, 101345.0
[69][2], 100927.5, 100960.0, 101157.5
[70][0], 101232.5, 101430.0, 101602.5
[70][1], 101340.0, 101397.5, 101325.0
[70][2], 100887.5, 100917.5, 101150.0
[71][0], 101372.5, 101675.0, 101902.5
[71][1], 101497.5, 101577.5, 101495.0
[71][2], 101132.5, 101117.5, 101320.0
[72][0], 101670.0, 101897.5, 102095.0
[72][1], 101730.0, 101702.5, 101552.5
[72][2], 101222.5, 101170.0, 101335.0
[73][0], 101577.5, 101695.0, 101792.5
[73][1], 101790.0, 101747.5, 101495.0
[73][2], 101290.0, 101210.0, 101262.5
[74][0], 101405.0, 101445.0, 101607.5
[74][1], 101745.0, 101670.0, 101457.5
[74][2], 101265.0, 101137.5, 101242.5
[75][0], 101395.0, 101515.0, 101657.5
[75][1], 101790.0, 101715.0, 101510.0
[75][2], 101295.0, 101187.5, 101305.0
[76][0], 101442.5, 101615.0, 101740.0
[76][1], 101780.0, 101735.0, 101577.5
[76][2], 101280.0, 101232.5, 101397.5
[77][0], 101250.0, 101482.5, 101600.0
[77][1], 101607.5, 101570.0, 101405.0
[77][2], 101167.5, 101097.5, 101237.5
[78][0], 101070.0, 101372.5, 101510.0
[78][1], 101352.5, 101412.5, 101320.0
[78][2], 100952.5, 100960.0, 101142.5
[79][0], 101005.0, 101310.0, 101522.5
[79][1], 101302.5, 101365.0, 101247.5
[79][2], 100935.0, 100885.0, 101052.5
[80][0], 101170.0, 101472.5, 101615.0
[80][1], 101352.5, 101405.0, 101320.0
[80][2], 100977.5, 100942.5, 101132.5
[81][0], 101280.0, 101672.5, 101840.0
[81][1], 101477.5, 101577.5, 101495.0
[81][2], 101102.5, 101140.0, 101282.5
[82][0], 101185.0, 101560.0, 101812.5
[82][1], 101342.5, 101415.0, 101320.0
[82][2], 100915.0, 100960.0, 101137.5
[83][0], 101190.0, 101490.0, 101592.5
[83][1], 101182.5, 101215.0, 101142.5
[83][2], 100862.5, 100825.0, 100990.0
[84][0], 100892.5, 101202.5, 101535.0
[84][1], 101095.0, 101120.0, 101040.0
[84][2], 100727.5, 100700.0, 100885.0
[85][0], 100880.0, 101247.5, 101622.5
[85][1], 101197.5, 101215.0, 101100.0
[85][2], 100922.5, 100825.0, 100982.5
[86][0], 101125.0, 101342.5, 101722.5
[86][1], 101330.0, 101257.5, 101145.0
[86][2], 101027.5, 100897.5, 101020.0
[87][0], 100950.0, 101085.0, 101312.5
[87][1], 101245.0, 101090.0, 100920.0
[87][2], 100892.5, 100715.0, 100837.5
[88][0], 100835.0, 101030.0, 101267.5
[88][1], 101215.0, 101127.5, 100997.5
[88][2], 100902.5, 100732.5, 100850.0
[89][0], 100842.5, 101127.5, 101530.0
[89][1], 101242.5, 101202.5, 101115.0
[89][2], 100947.5, 100810.0, 100942.5
[90][0], 101027.5, 101297.5, 101622.5
[90][1], 101235.0, 101235.0, 101135.0
[90][2], 100907.5, 100810.0, 100952.5
[91][0], 100997.5, 101205.0, 101420.0
[91][1], 101072.5, 101075.0, 101000.0
[91][2], 100697.5, 100620.0, 100837.5
[92][0], 100845.0, 101092.5, 101295.0
[92][1], 101025.0, 101020.0, 100927.5
[92][2], 100585.0, 100517.5, 100775.0
[93][0], 100937.5, 101220.0, 101417.5
[93][1], 101255.0, 101227.5, 101112.5
[93][2], 100797.5, 100660.0, 100912.5
[94][0], 101045.0, 101407.5, 101635.0
[94][1], 101305.0, 101342.5, 101242.5
[94][2], 100875.0, 100777.5, 100992.5
[95][0], 101142.5, 101465.0, 101617.5
[95][1], 101347.5, 101345.0, 101210.0
[95][2], 100937.5, 100825.0, 101022.5
[96][0], 100935.0, 101237.5, 101530.0
[96][1], 101120.0, 101142.5, 101087.5
[96][2], 100827.5, 100730.0, 100945.0
[97][0], 100852.5, 101157.5, 101357.5
[97][1], 100920.0, 100965.0, 100912.5
[97][2], 100642.5, 100592.5, 100835.0
[98][0], 101085.0, 101442.5, 101567.5
[98][1], 100995.0, 101067.5, 101017.5
[98][2], 100705.0, 100652.5, 100875.0
[99][0], 101100.0, 101382.5, 101540.0
[99][1], 101060.0, 101122.5, 101102.5
[99][2], 100712.5, 100672.5, 100897.5
[100][0], 101320.0, 101625.0, 101790.0
[100][1], 101242.5, 101282.5, 101275.0
[100][2], 100842.5, 100817.5, 101107.5
[101][0], 101350.0, 101732.5, 101902.5
[101][1], 101255.0, 101325.0, 101370.0
[101][2], 100885.0, 100872.5, 101180.0
[102][0], 101240.0, 101675.0, 101795.0
[102][1], 101127.5, 101240.0, 101237.5
[102][2], 100750.0, 100765.0, 101040.0
[103][0], 101182.5, 101590.0, 101802.5
[103][1], 101030.0, 101080.0, 101080.0
[103][2], 100632.5, 100600.0, 100887.5
[104][0], 101237.5, 101697.5, 102000.0
[104][1], 101045.0, 101150.0, 101152.5
[104][2], 100667.5, 100700.0, 100982.5
[105][0], 101162.5, 101582.5, 101847.5
[105][1], 101092.5, 101165.0, 101137.5
[105][2], 100760.0, 100740.0, 100962.5
[106][0], 100945.0, 101315.0, 101602.5
[106][1], 100832.5, 100980.0, 101005.0
[106][2], 100487.5, 100537.5, 100805.0
[107][0], 100967.5, 101380.0, 101610.0
[107][1], 100810.0, 100887.5, 100922.5
[107][2], 100395.0, 100395.0, 100727.5
[108][0], 101000.0, 101277.5, 101515.0
[108][1], 100930.0, 100995.0, 100997.5
[108][2], 100555.0, 100582.5, 100872.5
[109][0], 100970.0, 101297.5, 101547.5
[109][1], 100900.0, 101005.0, 101040.0
[109][2], 100607.5, 100600.0, 100877.5
[110][0], 101097.5, 101370.0, 101590.0
[110][1], 101025.0, 101127.5, 101147.5
[110][2], 100577.5, 100627.5, 100945.0
[111][0], 101092.5, 101362.5, 101467.5
[111][1], 101107.5, 101190.0, 101135.0
[111][2], 100665.0, 100737.5, 100980.0
[112][0], 100942.5, 101190.0, 101400.0
[112][1], 101050.0, 101117.5, 101095.0
[112][2], 100630.0, 100705.0, 100932.5
[113][0], 100887.5, 101217.5, 101405.0
[113][1], 100922.5, 101032.5, 101060.0
[113][2], 100497.5, 100587.5, 100862.5
[114][0], 100807.5, 101075.0, 101297.5
[114][1], 100847.5, 100960.0, 101010.0
[114][2], 100445.0, 100525.0, 100810.0
[115][0], 100907.5, 101257.5, 101462.5
[115][1], 100920.0, 101090.0, 101085.0
[115][2], 100542.5, 100610.0, 100845.0
[116][0], 101272.5, 101615.0, 101797.5
[116][1], 101197.5, 101297.5, 101292.5
[116][2], 100832.5, 100827.5, 101060.0
[117][0], 101317.5, 101630.0, 101827.5
[117][1], 101330.0, 101435.0, 101437.5
[117][2], 101017.5, 101017.5, 101222.5
[118][0], 101167.5, 101412.5, 101615.0
[118][1], 101235.0, 101300.0, 101260.0
[118][2], 100930.0, 100885.0, 101050.0
[119][0], 101035.0, 101247.5, 101397.5
[119][1], 101115.0, 101160.0, 101110.0
[119][2], 100827.5, 100765.0, 100937.5
[120][0], 101082.5, 101352.5, 101477.5
[120][1], 101092.5, 101155.0, 101150.0
[120][2], 100817.5, 100790.0, 100982.5
[121][0], 101055.0, 101362.5, 101397.5
[121][1], 101005.0, 101097.5, 101037.5
[121][2], 100675.0, 100722.5, 100880.0
[122][0], 101045.0, 101435.0, 101495.0
[122][1], 100915.0, 100970.0, 100922.5
[122][2], 100570.0, 100592.5, 100722.5
[123][0], 101012.5, 101337.5, 101440.0
[123][1], 100910.0, 100985.0, 100922.5
[123][2], 100527.5, 100592.5, 100742.5
[124][0], 101037.5, 101330.0, 101457.5
[124][1], 100940.0, 101020.0, 100995.0
[124][2], 100570.0, 100637.5, 100867.5
[125][0], 101070.0, 101315.0, 101362.5
[125][1], 100910.0, 100975.0, 100937.5
[125][2], 100480.0, 100555.0, 100795.0
[126][0], 101007.5, 101267.5, 101340.0
[126][1], 100972.5, 101007.5, 100947.5
[126][2], 100560.0, 100605.0, 100785.0
[127][0], 100982.5, 101287.5, 101435.0
[127][1], 100982.5, 101055.0, 101022.5
[127][2], 100527.5, 100590.0, 100830.0
[128][0], 100970.0, 101295.0, 101377.5
[128][1], 100847.5, 100960.0, 100940.0
[128][2], 100460.0, 100510.0, 100742.5
[129][0], 101102.5, 101522.5, 101630.0
[129][1], 100940.0, 101027.5, 100995.0
[129][2], 100520.0, 100567.5, 100795.0
[130][0], 101172.5, 101625.0, 101680.0
[130][1], 100915.0, 101010.0, 100965.0
[130][2], 100535.0, 100582.5, 100790.0
[131][0], 101212.5, 101617.5, 101737.5
[131][1], 101067.5, 101097.5, 101025.0
[131][2], 100700.0, 100680.0, 100847.5
[132][0], 101045.0, 101385.0, 101462.5
[132][1], 100932.5, 100955.0, 100890.0
[132][2], 100587.5, 100585.0, 100797.5
[133][0], 100802.5, 101185.0, 101360.0
[133][1], 100722.5, 100807.5, 100815.0
[133][2], 100497.5, 100472.5, 100697.5
[134][0], 100830.0, 101240.0, 101550.0
[134][1], 100712.5, 100810.0, 100840.0
[134][2], 100412.5, 100425.0, 100675.0
[135][0], 100695.0, 101060.0, 101252.5
[135][1], 100530.0, 100620.0, 100640.0
[135][2], 100272.5, 100285.0, 100522.5
[136][0], 100607.5, 100985.0, 101135.0
[136][1], 100442.5, 100495.0, 100547.5
[136][2], 100257.5, 100202.5, 100432.5
[137][0], 100695.0, 101185.0, 101125.0
[137][1], 100415.0, 100517.5, 100547.5
[137][2], 100177.5, 100177.5, 100412.5
[138][0], 100552.5, 101015.0, 101005.0
[138][1], 100290.0, 100390.0, 100400.0
[138][2], 100045.0, 100037.5, 100242.5
[139][0], 100440.0, 100880.0, 100890.0
[139][1], 100240.0, 100347.5, 100297.5
[139][2], 99897.5, 99910.0, 100067.5
[140][0], 100385.0, 100830.0, 100970.0
[140][1], 100157.5, 100022.5, 100025.0
[140][2], 99592.5, 99112.5, 99277.5
[141][0], 100477.5, 100787.5, 100830.0
[141][1], 100212.5, 99960.0, 99905.0
[141][2], 100092.5, 99810.0, 99875.0
[142][0], 100675.0, 101022.5, 100852.5
[142][1], 100397.5, 100465.0, 100437.5
[142][2], 100215.0, 100207.5, 100415.0
[143][0], 100645.0, 101037.5, 100992.5
[143][1], 100402.5, 100570.0, 100627.5
[143][2], 100162.5, 100242.5, 100535.0
[144][0], 100437.5, 100840.0, 100882.5
[144][1], 100255.0, 100432.5, 100542.5
[144][2], 100085.0, 100170.0, 100512.5
[145][0], 100337.5, 100732.5, 100827.5
[145][1], 100282.5, 100480.0, 100575.0
[145][2], 100122.5, 100212.5, 100590.0
[146][0], 100217.5, 100642.5, 100877.5
[146][1], 100182.5, 100407.5, 100537.5
[146][2], 100077.5, 100170.0, 100540.0
[147][0], 100552.5, 101090.0, 101207.5
[147][1], 100282.5, 100585.0, 100692.5
[147][2], 100047.5, 100165.0, 100500.0
[148][0], 100790.0, 101255.0, 101245.0
[148][1], 100562.5, 100720.0, 100710.0
[148][2], 100200.0, 100350.0, 100565.0
[149][0], 100870.0, 101262.5, 101272.5
[149][1], 100647.5, 100775.0, 100772.5
[149][2], 100372.5, 100415.0, 100607.5
[150][0], 100910.0, 101357.5, 101580.0
[150][1], 100730.0, 100867.5, 100872.5
[150][2], 100477.5, 100477.5, 100682.5
[151][0], 100982.5, 101295.0, 101407.5
[151][1], 100905.0, 100967.5, 100922.5
[151][2], 100675.0, 100635.0, 100807.5
[152][0], 100850.0, 101085.0, 101125.0
[152][1], 100822.5, 100867.5, 100825.0
[152][2], 100620.0, 100580.0, 100765.0
[153][0], 100607.5, 100885.0, 100902.5
[153][1], 100680.0, 100702.5, 100662.5
[153][2], 100502.5, 100437.5, 100622.5
[154][0], 100745.0, 101045.0, 100967.5
[154][1], 100625.0, 100662.5, 100632.5
[154][2], 100460.0, 100375.0, 100575.0
[155][0], 100660.0, 100947.5, 100937.5
[155][1], 100552.5, 100615.0, 100602.5
[155][2], 100330.0, 100335.0, 100550.0
[156][0], 100470.0, 100675.0, 100775.0
[156][1], 100387.5, 100480.0, 100535.0
[156][2], 100227.5, 100210.0, 100435.0
[157][0], 100442.5, 100587.5, 100660.0
[157][1], 100432.5, 100455.0, 100407.5
[157][2], 100300.0, 100205.0, 100327.5
[158][0], 100447.5, 100600.0, 100662.5
[158][1], 100395.0, 100445.0, 100347.5
[158][2], 100172.5, 100140.0, 100247.5
[159][0], 100345.0, 100620.0, 100747.5
[159][1], 100292.5, 100372.5, 100362.5
[159][2], 100105.0, 100085.0, 100240.0
[160][0], 100405.0, 100725.0, 100925.0
[160][1], 100317.5, 100427.5, 100382.5
[160][2], 100132.5, 100117.5, 100232.5
[161][0], 100442.5, 100770.0, 100915.0
[161][1], 100277.5, 100405.0, 100387.5
[161][2], 100107.5, 100095.0, 100207.5
[162][0], 100367.5, 100747.5, 100870.0
[162][1], 100107.5, 100305.0, 100345.0
[162][2], 99940.0, 99955.0, 100105.0
[163][0], 100260.0, 100662.5, 100842.5
[163][1], 100030.0, 100190.0, 100257.5
[163][2], 99822.5, 99820.0, 100040.0
[164][0], 100295.0, 100707.5, 100932.5
[164][1], 100110.0, 100272.5, 100340.0
[164][2], 99887.5, 99880.0, 100125.0
[165][0], 100337.5, 100657.5, 100882.5
[165][1], 100182.5, 100310.0, 100372.5
[165][2], 100002.5, 99995.0, 100207.5
[166][0], 100167.5, 100447.5, 100647.5
[166][1], 100050.0, 100207.5, 100262.5
[166][2], 99957.5, 99942.5, 100127.5
[167][0], 99997.5, 100225.0, 100457.5
[167][1], 99902.5, 100080.0, 100145.0
[167][2], 99785.0, 99785.0, 99977.5
[168][0], 100000.0, 100252.5, 100400.0
[168][1], 99820.0, 99945.0, 100030.0
[168][2], 99825.0, 99777.5, 100007.5
[169][0], 100120.0, 100355.0, 100555.0
[169][1], 99957.5, 100097.5, 100207.5
[169][2], 99965.0, 99910.0, 100115.0
[170][0], 100252.5, 100505.0, 100692.5
[170][1], 100080.0, 100227.5, 100307.5
[170][2], 100000.0, 99992.5, 100187.5
[171][0], 100362.5, 100667.5, 100847.5
[171][1], 100127.5, 100295.0, 100352.5
[171][2], 99965.0, 99970.0, 100182.5
[172][0], 100252.5, 100497.5, 100722.5
[172][1], 100050.0, 100165.0, 100240.0
[172][2], 99802.5, 99775.0, 100005.0
[173][0], 100212.5, 100472.5, 100717.5
[173][1], 100052.5, 100247.5, 100332.5
[173][2], 99930.0, 99917.5, 100147.5
[174][0], 100615.0, 100862.5, 101015.0
[174][1], 100397.5, 100600.0, 100640.0
[174][2], 100267.5, 100292.5, 100510.0
[175][0], 100552.5, 100762.5, 100905.0
[175][1], 100450.0, 100580.0, 100587.5
[175][2], 100417.5, 100390.0, 100547.5
[176][0], 100317.5, 100527.5, 100710.0
[176][1], 100342.5, 100457.5, 100475.0
[176][2], 100322.5, 100277.5, 100462.5
[177][0], 100155.0, 100332.5, 100447.5
[177][1], 100177.5, 100290.0, 100310.0
[177][2], 100220.0, 100170.0, 100362.5
[178][0], 100120.0, 100400.0, 100545.0
[178][1], 100087.5, 100215.0, 100267.5
[178][2], 100187.5, 100127.5, 100317.5
[179][0], 100325.0, 100652.5, 100767.5
[179][1], 100210.0, 100335.0, 100377.5
[179][2], 100195.0, 100132.5, 100330.0
[180][0], 100527.5, 100927.5, 101045.0
[180][1], 100382.5, 100457.5, 100452.5
[180][2], 100277.5, 100185.0, 100330.0
[181][0], 100527.5, 100802.5, 100882.5
[181][1], 100395.0, 100427.5, 100407.5
[181][2], 100257.5, 100192.5, 100352.5
[182][0], 100305.0, 100615.0, 100662.5
[182][1], 100185.0, 100240.0, 100265.0
[182][2], 100132.5, 100057.5, 100227.5
[183][0], 100050.0, 100380.0, 100535.0
[183][1], 100007.5, 100127.5, 100157.5
[183][2], 99987.5, 99932.5, 100085.0
[184][0], 100187.5, 100480.0, 100615.0
[184][1], 100092.5, 100225.0, 100242.5
[184][2], 100025.0, 99970.0, 100117.5
[185][0], 100205.0, 100507.5, 100652.5
[185][1], 100080.0, 100197.5, 100212.5
[185][2], 99927.5, 99872.5, 100045.0
[186][0], 100050.0, 100365.0, 100535.0
[186][1], 99897.5, 99990.0, 100065.0
[186][2], 99717.5, 99630.0, 99840.0
[187][0], 100090.0, 100470.0, 100675.0
[187][1], 99877.5, 100020.0, 100152.5
[187][2], 99757.5, 99660.0, 99915.0
[188][0], 100447.5, 100820.0, 100980.0
[188][1], 100290.0, 100400.0, 100470.0
[188][2], 100225.0, 100135.0, 100317.5
[189][0], 100370.0, 100697.5, 100830.0
[189][1], 100285.0, 100395.0, 100417.5
[189][2], 100315.0, 100202.5, 100355.0
[190][0], 100015.0, 100272.5, 100397.5
[190][1], 100032.5, 100122.5, 100155.0
[190][2], 100117.5, 100032.5, 100220.0
[191][0], 99907.5, 100122.5, 100215.0
[191][1], 100027.5, 100115.0, 100130.0
[191][2], 100105.0, 100030.0, 100212.5
[192][0], 99920.0, 100142.5, 100265.0
[192][1], 99995.0, 100072.5, 100112.5
[192][2], 100097.5, 99997.5, 100175.0
[193][0], 100065.0, 100307.5, 100412.5
[193][1], 100077.5, 100150.0, 100175.0
[193][2], 100172.5, 100035.0, 100180.0
[194][0], 100155.0, 100457.5, 100582.5
[194][1], 100125.0, 100195.0, 100197.5
[194][2], 100105.0, 99967.5, 100085.0
[195][0], 100402.5, 100710.0, 100807.5
[195][1], 100232.5, 100340.0, 100357.5
[195][2], 100090.0, 100010.0, 100195.0
[196][0], 100362.5, 100710.0, 100830.0
[196][1], 100177.5, 100345.0, 100407.5
[196][2], 100055.0, 100067.5, 100280.0
[197][0], 100295.0, 100635.0, 100770.0
[197][1], 100175.0, 100340.0, 100362.5
[197][2], 100010.0, 100027.5, 100225.0
[198][0], 100362.5, 100672.5, 100755.0
[198][1], 100257.5, 100405.0, 100420.0
[198][2], 100167.5, 100137.5, 100317.5
[199][0], 100387.5, 100685.0, 100772.5
[199][1], 100300.0, 100430.0, 100452.5
[199][2], 100262.5, 100217.5, 100397.5
[200][0], 100217.5, 100507.5, 100560.0
[200][1], 100235.0, 100342.5, 100352.5
[200][2], 100252.5, 100182.5, 100400.0
[201][0], 100077.5, 100357.5, 100487.5
[201][1], 100157.5, 100290.0, 100327.5
[201][2], 100185.0, 100137.5, 100355.0
[202][0], 100275.0, 100500.0, 100620.0
[202][1], 100360.0, 100415.0, 100392.5
[202][2], 100367.5, 100255.0, 100420.0
[203][0], 100197.5, 100512.5, 100652.5
[203][1], 100290.0, 100372.5, 100347.5
[203][2], 100320.0, 100197.5, 100335.0
[204][0], 100405.0, 100665.0, 100807.5
[204][1], 100375.0, 100437.5, 100415.0
[204][2], 100320.0, 100185.0, 100317.5
[205][0], 100772.5, 101092.5, 101195.0
[205][1], 100630.0, 100760.0, 100767.5
[205][2], 100542.5, 100450.0, 100605.0
[206][0], 100865.0, 101102.5, 101130.0
[206][1], 100720.0, 100805.0, 100770.0
[206][2], 100607.5, 100525.0, 100682.5
[207][0], 100647.5, 100875.0, 100957.5
[207][1], 100647.5, 100675.0, 100642.5
[207][2], 100585.0, 100445.0, 100582.5
[208][0], 100470.0, 100750.0, 100905.0
[208][1], 100455.0, 100517.5, 100510.0
[208][2], 100412.5, 100275.0, 100402.5
[209][0], 100457.5, 100752.5, 100912.5
[209][1], 100432.5, 100507.5, 100507.5
[209][2], 100317.5, 100245.0, 100415.0
[210][0], 100572.5, 100797.5, 100877.5
[210][1], 100485.0, 100562.5, 100582.5
[210][2], 100395.0, 100352.5, 100540.0
[211][0], 100560.0, 100775.0, 100845.0
[211][1], 100512.5, 100587.5, 100590.0
[211][2], 100402.5, 100342.5, 100510.0
[212][0], 100575.0, 100815.0, 100855.0
[212][1], 100477.5, 100517.5, 100497.5
[212][2], 100347.5, 100257.5, 100410.0
[213][0], 100455.0, 100710.0, 100755.0
[213][1], 100342.5, 100362.5, 100315.0
[213][2], 100245.0, 100122.5, 100210.0
[214][0], 100172.5, 100460.0, 100530.0
[214][1], 100085.0, 100072.5, 100022.5
[214][2], 100035.0, 99850.0, 99897.5
[215][0], 99892.5, 100155.0, 100235.0
[215][1], 99725.0, 99705.0, 99670.0
[215][2], 99707.5, 99492.5, 99475.0
[216][0], 99775.0, 100057.5, 100185.0
[216][1], 99470.0, 99450.0, 99472.5
[216][2], 99417.5, 99187.5, 99220.0
[217][0], 99947.5, 100272.5, 100452.5
[217][1], 99557.5, 99695.0, 99830.0
[217][2], 99377.5, 99327.5, 99510.0
[218][0], 100415.0, 100755.0, 100830.0
[218][1], 100110.0, 100275.0, 100340.0
[218][2], 99952.5, 99917.5, 100112.5
[219][0], 100377.5, 100655.0, 100735.0
[219][1], 100250.0, 100327.5, 100332.5
[219][2], 100200.0, 100080.0, 100232.5
[220][0], 100177.5, 100450.0, 100535.0
[220][1], 100057.5, 100152.5, 100190.0
[220][2], 100037.5, 99925.0, 100062.5
[221][0], 100265.0, 100537.5, 100600.0
[221][1], 100075.0, 100202.5, 100252.5
[221][2], 99947.5, 99900.0, 100092.5
[222][0], 100312.5, 100597.5, 100657.5
[222][1], 100127.5, 100260.0, 100287.5
[222][2], 100005.0, 99965.0, 100120.0
[223][0], 100205.0, 100472.5, 100540.0
[223][1], 100090.0, 100167.5, 100187.5
[223][2], 100000.0, 99905.0, 100062.5
[224][0], 100350.0, 100625.0, 100692.5
[224][1], 100190.0, 100210.0, 100225.0
[224][2], 100040.0, 99905.0, 100087.5
[225][0], 100277.5, 100580.0, 100602.5
[225][1], 100002.5, 100107.5, 100142.5
[225][2], 99855.0, 99782.5, 99957.5
[226][0], 100157.5, 100445.0, 100500.0
[226][1], 99905.0, 99965.0, 99997.5
[226][2], 99690.0, 99555.0, 99720.0
[227][0], 100177.5, 100457.5, 100492.5
[227][1], 99885.0, 99905.0, 100000.0
[227][2], 99597.5, 99412.5, 99675.0
[228][0], 100182.5, 100447.5, 100527.5
[228][1], 99910.0, 99977.5, 100050.0
[228][2], 99690.0, 99615.0, 99867.5
[229][0], 100185.0, 100472.5, 100570.0
[229][1], 99967.5, 100055.0, 100097.5
[229][2], 99830.0, 99762.5, 99967.5
[230][0], 100165.0, 100505.0, 100677.5
[230][1], 99980.0, 100057.5, 100122.5
[230][2], 99880.0, 99782.5, 99977.5
[231][0], 100342.5, 100730.0, 100825.0
[231][1], 100022.5, 100082.5, 100150.0
[231][2], 99732.5, 99590.0, 99797.5
[232][0], 100467.5, 100875.0, 101077.5
[232][1], 100127.5, 100320.0, 100487.5
[232][2], 99682.5, 99762.5, 100160.0
[233][0], 100652.5, 101080.0, 101210.0
[233][1], 100347.5, 100622.5, 100745.0
[233][2], 100090.0, 100200.0, 100532.5
[234][0], 100642.5, 100957.5, 101062.5
[234][1], 100515.0, 100632.5, 100637.5
[234][2], 100380.0, 100327.5, 100510.0
[235][0], 100602.5, 100797.5, 100870.0
[235][1], 100535.0, 100532.5, 100470.0
[235][2], 100387.5, 100220.0, 100335.0
[236][0], 100517.5, 100785.0, 100865.0
[236][1], 100440.0, 100442.5, 100377.5
[236][2], 100385.0, 100165.0, 100207.5
[237][0], 100595.0, 100842.5, 100980.0
[237][1], 100485.0, 100455.0, 100377.5
[237][2], 100450.0, 100132.5, 100075.0
[238][0], 100680.0, 100952.5, 101112.5
[238][1], 100402.5, 100417.5, 100492.5
[238][2], 100155.0, 99950.0, 100185.0
[239][0], 100527.5, 100945.0, 101082.5
[239][1], 100230.0, 100455.0, 100577.5
[239][2], 100017.5, 100070.0, 100365.0
[240][0], 100445.0, 100862.5, 100915.0
[240][1], 100212.5, 100472.5, 100507.5
[240][2], 100080.0, 100137.5, 100370.0
[241][0], 100525.0, 100805.0, 100887.5
[241][1], 100397.5, 100540.0, 100522.5
[241][2], 100320.0, 100275.0, 100432.5
[242][0], 100592.5, 100762.5, 100890.0
[242][1], 100540.0, 100547.5, 100535.0
[242][2], 100465.0, 100320.0, 100452.5
[243][0], 100557.5, 100785.0, 100940.0
[243][1], 100577.5, 100587.5, 100547.5
[243][2], 100497.5, 100337.5, 100447.5
[244][0], 100732.5, 101037.5, 101237.5
[244][1], 100667.5, 100707.5, 100675.0
[244][2], 100587.5, 100450.0, 100580.0
[245][0], 100922.5, 101235.0, 101405.0
[245][1], 100782.5, 100917.5, 100915.0
[245][2], 100662.5, 100602.5, 100752.5
[246][0], 100962.5, 101280.0, 101382.5
[246][1], 100872.5, 100990.0, 100947.5
[246][2], 100765.0, 100727.5, 100857.5
[247][0], 100765.0, 101072.5, 101180.0
[247][1], 100702.5, 100807.5, 100782.5
[247][2], 100610.0, 100530.0, 100657.5
[248][0], 100512.5, 100757.5, 100937.5
[248][1], 100497.5, 100597.5, 100630.0
[248][2], 100482.5, 100395.0, 100550.0
[249][0], 100512.5, 100785.0, 100957.5
[249][1], 100445.0, 100580.0, 100630.0
[249][2], 100420.0, 100360.0, 100550.0
[250][0], 100565.0, 100822.5, 100980.0
[250][1], 100540.0, 100650.0, 100682.5
[250][2], 100505.0, 100417.5, 100582.5
[251][0], 100665.0, 100917.5, 101037.5
[251][1], 100630.0, 100720.0, 100722.5
[251][2], 100555.0, 100477.5, 100635.0
[252][0], 100680.0, 100910.0, 101000.0
[252][1], 100642.5, 100665.0, 100587.5
[252][2], 100497.5, 100382.5, 100497.5
[253][0], 100405.0, 100622.5, 100707.5
[253][1], 100382.5, 100437.5, 100417.5
[253][2], 100327.5, 100212.5, 100342.5
[254][0], 100567.5, 100777.5, 100880.0
[254][1], 100495.0, 100572.5, 100570.0
[254][2], 100392.5, 100315.0, 100467.5
[255][0], 100732.5, 100985.0, 101102.5
[255][1], 100620.0, 100755.0, 100780.0
[255][2], 100525.0, 100490.0, 100682.5
[256][0], 100732.5, 101060.0, 101170.0
[256][1], 100655.0, 100812.5, 100820.0
[256][2], 100547.5, 100525.0, 100712.5
[257][0], 100635.0, 100932.5, 101030.0
[257][1], 100545.0, 100697.5, 100727.5
[257][2], 100420.0, 100405.0, 100600.0
[258][0], 100550.0, 100830.0, 100972.5
[258][1], 100525.0, 100662.5, 100685.0
[258][2], 100412.5, 100372.5, 100570.0
[259][0], 100512.5, 100762.5, 100870.0
[259][1], 100497.5, 100600.0, 100625.0
[259][2], 100360.0, 100315.0, 100527.5
[260][0], 100427.5, 100747.5, 100917.5
[260][1], 100390.0, 100502.5, 100547.5
[260][2], 100295.0, 100252.5, 100452.5
[261][0], 100497.5, 100800.0, 100965.0
[261][1], 100360.0, 100460.0, 100455.0
[261][2], 100202.5, 100170.0, 100285.0
[262][0], 100430.0, 100702.5, 100845.0
[262][1], 100230.0, 100260.0, 100195.0
[262][2], 100042.5, 99940.0, 99982.5
[263][0], 100315.0, 100642.5, 100875.0
[263][1], 100037.5, 100090.0, 100090.0
[263][2], 99882.5, 99770.0, 99875.0
[264][0], 100322.5, 100610.0, 100765.0
[264][1], 100050.0, 100207.5, 100247.5
[264][2], 99745.0, 99720.0, 99950.0
[265][0], 100325.0, 100687.5, 100832.5
[265][1], 100102.5, 100350.0, 100477.5
[265][2], 99910.0, 99997.5, 100302.5
[266][0], 100347.5, 100787.5, 101032.5
[266][1], 100360.0, 100590.0, 100677.5
[266][2], 100265.0, 100287.5, 100570.0
[267][0], 100410.0, 100695.0, 100885.0
[267][1], 100442.5, 100605.0, 100650.0
[267][2], 100420.0, 100387.5, 100622.5
[268][0], 100277.5, 100545.0, 100637.5
[268][1], 100267.5, 100395.0, 100455.0
[268][2], 100260.0, 100175.0, 100402.5
[269][0], 100455.0, 100675.0, 100677.5
[269][1], 100430.0, 100447.5, 100422.5
[269][2], 100322.5, 100182.5, 100367.5
[270][0], 100727.5, 100905.0, 100965.0
[270][1], 100660.0, 100647.5, 100612.5
[270][2], 100475.0, 100302.5, 100440.0
[271][0], 100817.5, 101060.0, 101080.0
[271][1], 100760.0, 100747.5, 100670.0
[271][2], 100570.0, 100410.0, 100500.0
[272][0], 100740.0, 100972.5, 100975.0
[272][1], 100697.5, 100665.0, 100570.0
[272][2], 100470.0, 100322.5, 100422.5
[273][0], 100612.5, 100887.5, 100945.0
[273][1], 100585.0, 100582.5, 100487.5
[273][2], 100395.0, 100247.5, 100335.0
[274][0], 100637.5, 100865.0, 100905.0
[274][1], 100577.5, 100577.5, 100480.0
[274][2], 100340.0, 100202.5, 100317.5
[275][0], 100707.5, 100900.0, 100962.5
[275][1], 100680.0, 100695.0, 100612.5
[275][2], 100405.0, 100305.0, 100455.0
[276][0], 100802.5, 101050.0, 101107.5
[276][1], 100755.0, 100810.0, 100760.0
[276][2], 100460.0, 100395.0, 100582.5
[277][0], 100815.0, 101072.5, 101122.5
[277][1], 100800.0, 100817.5, 100730.0
[277][2], 100505.0, 100410.0, 100552.5
[278][0], 100825.0, 101050.0, 101105.0
[278][1], 100795.0, 100825.0, 100765.0
[278][2], 100522.5, 100445.0, 100592.5
[279][0], 100917.5, 101105.0, 101182.5
[279][1], 100887.5, 100897.5, 100852.5
[279][2], 100640.0, 100565.0, 100740.0
[280][0], 100982.5, 101212.5, 101292.5
[280][1], 101002.5, 101032.5, 101000.0
[280][2], 100762.5, 100695.0, 100857.5
[281][0], 101042.5, 101285.0, 101407.5
[281][1], 101042.5, 101050.0, 100972.5
[281][2], 100810.0, 100705.0, 100817.5
[282][0], 101115.0, 101340.0, 101390.0
[282][1], 101035.0, 101000.0, 100885.0
[282][2], 100782.5, 100650.0, 100725.0
[283][0], 101015.0, 101267.5, 101317.5
[283][1], 100930.0, 100910.0, 100780.0
[283][2], 100655.0, 100535.0, 100617.5
[284][0], 100840.0, 101057.5, 101120.0
[284][1], 100765.0, 100750.0, 100645.0
[284][2], 100502.5, 100392.5, 100472.5
[285][0], 100732.5, 100922.5, 101035.0
[285][1], 100645.0, 100660.0, 100592.5
[285][2], 100370.0, 100295.0, 100417.5
[286][0], 100877.5, 101105.0, 101197.5
[286][1], 100760.0, 100777.5, 100665.0
[286][2], 100435.0, 100377.5, 100490.0
[287][0], 100980.0, 101272.5, 101315.0
[287][1], 100857.5, 100862.5, 100770.0
[287][2], 100577.5, 100482.5, 100615.0
[288][0], 100962.5, 101282.5, 101262.5
[288][1], 100845.0, 100862.5, 100765.0
[288][2], 100580.0, 100465.0, 100567.5
[289][0], 100787.5, 101057.5, 101105.0
[289][1], 100737.5, 100785.0, 100712.5
[289][2], 100522.5, 100430.0, 100522.5
[290][0], 100762.5, 101020.0, 101132.5
[290][1], 100822.5, 100825.0, 100715.0
[290][2], 100617.5, 100490.0, 100570.0
[291][0], 100740.0, 101057.5, 101220.0
[291][1], 100840.0, 100905.0, 100842.5
[291][2], 100630.0, 100530.0, 100655.0
[292][0], 100680.0, 100940.0, 101120.0
[292][1], 100802.5, 100862.5, 100797.5
[292][2], 100582.5, 100482.5, 100592.5
[293][0], 100762.5, 101057.5, 101137.5
[293][1], 100825.0, 100917.5, 100822.5
[293][2], 100562.5, 100485.0, 100630.0
[294][0], 100865.0, 101167.5, 101275.0
[294][1], 100857.5, 100960.0, 100917.5
[294][2], 100547.5, 100502.5, 100685.0
[295][0], 100772.5, 101112.5, 101247.5
[295][1], 100722.5, 100822.5, 100795.0
[295][2], 100370.0, 100265.0, 100457.5
[296][0], 100757.5, 101047.5, 101065.0
[296][1], 100647.5, 100577.5, 100490.0
[296][2], 100390.0, 100115.0, 100197.5
[297][0], 100755.0, 101010.0, 101052.5
[297][1], 100852.5, 100805.0, 100670.0
[297][2], 100730.0, 100560.0, 100610.0
[298][0], 100982.5, 101250.0, 101405.0
[298][1], 101110.0, 101165.0, 101080.0
[298][2], 100922.5, 100837.5, 100955.0
[299][0], 100950.0, 101257.5, 101480.0
[299][1], 101207.5, 101260.0, 101172.5
[299][2], 100980.0, 100870.0, 100972.5
[300][0], 101015.0, 101270.0, 101492.5
[300][1], 101232.5, 101295.0, 101207.5
[300][2], 100960.0, 100880.0, 100995.0
[301][0], 101285.0, 101565.0, 101752.5
[301][1], 101280.0, 101307.5, 101217.5
[301][2], 101055.0, 100925.0, 101005.0
[302][0], 101340.0, 101615.0, 101865.0
[302][1], 101270.0, 101277.5, 101175.0
[302][2], 101042.5, 100860.0, 100930.0
[303][0], 101225.0, 101505.0, 101747.5
[303][1], 101190.0, 101160.0, 100997.5
[303][2], 100952.5, 100732.5, 100770.0
[304][0], 101192.5, 101485.0, 101670.0
[304][1], 101200.0, 101225.0, 101177.5
[304][2], 100965.0, 100787.5, 100927.5
[305][0], 101200.0, 101462.5, 101645.0
[305][1], 101317.5, 101325.0, 101257.5
[305][2], 101052.5, 100900.0, 101027.5
[306][0], 101250.0, 101497.5, 101607.5
[306][1], 101420.0, 101437.5, 101340.0
[306][2], 101122.5, 101007.5, 101125.0
[307][0], 101235.0, 101432.5, 101520.0
[307][1], 101445.0, 101445.0, 101337.5
[307][2], 101135.0, 101012.5, 101132.5
[308][0], 101030.0, 101297.5, 101427.5
[308][1], 101422.5, 101445.0, 101327.5
[308][2], 101097.5, 101025.0, 101125.0
[309][0], 101285.0, 101422.5, 101657.5
[309][1], 101562.5, 101622.5, 101535.0
[309][2], 101192.5, 101175.0, 101315.0
[310][0], 101547.5, 101820.0, 101932.5
[310][1], 101795.0, 101847.5, 101720.0
[310][2], 101372.5, 101362.5, 101495.0
[311][0], 101627.5, 101875.0, 102000.0
[311][1], 101800.0, 101820.0, 101685.0
[311][2], 101447.5, 101392.5, 101487.5
[312][0], 101725.0, 102042.5, 102177.5
[312][1], 101777.5, 101792.5, 101662.5
[312][2], 101417.5, 101317.5, 101427.5
[313][0], 101527.5, 101825.0, 102057.5
[313][1], 101595.0, 101625.0, 101532.5
[313][2], 101270.0, 101182.5, 101312.5
[314][0], 101590.0, 101825.0, 102012.5
[314][1], 101597.5, 101667.5, 101565.0
[314][2], 101227.5, 101175.0, 101277.5
[315][0], 101740.0, 101965.0, 102072.5
[315][1], 101762.5, 101770.0, 101610.0
[315][2], 101365.0, 101297.5, 101390.0
[316][0], 101710.0, 102012.5, 102105.0
[316][1], 101792.5, 101785.0, 101635.0
[316][2], 101435.0, 101347.5, 101420.0
[317][0], 101472.5, 101772.5, 101930.0
[317][1], 101712.5, 101690.0, 101517.5
[317][2], 101367.5, 101272.5, 101320.0
[318][0], 101432.5, 101735.0, 101852.5
[318][1], 101595.0, 101620.0, 101465.0
[318][2], 101277.5, 101205.0, 101280.0
[319][0], 101572.5, 101820.0, 101932.5
[319][1], 101557.5, 101565.0, 101465.0
[319][2], 101267.5, 101207.5, 101312.5
[320][0], 101467.5, 101580.0, 101655.0
[320][1], 101542.5, 101525.0, 101397.5
[320][2], 101197.5, 101125.0, 101252.5
[321][0], 101137.5, 101280.0, 101385.0
[321][1], 101427.5, 101460.0, 101340.0
[321][2], 101075.0, 101030.0, 101175.0
[322][0], 101150.0, 101362.5, 101430.0
[322][1], 101472.5, 101532.5, 101425.0
[322][2], 101062.5, 101070.0, 101275.0
[323][0], 101172.5, 101345.0, 101432.5
[323][1], 101427.5, 101465.0, 101390.0
[323][2], 101005.0, 100970.0, 101172.5
[324][0], 101115.0, 101350.0, 101452.5
[324][1], 101460.0, 101490.0, 101390.0
[324][2], 101012.5, 100945.0, 101140.0
[325][0], 101140.0, 101275.0, 101292.5
[325][1], 101615.0, 101587.5, 101400.0
[325][2], 101137.5, 101065.0, 101200.0
[326][0], 101360.0, 101580.0, 101727.5
[326][1], 101782.5, 101835.0, 101707.5
[326][2], 101362.5, 101350.0, 101482.5
[327][0], 101482.5, 101690.0, 101895.0
[327][1], 101805.0, 101850.0, 101707.5
[327][2], 101382.5, 101392.5, 101515.0
[328][0], 101490.0, 101657.5, 101857.5
[328][1], 101745.0, 101785.0, 101660.0
[328][2], 101317.5, 101315.0, 101447.5
[329][0], 101567.5, 101817.5, 101982.5
[329][1], 101722.5, 101752.5, 101632.5
[329][2], 101322.5, 101300.0, 101412.5
[330][0], 101662.5, 101870.0, 102077.5
[330][1], 101770.0, 101795.0, 101687.5
[330][2], 101392.5, 101342.5, 101457.5
[331][0], 101705.0, 101960.0, 102167.5
[331][1], 101972.5, 101952.5, 101790.0
[331][2], 101575.0, 101460.0, 101520.0
[332][0], 101627.5, 101930.0, 102317.5
[332][1], 101885.0, 101892.5, 101770.0
[332][2], 101537.5, 101460.0, 101537.5
[333][0], 101485.0, 101732.5, 101977.5
[333][1], 101780.0, 101842.5, 101760.0
[333][2], 101407.5, 101425.0, 101572.5
[334][0], 101467.5, 101662.5, 101822.5
[334][1], 101712.5, 101787.5, 101730.0
[334][2], 101327.5, 101352.5, 101517.5
[335][0], 101487.5, 101660.0, 101830.0
[335][1], 101705.0, 101745.0, 101622.5
[335][2], 101347.5, 101305.0, 101447.5
[336][0], 101220.0, 101415.0, 101565.0
[336][1], 101507.5, 101587.5, 101475.0
[336][2], 101212.5, 101155.0, 101292.5
[337][0], 101162.5, 101332.5, 101502.5
[337][1], 101517.5, 101582.5, 101480.0
[337][2], 101187.5, 101135.0, 101305.0
[338][0], 101112.5, 101240.0, 101440.0
[338][1], 101445.0, 101507.5, 101417.5
[338][2], 101067.5, 101052.5, 101222.5
[339][0], 101242.5, 101382.5, 101510.0
[339][1], 101545.0, 101605.0, 101520.0
[339][2], 101155.0, 101150.0, 101322.5
[340][0], 101320.0, 101547.5, 101675.0
[340][1], 101652.5, 101732.5, 101657.5
[340][2], 101280.0, 101287.5, 101455.0
[341][0], 101495.0, 101867.5, 102052.5
[341][1], 101735.0, 101812.5, 101767.5
[341][2], 101357.5, 101380.0, 101565.0
[342][0], 101492.5, 101772.5, 101950.0
[342][1], 101715.0, 101740.0, 101677.5
[342][2], 101345.0, 101350.0, 101527.5
[343][0], 101250.0, 101547.5, 101752.5
[343][1], 101565.0, 101602.5, 101537.5
[343][2], 101250.0, 101232.5, 101367.5
[344][0], 101212.5, 101400.0, 101650.0
[344][1], 101565.0, 101587.5, 101535.0
[344][2], 101250.0, 101230.0, 101355.0
[345][0], 101250.0, 101435.0, 101690.0
[345][1], 101587.5, 101625.0, 101577.5
[345][2], 101250.0, 101267.5, 101430.0
[346][0], 101202.5, 101285.0, 101455.0
[346][1], 101527.5, 101540.0, 101445.0
[346][2], 101212.5, 101160.0, 101287.5
[347][0], 100922.5, 101142.5, 101402.5
[347][1], 101420.0, 101472.5, 101405.0
[347][2], 101137.5, 101077.5, 101222.5
[348][0], 101180.0, 101337.5, 101617.5
[348][1], 101650.0, 101670.0, 101597.5
[348][2], 101222.5, 101212.5, 101375.0
[349][0], 101467.5, 101545.0, 101692.5
[349][1], 101835.0, 101827.5, 101710.0
[349][2], 101375.0, 101375.0, 101522.5
[350][0], 101450.0, 101497.5, 101670.0
[350][1], 101925.0, 101915.0, 101760.0
[350][2], 101420.0, 101417.5, 101550.0
[351][0], 101272.5, 101265.0, 101440.0
[351][1], 101852.5, 101815.0, 101680.0
[351][2], 101385.0, 101342.5, 101495.0
[352][0], 101235.0, 101310.0, 101502.5
[352][1], 101857.5, 101880.0, 101775.0
[352][2], 101532.5, 101450.0, 101582.5
[353][0], 101402.5, 101475.0, 101710.0
[353][1], 101942.5, 101952.5, 101830.0
[353][2], 101647.5, 101552.5, 101652.5
[354][0], 101440.0, 101610.0, 101795.0
[354][1], 101815.0, 101825.0, 101710.0
[354][2], 101570.0, 101500.0, 101592.5
[355][0], 101357.5, 101510.0, 101617.5
[355][1], 101642.5, 101640.0, 101535.0
[355][2], 101360.0, 101307.5, 101420.0
[356][0], 101300.0, 101425.0, 101452.5
[356][1], 101597.5, 101610.0, 101500.0
[356][2], 101252.5, 101230.0, 101355.0
[357][0], 101217.5, 101332.5, 101437.5
[357][1], 101552.5, 101562.5, 101450.0
[357][2], 101180.0, 101170.0, 101280.0
[358][0], 101262.5, 101300.0, 101400.0
[358][1], 101577.5, 101567.5, 101430.0
[358][2], 101122.5, 101137.5, 101270.0
[359][0], 101220.0, 101345.0, 101457.5
[359][1], 101640.0, 101657.5, 101525.0
[359][2], 101212.5, 101202.5, 101322.5
[360][0], 101257.5, 101385.0, 101620.0
[360][1], 101655.0, 101697.5, 101600.0
[360][2], 101320.0, 101312.5, 101422.5
[361][0], 101155.0, 101237.5, 101290.0
[361][1], 101515.0, 101572.5, 101467.5
[361][2], 101172.5, 101205.0, 101335.0
[362][0], 101180.0, 101210.0, 101242.5
[362][1], 101520.0, 101572.5, 101472.5
[362][2], 101162.5, 101160.0, 101320.0
[363][0], 101270.0, 101382.5, 101505.0
[363][1], 101650.0, 101687.5, 101580.0
[363][2], 101240.0, 101207.5, 101372.5
[364][0], 101462.5, 101532.5, 101577.5
[364][1], 101785.0, 101785.0, 101655.0
[364][2], 101335.0, 101310.0, 101435.0
[365][0], 101417.5, 101515.0, 101675.0
[365][1], 101810.0, 101805.0, 101667.5
[365][2], 101420.0, 101372.5, 101477.5

slp.time[366]
1928472.0, 1928496.0, 1928520.0, 1928544.0, 1928568.0, 1928592.0, 1928616.0, 1928640.0, 1928664.0, 1928688.0, 1928712.0, 1928736.0, 1928760.0, 1928784.0, 1928808.0, 1928832.0, 1928856.0, 1928880.0, 1928904.0, 1928928.0, 1928952.0, 1928976.0, 1929000.0, 1929024.0, 1929048.0, 1929072.0, 1929096.0, 1929120.0, 1929144.0, 1929168.0, 1929192.0, 1929216.0, 1929240.0, 1929264.0, 1929288.0, 1929312.0, 1929336.0, 1929360.0, 1929384.0, 1929408.0, 1929432.0, 1929456.0, 1929480.0, 1929504.0, 1929528.0, 1929552.0, 1929576.0, 1929600.0, 1929624.0, 1929648.0, 1929672.0, 1929696.0, 1929720.0, 1929744.0, 1929768.0, 1929792.0, 1929816.0, 1929840.0, 1929864.0, 1929888.0, 1929912.0, 1929936.0, 1929960.0, 1929984.0, 1930008.0, 1930032.0, 1930056.0, 1930080.0, 1930104.0, 1930128.0, 1930152.0, 1930176.0, 1930200.0, 1930224.0, 1930248.0, 1930272.0, 1930296.0, 1930320.0, 1930344.0, 1930368.0, 1930392.0, 1930416.0, 1930440.0, 1930464.0, 1930488.0, 1930512.0, 1930536.0, 1930560.0, 1930584.0, 1930608.0, 1930632.0, 1930656.0, 1930680.0, 1930704.0, 1930728.0, 1930752.0, 1930776.0, 1930800.0, 1930824.0, 1930848.0, 1930872.0, 1930896.0, 1930920.0, 1930944.0, 1930968.0, 1930992.0, 1931016.0, 1931040.0, 1931064.0, 1931088.0, 1931112.0, 1931136.0, 1931160.0, 1931184.0, 1931208.0, 1931232.0, 1931256.0, 1931280.0, 1931304.0, 1931328.0, 1931352.0, 1931376.0, 1931400.0, 1931424.0, 1931448.0, 1931472.0, 1931496.0, 1931520.0, 1931544.0, 1931568.0, 1931592.0, 1931616.0, 1931640.0, 1931664.0, 1931688.0, 1931712.0, 1931736.0, 1931760.0, 1931784.0, 1931808.0, 1931832.0, 1931856.0, 1931880.0, 1931904.0, 1931928.0, 1931952.0, 1931976.0, 1932000.0, 1932024.0, 1932048.0, 1932072.0, 1932096.0, 1932120.0, 1932144.0, 1932168.0, 1932192.0, 1932216.0, 1932240.0, 1932264.0, 1932288.0, 1932312.0, 1932336.0, 1932360.0, 1932384.0, 1932408.0, 1932432.0, 1932456.0, 1932480.0, 1932504.0, 1932528.0, 1932552.0, 1932576.0, 1932600.0, 1932624.0, 1932648.0, 1932672.0, 1932696.0, 1932720.0, 1932744.0, 1932768.0, 1932792.0, 1932816.0, 1932840.0, 1932864.0, 1932888.0, 1932912.0, 1932936.0, 1932960.0, 1932984.0, 1933008.0, 1933032.0, 1933056.0, 1933080.0, 1933104.0, 1933128.0, 1933152.0, 1933176.0, 1933200.0, 1933224.0, 1933248.0, 1933272.0, 1933296.0, 1933320.0, 1933344.0, 1933368.0, 1933392.0, 1933416.0, 1933440.0, 1933464.0, 1933488.0, 1933512.0, 1933536.0, 1933560.0, 1933584.0, 1933608.0, 1933632.0, 1933656.0, 1933680.0, 1933704.0, 1933728.0, 1933752.0, 1933776.0, 1933800.0, 1933824.0, 1933848.0, 1933872.0, 1933896.0, 1933920.0, 1933944.0, 1933968.0, 1933992.0, 1934016.0, 1934040.0, 1934064.0, 1934088.0, 1934112.0, 1934136.0, 1934160.0, 1934184.0, 1934208.0, 1934232.0, 1934256.0, 1934280.0, 1934304.0, 1934328.0, 1934352.0, 1934376.0, 1934400.0, 1934424.0, 1934448.0, 1934472.0, 1934496.0, 1934520.0, 1934544.0, 1934568.0, 1934592.0, 1934616.0, 1934640.0, 1934664.0, 1934688.0, 1934712.0, 1934736.0, 1934760.0, 1934784.0, 1934808.0, 1934832.0, 1934856.0, 1934880.0, 1934904.0, 1934928.0, 1934952.0, 1934976.0, 1935000.0, 1935024.0, 1935048.0, 1935072.0, 1935096.0, 1935120.0, 1935144.0, 1935168.0, 1935192.0, 1935216.0, 1935240.0, 1935264.0, 1935288.0, 1935312.0, 1935336.0, 1935360.0, 1935384.0, 1935408.0, 1935432.0, 1935456.0, 1935480.0, 1935504.0, 1935528.0, 1935552.0, 1935576.0, 1935600.0, 1935624.0, 1935648.0, 1935672.0, 1935696.0, 1935720.0, 1935744.0, 1935768.0, 1935792.0, 1935816.0, 1935840.0, 1935864.0, 1935888.0, 1935912.0, 1935936.0, 1935960.0, 1935984.0, 1936008.0, 1936032.0, 1936056.0, 1936080.0, 1936104.0, 1936128.0, 1936152.0, 1936176.0, 1936200.0, 1936224.0, 1936248.0, 1936272.0, 1936296.0, 1936320.0, 1936344.0, 1936368.0, 1936392.0, 1936416.0, 1936440.0, 1936464.0, 1936488.0, 1936512.0, 1936536.0, 1936560.0, 1936584.0, 1936608.0, 1936632.0, 1936656.0, 1936680.0, 1936704.0, 1936728.0, 1936752.0, 1936776.0, 1936800.0, 1936824.0, 1936848.0, 1936872.0, 1936896.0, 1936920.0, 1936944.0, 1936968.0, 1936992.0, 1937016.0, 1937040.0, 1937064.0, 1937088.0, 1937112.0, 1937136.0, 1937160.0, 1937184.0, 1937208.0, 1937232.0

slp.lat[3]
27.5, 25.0, 22.5

slp.lon[3]
85.0, 87.5, 90.0


