Dataset {
    Grid {
     ARRAY:
        Float32 slp[time = 365][lat = 3][lon = 3];
     MAPS:
        Float64 time[time = 365];
        Float32 lat[lat = 3];
        Float32 lon[lon = 3];
    } slp;
} Datasets/ncep.reanalysis.dailyavgs/surface/slp.2023.nc;
---------------------------------------------
slp.slp[365][3][3]
[0][0], 101662.5, 101672.5, 101837.5
[0][1], 102180.0, 102177.5, 102032.5
[0][2], 101607.5, 101632.5, 101795.0
[1][0], 101787.5, 101692.5, 101810.0
[1][1], 102265.0, 102220.0, 102027.5
[1][2], 101730.0, 101722.5, 101845.0
[2][0], 101895.0, 101727.5, 101822.5
[2][1], 102242.5, 102210.0, 102030.0
[2][2], 101745.0, 101747.5, 101835.0
[3][0], 101957.5, 101817.5, 101852.5
[3][1], 102310.0, 102242.5, 102042.5
[3][2], 101795.0, 101757.5, 101805.0
[4][0], 102097.5, 102087.5, 102242.5
[4][1], 102420.0, 102290.0, 102060.0
[4][2], 101982.5, 101842.5, 101840.0
[5][0], 101957.5, 101972.5, 102180.0
[5][1], 102320.0, 102207.5, 101997.5
[5][2], 101972.5, 101792.5, 101802.5
[6][0], 101717.5, 101785.0, 101910.0
[6][1], 102050.0, 101982.5, 101795.0
[6][2], 101752.5, 101570.0, 101597.5
[7][0], 101650.0, 101757.5, 101880.0
[7][1], 102000.0, 101950.0, 101795.0
[7][2], 101662.5, 101527.5, 101580.0
[8][0], 101777.5, 101890.0, 102007.5
[8][1], 102115.0, 102052.5, 101860.0
[8][2], 101720.0, 101622.5, 101660.0
[9][0], 101557.5, 101595.0, 101652.5
[9][1], 101932.5, 101852.5, 101687.5
[9][2], 101535.0, 101457.5, 101525.0
[10][0], 101380.0, 101465.0, 101562.5
[10][1], 101657.5, 101632.5, 101520.0
[10][2], 101320.0, 101307.5, 101407.5
[11][0], 101172.5, 101112.5, 101122.5
[11][1], 101515.0, 101500.0, 101385.0
[11][2], 101102.5, 101132.5, 101282.5
[12][0], 101145.0, 101127.5, 101267.5
[12][1], 101497.5, 101535.0, 101477.5
[12][2], 101037.5, 101117.5, 101370.0
[13][0], 101005.0, 101007.5, 101090.0
[13][1], 101500.0, 101467.5, 101390.0
[13][2], 101107.5, 101067.5, 101292.5
[14][0], 100995.0, 100995.0, 101097.5
[14][1], 101625.0, 101545.0, 101402.5
[14][2], 101152.5, 101092.5, 101245.0
[15][0], 101162.5, 101105.0, 101282.5
[15][1], 101802.5, 101777.5, 101655.0
[15][2], 101335.0, 101312.5, 101442.5
[16][0], 101247.5, 101182.5, 101355.0
[16][1], 101850.0, 101855.0, 101740.0
[16][2], 101315.0, 101347.5, 101530.0
[17][0], 101447.5, 101407.5, 101620.0
[17][1], 102040.0, 102042.5, 101940.0
[17][2], 101532.5, 101565.0, 101722.5
[18][0], 101552.5, 101527.5, 101665.0
[18][1], 102042.5, 102037.5, 101907.5
[18][2], 101580.0, 101585.0, 101717.5
[19][0], 101452.5, 101437.5, 101695.0
[19][1], 101885.0, 101902.5, 101805.0
[19][2], 101450.0, 101482.5, 101612.5
[20][0], 101317.5, 101242.5, 101435.0
[20][1], 101727.5, 101722.5, 101627.5
[20][2], 101317.5, 101320.0, 101477.5
[21][0], 101380.0, 101382.5, 101562.5
[21][1], 101717.5, 101725.0, 101630.0
[21][2], 101257.5, 101272.5, 101442.5
[22][0], 101335.0, 101390.0, 101550.0
[22][1], 101645.0, 101630.0, 101547.5
[22][2], 101187.5, 101182.5, 101375.0
[23][0], 101455.0, 101487.5, 101612.5
[23][1], 101645.0, 101637.5, 101575.0
[23][2], 101212.5, 101225.0, 101420.0
[24][0], 101447.5, 101377.5, 101492.5
[24][1], 101580.0, 101590.0, 101500.0
[24][2], 101172.5, 101185.0, 101355.0
[25][0], 101277.5, 101242.5, 101430.0
[25][1], 101547.5, 101497.5, 101430.0
[25][2], 101160.0, 101115.0, 101277.5
[26][0], 101122.5, 101130.0, 101222.5
[26][1], 101587.5, 101525.0, 101417.5
[26][2], 101272.5, 101175.0, 101305.0
[27][0], 101187.5, 101255.0, 101410.0
[27][1], 101567.5, 101540.0, 101442.5
[27][2], 101235.0, 101172.5, 101290.0
[28][0], 101450.0, 101480.0, 101645.0
[28][1], 101625.0, 101607.5, 101500.0
[28][2], 101272.5, 101257.5, 101355.0
[29][0], 101542.5, 101502.5, 101642.5
[29][1], 101697.5, 101632.5, 101515.0
[29][2], 101397.5, 101297.5, 101385.0
[30][0], 101217.5, 101217.5, 101290.0
[30][1], 101562.5, 101480.0, 101332.5
[30][2], 101255.0, 101135.0, 101220.0
[31][0], 101205.0, 101285.0, 101362.5
[31][1], 101680.0, 101590.0, 101405.0
[31][2], 101310.0, 101167.5, 101202.5
[32][0], 101415.0, 101560.0, 101627.5
[32][1], 101722.5, 101667.5, 101475.0
[32][2], 101442.5, 101310.0, 101355.0
[33][0], 101155.0, 101242.5, 101400.0
[33][1], 101595.0, 101570.0, 101447.5
[33][2], 101345.0, 101230.0, 101317.5
[34][0], 100912.5, 100965.0, 101100.0
[34][1], 101395.0, 101357.5, 101265.0
[34][2], 101167.5, 101075.0, 101195.0
[35][0], 100977.5, 100997.5, 101105.0
[35][1], 101415.0, 101402.5, 101285.0
[35][2], 101130.0, 101067.5, 101187.5
[36][0], 100880.0, 100932.5, 101047.5
[36][1], 101347.5, 101357.5, 101262.5
[36][2], 101047.5, 101012.5, 101165.0
[37][0], 100755.0, 100880.0, 101020.0
[37][1], 101242.5, 101320.0, 101280.0
[37][2], 100957.5, 100927.5, 101127.5
[38][0], 100912.5, 101017.5, 101197.5
[38][1], 101425.0, 101432.5, 101365.0
[38][2], 101085.0, 100995.0, 101207.5
[39][0], 101137.5, 101142.5, 101267.5
[39][1], 101517.5, 101542.5, 101452.5
[39][2], 101162.5, 101140.0, 101282.5
[40][0], 101025.0, 101012.5, 101090.0
[40][1], 101402.5, 101397.5, 101327.5
[40][2], 101132.5, 101147.5, 101300.0
[41][0], 100935.0, 100840.0, 100850.0
[41][1], 101340.0, 101317.5, 101202.5
[41][2], 101057.5, 101015.0, 101222.5
[42][0], 100760.0, 100797.5, 100890.0
[42][1], 101542.5, 101457.5, 101327.5
[42][2], 101257.5, 101105.0, 101257.5
[43][0], 101002.5, 101235.0, 101357.5
[43][1], 101495.0, 101545.0, 101492.5
[43][2], 101347.5, 101255.0, 101382.5
[44][0], 101192.5, 101277.5, 101425.0
[44][1], 101555.0, 101575.0, 101462.5
[44][2], 101275.0, 101210.0, 101322.5
[45][0], 101147.5, 101260.0, 101415.0
[45][1], 101360.0, 101442.5, 101352.5
[45][2], 101077.5, 101065.0, 101222.5
[46][0], 101392.5, 101510.0, 101627.5
[46][1], 101517.5, 101597.5, 101507.5
[46][2], 101200.0, 101230.0, 101392.5
[47][0], 101395.0, 101495.0, 101632.5
[47][1], 101582.5, 101647.5, 101572.5
[47][2], 101207.5, 101287.5, 101467.5
[48][0], 101305.0, 101440.0, 101610.0
[48][1], 101537.5, 101610.0, 101552.5
[48][2], 101205.0, 101290.0, 101485.0
[49][0], 101212.5, 101305.0, 101395.0
[49][1], 101472.5, 101510.0, 101465.0
[49][2], 101180.0, 101202.5, 101395.0
[50][0], 101092.5, 101215.0, 101320.0
[50][1], 101380.0, 101417.5, 101377.5
[50][2], 101070.0, 101065.0, 101280.0
[51][0], 101060.0, 101160.0, 101290.0
[51][1], 101385.0, 101422.5, 101375.0
[51][2], 101035.0, 101057.5, 101297.5
[52][0], 100932.5, 101072.5, 101215.0
[52][1], 101325.0, 101352.5, 101290.0
[52][2], 100977.5, 100932.5, 101192.5
[53][0], 100930.0, 101090.0, 101247.5
[53][1], 101410.0, 101445.0, 101352.5
[53][2], 101027.5, 101022.5, 101255.0
[54][0], 101287.5, 101452.5, 101567.5
[54][1], 101610.0, 101640.0, 101542.5
[54][2], 101207.5, 101210.0, 101417.5
[55][0], 101602.5, 101752.5, 101925.0
[55][1], 101880.0, 101907.5, 101817.5
[55][2], 101462.5, 101442.5, 101607.5
[56][0], 101635.0, 101792.5, 102040.0
[56][1], 102002.5, 102017.5, 101865.0
[56][2], 101555.0, 101537.5, 101695.0
[57][0], 101500.0, 101577.5, 101807.5
[57][1], 101935.0, 101952.5, 101797.5
[57][2], 101492.5, 101475.0, 101630.0
[58][0], 101500.0, 101652.5, 101850.0
[58][1], 101935.0, 101972.5, 101852.5
[58][2], 101507.5, 101527.5, 101720.0
[59][0], 101657.5, 101777.5, 101940.0
[59][1], 102007.5, 101995.0, 101820.0
[59][2], 101552.5, 101530.0, 101667.5
[60][0], 101600.0, 101700.0, 101897.5
[60][1], 102000.0, 101980.0, 101847.5
[60][2], 101577.5, 101515.0, 101680.0
[61][0], 101460.0, 101660.0, 101910.0
[61][1], 101930.0, 101915.0, 101787.5
[61][2], 101625.0, 101552.5, 101687.5
[62][0], 101495.0, 101632.5, 101855.0
[62][1], 101902.5, 101845.0, 101702.5
[62][2], 101587.5, 101475.0, 101590.0
[63][0], 101440.0, 101545.0, 101717.5
[63][1], 101817.5, 101750.0, 101577.5
[63][2], 101545.0, 101400.0, 101477.5
[64][0], 101265.0, 101390.0, 101547.5
[64][1], 101687.5, 101672.5, 101530.0
[64][2], 101367.5, 101310.0, 101450.0
[65][0], 101465.0, 101582.5, 101715.0
[65][1], 101790.0, 101775.0, 101597.5
[65][2], 101407.5, 101355.0, 101462.5
[66][0], 101627.5, 101800.0, 101912.5
[66][1], 101907.5, 101920.0, 101707.5
[66][2], 101455.0, 101417.5, 101522.5
[67][0], 101452.5, 101617.5, 101750.0
[67][1], 101805.0, 101810.0, 101635.0
[67][2], 101375.0, 101345.0, 101472.5
[68][0], 101412.5, 101557.5, 101675.0
[68][1], 101682.5, 101720.0, 101580.0
[68][2], 101280.0, 101265.0, 101422.5
[69][0], 101427.5, 101527.5, 101702.5
[69][1], 101670.0, 101722.5, 101612.5
[69][2], 101270.0, 101277.5, 101425.0
[70][0], 101435.0, 101572.5, 101732.5
[70][1], 101605.0, 101630.0, 101487.5
[70][2], 101257.5, 101212.5, 101302.5
[71][0], 101225.0, 101422.5, 101602.5
[71][1], 101412.5, 101432.5, 101267.5
[71][2], 101032.5, 101002.5, 101147.5
[72][0], 100930.0, 101072.5, 101172.5
[72][1], 101152.5, 101207.5, 101112.5
[72][2], 100790.0, 100777.5, 101022.5
[73][0], 100810.0, 101002.5, 101205.0
[73][1], 101117.5, 101195.0, 101162.5
[73][2], 100790.0, 100772.5, 101017.5
[74][0], 101172.5, 101350.0, 101445.0
[74][1], 101322.5, 101450.0, 101397.5
[74][2], 100947.5, 100975.0, 101255.0
[75][0], 101250.0, 101387.5, 101460.0
[75][1], 101442.5, 101545.0, 101457.5
[75][2], 101050.0, 101052.5, 101267.5
[76][0], 101052.5, 101225.0, 101330.0
[76][1], 101215.0, 101342.5, 101310.0
[76][2], 100917.5, 100925.0, 101155.0
[77][0], 100855.0, 101015.0, 101170.0
[77][1], 101075.0, 101207.5, 101190.0
[77][2], 100727.5, 100790.0, 101030.0
[78][0], 100757.5, 100847.5, 101012.5
[78][1], 100970.0, 101050.0, 101062.5
[78][2], 100665.0, 100690.0, 100935.0
[79][0], 100780.0, 100860.0, 101035.0
[79][1], 101082.5, 101142.5, 101142.5
[79][2], 100707.5, 100725.0, 101000.0
[80][0], 100602.5, 100692.5, 100857.5
[80][1], 101040.0, 101057.5, 101040.0
[80][2], 100715.0, 100665.0, 100905.0
[81][0], 100602.5, 100765.0, 100960.0
[81][1], 101060.0, 101105.0, 101060.0
[81][2], 100745.0, 100675.0, 100857.5
[82][0], 100890.0, 101067.5, 101207.5
[82][1], 101115.0, 101205.0, 101147.5
[82][2], 100805.0, 100797.5, 100987.5
[83][0], 101067.5, 101227.5, 101337.5
[83][1], 101157.5, 101227.5, 101187.5
[83][2], 100847.5, 100830.0, 101047.5
[84][0], 100752.5, 100902.5, 101025.0
[84][1], 101077.5, 101082.5, 100995.0
[84][2], 100720.0, 100667.5, 100882.5
[85][0], 100652.5, 100827.5, 101055.0
[85][1], 101035.0, 101075.0, 101002.5
[85][2], 100682.5, 100637.5, 100847.5
[86][0], 100882.5, 101227.5, 101470.0
[86][1], 101147.5, 101222.5, 101140.0
[86][2], 100745.0, 100720.0, 100907.5
[87][0], 100975.0, 101320.0, 101647.5
[87][1], 101185.0, 101270.0, 101247.5
[87][2], 100760.0, 100802.5, 101047.5
[88][0], 100750.0, 101072.5, 101372.5
[88][1], 100920.0, 101047.5, 101032.5
[88][2], 100557.5, 100637.5, 100887.5
[89][0], 100997.5, 101212.5, 101402.5
[89][1], 101117.5, 101202.5, 101137.5
[89][2], 100802.5, 100770.0, 100940.0
[90][0], 100805.0, 101005.0, 101200.0
[90][1], 101030.0, 101112.5, 101050.0
[90][2], 100727.5, 100717.5, 100862.5
[91][0], 100502.5, 100710.0, 100875.0
[91][1], 100900.0, 100952.5, 100870.0
[91][2], 100557.5, 100525.0, 100710.0
[92][0], 100572.5, 100855.0, 101087.5
[92][1], 100900.0, 100960.0, 100902.5
[92][2], 100600.0, 100552.5, 100745.0
[93][0], 100722.5, 100945.0, 101190.0
[93][1], 100907.5, 100962.5, 100900.0
[93][2], 100567.5, 100540.0, 100772.5
[94][0], 100740.0, 101030.0, 101282.5
[94][1], 100960.0, 100985.0, 100925.0
[94][2], 100622.5, 100517.5, 100767.5
[95][0], 100965.0, 101340.0, 101742.5
[95][1], 101175.0, 101240.0, 101212.5
[95][2], 100827.5, 100770.0, 100985.0
[96][0], 101172.5, 101580.0, 101890.0
[96][1], 101360.0, 101405.0, 101337.5
[96][2], 101020.0, 100940.0, 101112.5
[97][0], 101382.5, 101762.5, 102107.5
[97][1], 101512.5, 101515.0, 101437.5
[97][2], 101190.0, 101087.5, 101237.5
[98][0], 101240.0, 101622.5, 101895.0
[98][1], 101402.5, 101417.5, 101332.5
[98][2], 101110.0, 100992.5, 101137.5
[99][0], 101017.5, 101332.5, 101535.0
[99][1], 101257.5, 101275.0, 101172.5
[99][2], 100932.5, 100797.5, 100975.0
[100][0], 100990.0, 101385.0, 101592.5
[100][1], 101180.0, 101207.5, 101150.0
[100][2], 100917.5, 100790.0, 100950.0
[101][0], 100890.0, 101372.5, 101680.0
[101][1], 101075.0, 101125.0, 101050.0
[101][2], 100825.0, 100695.0, 100822.5
[102][0], 100770.0, 101220.0, 101585.0
[102][1], 100947.5, 100980.0, 100917.5
[102][2], 100705.0, 100577.5, 100730.0
[103][0], 100927.5, 101377.5, 101745.0
[103][1], 100907.5, 100965.0, 100910.0
[103][2], 100625.0, 100522.5, 100692.5
[104][0], 101060.0, 101517.5, 101785.0
[104][1], 100867.5, 100897.5, 100855.0
[104][2], 100600.0, 100480.0, 100657.5
[105][0], 100702.5, 101157.5, 101435.0
[105][1], 100682.5, 100752.5, 100710.0
[105][2], 100485.0, 100377.5, 100530.0
[106][0], 100732.5, 101185.0, 101420.0
[106][1], 100697.5, 100807.5, 100810.0
[106][2], 100537.5, 100447.5, 100672.5
[107][0], 100862.5, 101352.5, 101635.0
[107][1], 100722.5, 100832.5, 100867.5
[107][2], 100557.5, 100492.5, 100720.0
[108][0], 100387.5, 100890.0, 101300.0
[108][1], 100345.0, 100450.0, 100505.0
[108][2], 100240.0, 100155.0, 100375.0
[109][0], 100205.0, 100525.0, 100852.5
[109][1], 100172.5, 100247.5, 100285.0
[109][2], 100050.0, 99942.5, 100177.5
[110][0], 100430.0, 100720.0, 100967.5
[110][1], 100455.0, 100507.5, 100477.5
[110][2], 100282.5, 100130.0, 100330.0
[111][0], 100452.5, 100757.5, 101032.5
[111][1], 100595.0, 100695.0, 100632.5
[111][2], 100340.0, 100240.0, 100435.0
[112][0], 100662.5, 101042.5, 101455.0
[112][1], 100862.5, 101030.0, 101045.0
[112][2], 100580.0, 100542.5, 100745.0
[113][0], 101177.5, 101347.5, 101567.5
[113][1], 101312.5, 101370.0, 101272.5
[113][2], 100925.0, 100867.5, 101032.5
[114][0], 101172.5, 101385.0, 101592.5
[114][1], 101205.0, 101280.0, 101192.5
[114][2], 100892.5, 100842.5, 100987.5
[115][0], 100935.0, 101180.0, 101392.5
[115][1], 100990.0, 101067.5, 101012.5
[115][2], 100660.0, 100627.5, 100810.0
[116][0], 100905.0, 101185.0, 101422.5
[116][1], 101027.5, 101120.0, 101055.0
[116][2], 100685.0, 100662.5, 100877.5
[117][0], 100865.0, 101200.0, 101425.0
[117][1], 100967.5, 101090.0, 101070.0
[117][2], 100692.5, 100655.0, 100895.0
[118][0], 100792.5, 101085.0, 101287.5
[118][1], 100915.0, 100977.5, 100957.5
[118][2], 100635.0, 100575.0, 100812.5
[119][0], 100760.0, 100977.5, 101127.5
[119][1], 100927.5, 100947.5, 100870.0
[119][2], 100650.0, 100527.5, 100695.0
[120][0], 100880.0, 101070.0, 101212.5
[120][1], 101025.0, 101097.5, 101005.0
[120][2], 100770.0, 100725.0, 100867.5
[121][0], 100992.5, 101262.5, 101362.5
[121][1], 101015.0, 101130.0, 101075.0
[121][2], 100762.5, 100755.0, 100930.0
[122][0], 101017.5, 101332.5, 101492.5
[122][1], 101015.0, 101132.5, 101105.0
[122][2], 100757.5, 100777.5, 101002.5
[123][0], 100895.0, 101130.0, 101280.0
[123][1], 100950.0, 101022.5, 101002.5
[123][2], 100622.5, 100635.0, 100870.0
[124][0], 100575.0, 100780.0, 101005.0
[124][1], 100747.5, 100777.5, 100717.5
[124][2], 100435.0, 100382.5, 100602.5
[125][0], 100480.0, 100817.5, 101025.0
[125][1], 100602.5, 100685.0, 100647.5
[125][2], 100352.5, 100285.0, 100495.0
[126][0], 100360.0, 100717.5, 101040.0
[126][1], 100547.5, 100625.0, 100627.5
[126][2], 100342.5, 100300.0, 100520.0
[127][0], 100442.5, 100732.5, 101052.5
[127][1], 100602.5, 100625.0, 100605.0
[127][2], 100345.0, 100265.0, 100465.0
[128][0], 100420.0, 100665.0, 100990.0
[128][1], 100587.5, 100627.5, 100587.5
[128][2], 100340.0, 100275.0, 100467.5
[129][0], 100492.5, 100935.0, 101280.0
[129][1], 100640.0, 100727.5, 100715.0
[129][2], 100340.0, 100267.5, 100517.5
[130][0], 100772.5, 101207.5, 101472.5
[130][1], 100772.5, 100865.0, 100907.5
[130][2], 100490.0, 100415.0, 100665.0
[131][0], 100930.0, 101382.5, 101610.0
[131][1], 100737.5, 100887.5, 100912.5
[131][2], 100430.0, 100407.5, 100620.0
[132][0], 100825.0, 101297.5, 101705.0
[132][1], 100605.0, 100720.0, 100722.5
[132][2], 100267.5, 100262.5, 100435.0
[133][0], 100375.0, 100905.0, 101305.0
[133][1], 100205.0, 100370.0, 100332.5
[133][2], 99917.5, 99912.5, 99957.5
[134][0], 100380.0, 100682.5, 100887.5
[134][1], 100360.0, 100500.0, 100517.5
[134][2], 100067.5, 100135.0, 100392.5
[135][0], 100532.5, 100895.0, 100987.5
[135][1], 100470.0, 100635.0, 100712.5
[135][2], 100265.0, 100280.0, 100587.5
[136][0], 100785.0, 101197.5, 101312.5
[136][1], 100725.0, 100920.0, 101005.0
[136][2], 100472.5, 100505.0, 100815.0
[137][0], 100892.5, 101275.0, 101392.5
[137][1], 100855.0, 101005.0, 101035.0
[137][2], 100572.5, 100637.5, 100912.5
[138][0], 100622.5, 101037.5, 101200.0
[138][1], 100665.0, 100787.5, 100802.5
[138][2], 100430.0, 100422.5, 100662.5
[139][0], 100537.5, 100980.0, 101170.0
[139][1], 100542.5, 100720.0, 100765.0
[139][2], 100382.5, 100342.5, 100602.5
[140][0], 100627.5, 101092.5, 101400.0
[140][1], 100532.5, 100767.5, 100882.5
[140][2], 100405.0, 100410.0, 100737.5
[141][0], 100935.0, 101465.0, 101710.0
[141][1], 100677.5, 100892.5, 100970.0
[141][2], 100485.0, 100482.5, 100790.0
[142][0], 100995.0, 101495.0, 101640.0
[142][1], 100785.0, 100905.0, 100907.5
[142][2], 100497.5, 100465.0, 100737.5
[143][0], 100747.5, 101157.5, 101437.5
[143][1], 100612.5, 100790.0, 100805.0
[143][2], 100325.0, 100375.0, 100622.5
[144][0], 100565.0, 100870.0, 101080.0
[144][1], 100527.5, 100662.5, 100730.0
[144][2], 100272.5, 100340.0, 100620.0
[145][0], 100730.0, 100955.0, 101137.5
[145][1], 100802.5, 100852.5, 100842.5
[145][2], 100432.5, 100455.0, 100707.5
[146][0], 100680.0, 101000.0, 101225.0
[146][1], 100735.0, 100790.0, 100785.0
[146][2], 100402.5, 100407.5, 100620.0
[147][0], 100747.5, 101190.0, 101475.0
[147][1], 100785.0, 100897.5, 100867.5
[147][2], 100522.5, 100512.5, 100690.0
[148][0], 100985.0, 101357.5, 101482.5
[148][1], 100870.0, 100907.5, 100855.0
[148][2], 100622.5, 100585.0, 100750.0
[149][0], 100917.5, 101337.5, 101505.0
[149][1], 100652.5, 100742.5, 100760.0
[149][2], 100485.0, 100460.0, 100652.5
[150][0], 100750.0, 101145.0, 101332.5
[150][1], 100547.5, 100565.0, 100585.0
[150][2], 100325.0, 100247.5, 100467.5
[151][0], 100532.5, 100802.5, 100862.5
[151][1], 100505.0, 100482.5, 100437.5
[151][2], 100297.5, 100195.0, 100377.5
[152][0], 100442.5, 100797.5, 100870.0
[152][1], 100442.5, 100467.5, 100465.0
[152][2], 100232.5, 100157.5, 100377.5
[153][0], 100490.0, 100880.0, 101100.0
[153][1], 100480.0, 100575.0, 100602.5
[153][2], 100255.0, 100232.5, 100475.0
[154][0], 100517.5, 100912.5, 101095.0
[154][1], 100415.0, 100517.5, 100550.0
[154][2], 100215.0, 100200.0, 100437.5
[155][0], 100622.5, 100950.0, 100957.5
[155][1], 100362.5, 100435.0, 100445.0
[155][2], 100157.5, 100112.5, 100292.5
[156][0], 100417.5, 100755.0, 100877.5
[156][1], 100262.5, 100310.0, 100327.5
[156][2], 100080.0, 99990.0, 100160.0
[157][0], 100387.5, 100745.0, 100850.0
[157][1], 100217.5, 100275.0, 100290.0
[157][2], 100060.0, 99945.0, 100117.5
[158][0], 100330.0, 100730.0, 100767.5
[158][1], 100145.0, 100222.5, 100250.0
[158][2], 99997.5, 99907.5, 100085.0
[159][0], 100142.5, 100547.5, 100607.5
[159][1], 99990.0, 100105.0, 100125.0
[159][2], 99807.5, 99782.5, 100010.0
[160][0], 99945.0, 100327.5, 100457.5
[160][1], 99817.5, 100002.5, 100092.5
[160][2], 99695.0, 99720.0, 99937.5
[161][0], 99940.0, 100272.5, 100402.5
[161][1], 99850.0, 99957.5, 100035.0
[161][2], 99732.5, 99675.0, 99892.5
[162][0], 99992.5, 100345.0, 100507.5
[162][1], 99855.0, 100007.5, 100112.5
[162][2], 99777.5, 99725.0, 99942.5
[163][0], 99835.0, 100185.0, 100365.0
[163][1], 99747.5, 99905.0, 100032.5
[163][2], 99742.5, 99662.5, 99897.5
[164][0], 99770.0, 100182.5, 100357.5
[164][1], 99762.5, 99862.5, 99977.5
[164][2], 99860.0, 99700.0, 99927.5
[165][0], 99755.0, 100142.5, 100362.5
[165][1], 99817.5, 99905.0, 100045.0
[165][2], 99890.0, 99777.5, 100017.5
[166][0], 99870.0, 100275.0, 100450.0
[166][1], 99975.0, 100050.0, 100137.5
[166][2], 99912.5, 99845.0, 100105.0
[167][0], 100000.0, 100350.0, 100595.0
[167][1], 99992.5, 100150.0, 100287.5
[167][2], 99997.5, 100010.0, 100290.0
[168][0], 100087.5, 100485.0, 100737.5
[168][1], 100080.0, 100265.0, 100372.5
[168][2], 100055.0, 100085.0, 100345.0
[169][0], 100032.5, 100462.5, 100645.0
[169][1], 99980.0, 100222.5, 100337.5
[169][2], 99995.0, 100062.5, 100302.5
[170][0], 100187.5, 100485.0, 100657.5
[170][1], 100092.5, 100257.5, 100367.5
[170][2], 100020.0, 100055.0, 100310.0
[171][0], 100277.5, 100605.0, 100777.5
[171][1], 100205.0, 100347.5, 100407.5
[171][2], 100082.5, 100105.0, 100337.5
[172][0], 100340.0, 100732.5, 100887.5
[172][1], 100255.0, 100425.0, 100475.0
[172][2], 100197.5, 100147.5, 100340.0
[173][0], 100355.0, 100680.0, 100840.0
[173][1], 100227.5, 100355.0, 100377.5
[173][2], 100155.0, 100047.5, 100165.0
[174][0], 100332.5, 100590.0, 100722.5
[174][1], 100182.5, 100262.5, 100307.5
[174][2], 100082.5, 99957.5, 100102.5
[175][0], 100325.0, 100637.5, 100825.0
[175][1], 100087.5, 100230.0, 100360.0
[175][2], 99945.0, 99882.5, 100162.5
[176][0], 100310.0, 100667.5, 100902.5
[176][1], 100010.0, 100257.5, 100422.5
[176][2], 99835.0, 99917.5, 100207.5
[177][0], 100297.5, 100700.0, 100940.0
[177][1], 99982.5, 100312.5, 100497.5
[177][2], 99805.0, 99965.0, 100292.5
[178][0], 100367.5, 100802.5, 101080.0
[178][1], 100157.5, 100460.0, 100647.5
[178][2], 100105.0, 100195.0, 100510.0
[179][0], 100285.0, 100690.0, 100910.0
[179][1], 100260.0, 100475.0, 100585.0
[179][2], 100272.5, 100267.5, 100500.0
[180][0], 100252.5, 100642.5, 100822.5
[180][1], 100320.0, 100427.5, 100450.0
[180][2], 100270.0, 100192.5, 100387.5
[181][0], 100257.5, 100672.5, 100850.0
[181][1], 100322.5, 100475.0, 100495.0
[181][2], 100285.0, 100212.5, 100387.5
[182][0], 100205.0, 100507.5, 100737.5
[182][1], 100247.5, 100370.0, 100410.0
[182][2], 100230.0, 100155.0, 100317.5
[183][0], 100255.0, 100552.5, 100717.5
[183][1], 100245.0, 100387.5, 100417.5
[183][2], 100207.5, 100170.0, 100335.0
[184][0], 100247.5, 100620.0, 100762.5
[184][1], 100135.0, 100320.0, 100350.0
[184][2], 100067.5, 100062.5, 100230.0
[185][0], 100240.0, 100600.0, 100780.0
[185][1], 100112.5, 100247.5, 100295.0
[185][2], 100000.0, 99965.0, 100110.0
[186][0], 100362.5, 100757.5, 100960.0
[186][1], 100170.0, 100380.0, 100492.5
[186][2], 100015.0, 100045.0, 100312.5
[187][0], 100410.0, 100812.5, 101030.0
[187][1], 100282.5, 100522.5, 100612.5
[187][2], 100190.0, 100220.0, 100452.5
[188][0], 100530.0, 100890.0, 101045.0
[188][1], 100410.0, 100597.5, 100652.5
[188][2], 100382.5, 100342.5, 100530.0
[189][0], 100430.0, 100732.5, 100880.0
[189][1], 100325.0, 100485.0, 100535.0
[189][2], 100347.5, 100287.5, 100450.0
[190][0], 100325.0, 100632.5, 100772.5
[190][1], 100307.5, 100435.0, 100462.5
[190][2], 100330.0, 100250.0, 100422.5
[191][0], 100305.0, 100612.5, 100775.0
[191][1], 100310.0, 100462.5, 100502.5
[191][2], 100270.0, 100235.0, 100455.0
[192][0], 100282.5, 100605.0, 100782.5
[192][1], 100265.0, 100462.5, 100540.0
[192][2], 100275.0, 100247.5, 100472.5
[193][0], 100347.5, 100667.5, 100820.0
[193][1], 100315.0, 100495.0, 100552.5
[193][2], 100287.5, 100245.0, 100445.0
[194][0], 100367.5, 100700.0, 100920.0
[194][1], 100332.5, 100472.5, 100552.5
[194][2], 100300.0, 100215.0, 100400.0
[195][0], 100410.0, 100732.5, 100930.0
[195][1], 100357.5, 100435.0, 100470.0
[195][2], 100235.0, 100067.5, 100210.0
[196][0], 100267.5, 100582.5, 100807.5
[196][1], 100110.0, 100245.0, 100387.5
[196][2], 99995.0, 99922.5, 100180.0
[197][0], 100260.0, 100585.0, 100800.0
[197][1], 100057.5, 100255.0, 100347.5
[197][2], 99855.0, 99882.5, 100115.0
[198][0], 100227.5, 100612.5, 100925.0
[198][1], 100100.0, 100232.5, 100252.5
[198][2], 99890.0, 99845.0, 100015.0
[199][0], 100145.0, 100537.5, 100847.5
[199][1], 99970.0, 100115.0, 100185.0
[199][2], 99797.5, 99757.5, 99955.0
[200][0], 100195.0, 100532.5, 100767.5
[200][1], 99982.5, 100150.0, 100227.5
[200][2], 99837.5, 99795.0, 99992.5
[201][0], 100460.0, 100820.0, 101025.0
[201][1], 100265.0, 100457.5, 100512.5
[201][2], 100085.0, 100087.5, 100287.5
[202][0], 100670.0, 100992.5, 101205.0
[202][1], 100497.5, 100707.5, 100757.5
[202][2], 100325.0, 100352.5, 100557.5
[203][0], 100540.0, 100882.5, 101107.5
[203][1], 100430.0, 100647.5, 100697.5
[203][2], 100317.5, 100342.5, 100532.5
[204][0], 100325.0, 100682.5, 100887.5
[204][1], 100325.0, 100505.0, 100512.5
[204][2], 100252.5, 100225.0, 100352.5
[205][0], 100477.5, 100832.5, 100985.0
[205][1], 100450.0, 100572.5, 100550.0
[205][2], 100237.5, 100185.0, 100347.5
[206][0], 100462.5, 100807.5, 101025.0
[206][1], 100367.5, 100540.0, 100595.0
[206][2], 100165.0, 100167.5, 100387.5
[207][0], 100315.0, 100687.5, 100942.5
[207][1], 100172.5, 100377.5, 100475.0
[207][2], 99997.5, 100055.0, 100325.0
[208][0], 100105.0, 100405.0, 100632.5
[208][1], 100005.0, 100145.0, 100212.5
[208][2], 99890.0, 99842.5, 100057.5
[209][0], 100120.0, 100440.0, 100635.0
[209][1], 100082.5, 100112.5, 100127.5
[209][2], 99975.0, 99787.5, 99925.0
[210][0], 100057.5, 100357.5, 100512.5
[210][1], 100022.5, 100015.0, 99987.5
[210][2], 99965.0, 99732.5, 99790.0
[211][0], 100000.0, 100247.5, 100360.0
[211][1], 99952.5, 99905.0, 99840.0
[211][2], 99915.0, 99685.0, 99695.0
[212][0], 99932.5, 100220.0, 100382.5
[212][1], 99747.5, 99692.5, 99680.0
[212][2], 99695.0, 99352.5, 99342.5
[213][0], 99930.0, 100280.0, 100577.5
[213][1], 99557.5, 99712.5, 99980.0
[213][2], 99422.5, 99350.0, 99710.0
[214][0], 100052.5, 100425.0, 100662.5
[214][1], 99650.0, 99992.5, 100205.0
[214][2], 99590.0, 99717.5, 100040.0
[215][0], 100345.0, 100715.0, 100852.5
[215][1], 100077.5, 100372.5, 100447.5
[215][2], 100120.0, 100135.0, 100337.5
[216][0], 100370.0, 100670.0, 100842.5
[216][1], 100242.5, 100405.0, 100510.0
[216][2], 100290.0, 100210.0, 100425.0
[217][0], 100082.5, 100360.0, 100480.0
[217][1], 100050.0, 100087.5, 100115.0
[217][2], 100157.5, 100000.0, 100150.0
[218][0], 99767.5, 100055.0, 100172.5
[218][1], 99887.5, 99835.0, 99785.0
[218][2], 100050.0, 99827.5, 99847.5
[219][0], 100010.0, 100250.0, 100420.0
[219][1], 100092.5, 100062.5, 100047.5
[219][2], 100247.5, 100067.5, 100132.5
[220][0], 100322.5, 100600.0, 100807.5
[220][1], 100422.5, 100427.5, 100445.0
[220][2], 100507.5, 100305.0, 100402.5
[221][0], 100462.5, 100757.5, 100920.0
[221][1], 100520.0, 100577.5, 100585.0
[221][2], 100575.0, 100415.0, 100532.5
[222][0], 100392.5, 100667.5, 100822.5
[222][1], 100425.0, 100472.5, 100492.5
[222][2], 100457.5, 100305.0, 100440.0
[223][0], 100142.5, 100377.5, 100540.0
[223][1], 100280.0, 100262.5, 100272.5
[223][2], 100402.5, 100195.0, 100292.5
[224][0], 100307.5, 100550.0, 100677.5
[224][1], 100412.5, 100430.0, 100412.5
[224][2], 100470.0, 100320.0, 100402.5
[225][0], 100497.5, 100780.0, 100860.0
[225][1], 100510.0, 100547.5, 100497.5
[225][2], 100537.5, 100387.5, 100442.5
[226][0], 100447.5, 100737.5, 100862.5
[226][1], 100470.0, 100510.0, 100482.5
[226][2], 100490.0, 100327.5, 100430.0
[227][0], 100425.0, 100730.0, 100905.0
[227][1], 100435.0, 100490.0, 100465.0
[227][2], 100430.0, 100252.5, 100332.5
[228][0], 100445.0, 100792.5, 100980.0
[228][1], 100390.0, 100447.5, 100412.5
[228][2], 100350.0, 100175.0, 100267.5
[229][0], 100507.5, 100897.5, 101102.5
[229][1], 100255.0, 100447.5, 100525.0
[229][2], 100072.5, 100045.0, 100287.5
[230][0], 100655.0, 100977.5, 101080.0
[230][1], 100435.0, 100615.0, 100642.5
[230][2], 100217.5, 100252.5, 100457.5
[231][0], 100600.0, 100932.5, 100962.5
[231][1], 100437.5, 100627.5, 100642.5
[231][2], 100355.0, 100350.0, 100537.5
[232][0], 100420.0, 100740.0, 100882.5
[232][1], 100362.5, 100550.0, 100575.0
[232][2], 100350.0, 100312.5, 100482.5
[233][0], 100422.5, 100697.5, 100815.0
[233][1], 100402.5, 100500.0, 100527.5
[233][2], 100350.0, 100265.0, 100452.5
[234][0], 100227.5, 100547.5, 100695.0
[234][1], 100272.5, 100377.5, 100417.5
[234][2], 100247.5, 100137.5, 100305.0
[235][0], 99972.5, 100292.5, 100532.5
[235][1], 100080.0, 100162.5, 100215.0
[235][2], 100145.0, 99992.5, 100140.0
[236][0], 100022.5, 100325.0, 100542.5
[236][1], 100162.5, 100192.5, 100165.0
[236][2], 100242.5, 100055.0, 100132.5
[237][0], 100072.5, 100287.5, 100442.5
[237][1], 100270.0, 100275.0, 100222.5
[237][2], 100335.0, 100155.0, 100260.0
[238][0], 100035.0, 100297.5, 100442.5
[238][1], 100260.0, 100262.5, 100200.0
[238][2], 100322.5, 100120.0, 100195.0
[239][0], 100155.0, 100460.0, 100620.0
[239][1], 100290.0, 100342.5, 100317.5
[239][2], 100322.5, 100140.0, 100232.5
[240][0], 100345.0, 100685.0, 101002.5
[240][1], 100460.0, 100515.0, 100482.5
[240][2], 100447.5, 100250.0, 100307.5
[241][0], 100487.5, 100842.5, 101197.5
[241][1], 100580.0, 100632.5, 100580.0
[241][2], 100565.0, 100355.0, 100400.0
[242][0], 100590.0, 100957.5, 101230.0
[242][1], 100575.0, 100667.5, 100655.0
[242][2], 100572.5, 100412.5, 100512.5
[243][0], 100565.0, 100875.0, 101080.0
[243][1], 100517.5, 100622.5, 100625.0
[243][2], 100547.5, 100400.0, 100510.0
[244][0], 100497.5, 100827.5, 101072.5
[244][1], 100422.5, 100507.5, 100507.5
[244][2], 100402.5, 100235.0, 100352.5
[245][0], 100465.0, 100845.0, 101035.0
[245][1], 100282.5, 100372.5, 100367.5
[245][2], 100237.5, 100072.5, 100167.5
[246][0], 100525.0, 101040.0, 101322.5
[246][1], 100217.5, 100360.0, 100392.5
[246][2], 100080.0, 100015.0, 100152.5
[247][0], 100790.0, 101382.5, 101557.5
[247][1], 100305.0, 100432.5, 100425.0
[247][2], 100122.5, 100072.5, 100177.5
[248][0], 100825.0, 101420.0, 101667.5
[248][1], 100375.0, 100530.0, 100587.5
[248][2], 100205.0, 100157.5, 100307.5
[249][0], 100797.5, 101310.0, 101355.0
[249][1], 100310.0, 100517.5, 100620.0
[249][2], 100132.5, 100105.0, 100312.5
[250][0], 100685.0, 101152.5, 101215.0
[250][1], 100307.5, 100575.0, 100697.5
[250][2], 100217.5, 100255.0, 100525.0
[251][0], 100532.5, 100912.5, 101042.5
[251][1], 100410.0, 100622.5, 100652.5
[251][2], 100355.0, 100320.0, 100497.5
[252][0], 100360.0, 100792.5, 100945.0
[252][1], 100242.5, 100435.0, 100460.0
[252][2], 100220.0, 100170.0, 100307.5
[253][0], 100245.0, 100670.0, 100852.5
[253][1], 100150.0, 100352.5, 100395.0
[253][2], 100117.5, 100072.5, 100207.5
[254][0], 100377.5, 100747.5, 100860.0
[254][1], 100240.0, 100410.0, 100410.0
[254][2], 100187.5, 100117.5, 100225.0
[255][0], 100487.5, 100865.0, 101007.5
[255][1], 100297.5, 100430.0, 100432.5
[255][2], 100157.5, 100022.5, 100137.5
[256][0], 100672.5, 101127.5, 101250.0
[256][1], 100325.0, 100527.5, 100610.0
[256][2], 100012.5, 100012.5, 100295.0
[257][0], 100795.0, 101272.5, 101347.5
[257][1], 100407.5, 100702.5, 100762.5
[257][2], 100255.0, 100325.0, 100540.0
[258][0], 100782.5, 101245.0, 101292.5
[258][1], 100570.0, 100697.5, 100685.0
[258][2], 100485.0, 100362.5, 100502.5
[259][0], 100602.5, 101000.0, 101157.5
[259][1], 100442.5, 100550.0, 100497.5
[259][2], 100357.5, 100232.5, 100300.0
[260][0], 100655.0, 101210.0, 101472.5
[260][1], 100462.5, 100585.0, 100597.5
[260][2], 100345.0, 100235.0, 100332.5
[261][0], 100845.0, 101320.0, 101447.5
[261][1], 100597.5, 100742.5, 100777.5
[261][2], 100385.0, 100295.0, 100455.0
[262][0], 100932.5, 101345.0, 101432.5
[262][1], 100572.5, 100687.5, 100782.5
[262][2], 100317.5, 100212.5, 100485.0
[263][0], 100740.0, 101097.5, 101287.5
[263][1], 100502.5, 100705.0, 100867.5
[263][2], 100305.0, 100320.0, 100672.5
[264][0], 100637.5, 101007.5, 101330.0
[264][1], 100487.5, 100747.5, 100925.0
[264][2], 100380.0, 100442.5, 100740.0
[265][0], 100612.5, 100915.0, 101310.0
[265][1], 100547.5, 100765.0, 100925.0
[265][2], 100517.5, 100517.5, 100770.0
[266][0], 100590.0, 100867.5, 101237.5
[266][1], 100530.0, 100672.5, 100802.5
[266][2], 100502.5, 100427.5, 100645.0
[267][0], 100685.0, 100942.5, 101237.5
[267][1], 100667.5, 100770.0, 100790.0
[267][2], 100527.5, 100452.5, 100620.0
[268][0], 100720.0, 101010.0, 101302.5
[268][1], 100675.0, 100800.0, 100790.0
[268][2], 100562.5, 100482.5, 100617.5
[269][0], 100665.0, 101017.5, 101370.0
[269][1], 100647.5, 100747.5, 100717.5
[269][2], 100527.5, 100442.5, 100547.5
[270][0], 100755.0, 101190.0, 101442.5
[270][1], 100635.0, 100707.5, 100635.0
[270][2], 100495.0, 100357.5, 100407.5
[271][0], 100887.5, 101477.5, 101652.5
[271][1], 100545.0, 100605.0, 100607.5
[271][2], 100442.5, 100300.0, 100380.0
[272][0], 100837.5, 101262.5, 101372.5
[272][1], 100532.5, 100612.5, 100642.5
[272][2], 100307.5, 100150.0, 100357.5
[273][0], 100677.5, 101115.0, 101382.5
[273][1], 100400.0, 100555.0, 100622.5
[273][2], 100150.0, 100125.0, 100367.5
[274][0], 100835.0, 101355.0, 101457.5
[274][1], 100397.5, 100620.0, 100727.5
[274][2], 100180.0, 100252.5, 100512.5
[275][0], 100807.5, 101292.5, 101440.0
[275][1], 100427.5, 100710.0, 100850.0
[275][2], 100130.0, 100282.5, 100620.0
[276][0], 100772.5, 101200.0, 101342.5
[276][1], 100482.5, 100655.0, 100857.5
[276][2], 100285.0, 100242.5, 100612.5
[277][0], 100640.0, 100817.5, 101042.5
[277][1], 100522.5, 100482.5, 100595.0
[277][2], 100435.0, 100222.5, 100452.5
[278][0], 100805.0, 101107.5, 101097.5
[278][1], 100655.0, 100590.0, 100542.5
[278][2], 100560.0, 100375.0, 100505.0
[279][0], 100777.5, 101092.5, 101140.0
[279][1], 100745.0, 100800.0, 100775.0
[279][2], 100675.0, 100557.5, 100690.0
[280][0], 100715.0, 101025.0, 101297.5
[280][1], 100890.0, 100980.0, 100950.0
[280][2], 100810.0, 100710.0, 100847.5
[281][0], 100750.0, 101082.5, 101357.5
[281][1], 100917.5, 101052.5, 101060.0
[281][2], 100920.0, 100790.0, 100930.0
[282][0], 100800.0, 101152.5, 101407.5
[282][1], 100992.5, 101117.5, 101095.0
[282][2], 100952.5, 100822.5, 100935.0
[283][0], 100772.5, 101132.5, 101502.5
[283][1], 101000.0, 101165.0, 101145.0
[283][2], 100937.5, 100832.5, 100947.5
[284][0], 101065.0, 101440.0, 101710.0
[284][1], 101272.5, 101387.5, 101312.5
[284][2], 101125.0, 101020.0, 101142.5
[285][0], 101202.5, 101585.0, 101940.0
[285][1], 101372.5, 101465.0, 101425.0
[285][2], 101225.0, 101137.5, 101250.0
[286][0], 101067.5, 101457.5, 101740.0
[286][1], 101207.5, 101335.0, 101305.0
[286][2], 101117.5, 101027.5, 101157.5
[287][0], 100885.0, 101252.5, 101612.5
[287][1], 101092.5, 101215.0, 101185.0
[287][2], 100995.0, 100892.5, 101005.0
[288][0], 101220.0, 101530.0, 101800.0
[288][1], 101280.0, 101385.0, 101302.5
[288][2], 101077.5, 101005.0, 101097.5
[289][0], 101307.5, 101617.5, 101837.5
[289][1], 101425.0, 101462.5, 101380.0
[289][2], 101187.5, 101075.0, 101155.0
[290][0], 101235.0, 101552.5, 101810.0
[290][1], 101510.0, 101550.0, 101400.0
[290][2], 101237.5, 101140.0, 101217.5
[291][0], 101325.0, 101670.0, 101942.5
[291][1], 101562.5, 101615.0, 101495.0
[291][2], 101327.5, 101222.5, 101282.5
[292][0], 101435.0, 101775.0, 102092.5
[292][1], 101625.0, 101677.5, 101557.5
[292][2], 101372.5, 101262.5, 101320.0
[293][0], 101607.5, 101995.0, 102305.0
[293][1], 101667.5, 101707.5, 101587.5
[293][2], 101397.5, 101282.5, 101337.5
[294][0], 101545.0, 101935.0, 102182.5
[294][1], 101595.0, 101677.5, 101555.0
[294][2], 101345.0, 101245.0, 101292.5
[295][0], 101422.5, 101812.5, 102047.5
[295][1], 101407.5, 101517.5, 101455.0
[295][2], 101145.0, 101055.0, 101167.5
[296][0], 101310.0, 101705.0, 102012.5
[296][1], 101365.0, 101432.5, 101320.0
[296][2], 101152.5, 100977.5, 100990.0
[297][0], 101312.5, 101730.0, 102137.5
[297][1], 101425.0, 101480.0, 101380.0
[297][2], 101265.0, 101125.0, 101150.0
[298][0], 101230.0, 101575.0, 101777.5
[298][1], 101480.0, 101572.5, 101445.0
[298][2], 101302.5, 101175.0, 101245.0
[299][0], 101227.5, 101497.5, 101777.5
[299][1], 101452.5, 101552.5, 101420.0
[299][2], 101250.0, 101152.5, 101222.5
[300][0], 101397.5, 101765.0, 101907.5
[300][1], 101490.0, 101587.5, 101450.0
[300][2], 101282.5, 101215.0, 101267.5
[301][0], 101387.5, 101702.5, 101950.0
[301][1], 101510.0, 101555.0, 101442.5
[301][2], 101277.5, 101192.5, 101270.0
[302][0], 101502.5, 101862.5, 102107.5
[302][1], 101597.5, 101665.0, 101555.0
[302][2], 101322.5, 101240.0, 101322.5
[303][0], 101720.0, 102182.5, 102397.5
[303][1], 101697.5, 101737.5, 101645.0
[303][2], 101432.5, 101327.5, 101387.5
[304][0], 101642.5, 102035.0, 102182.5
[304][1], 101640.0, 101742.5, 101620.0
[304][2], 101457.5, 101362.5, 101410.0
[305][0], 101415.0, 101775.0, 101945.0
[305][1], 101502.5, 101590.0, 101475.0
[305][2], 101260.0, 101192.5, 101295.0
[306][0], 101132.5, 101485.0, 101722.5
[306][1], 101337.5, 101450.0, 101335.0
[306][2], 101067.5, 101015.0, 101135.0
[307][0], 101145.0, 101437.5, 101652.5
[307][1], 101390.0, 101492.5, 101385.0
[307][2], 101090.0, 101045.0, 101175.0
[308][0], 101490.0, 101872.5, 102117.5
[308][1], 101627.5, 101680.0, 101555.0
[308][2], 101322.5, 101245.0, 101342.5
[309][0], 101542.5, 101885.0, 102110.0
[309][1], 101682.5, 101730.0, 101595.0
[309][2], 101407.5, 101332.5, 101405.0
[310][0], 101305.0, 101507.5, 101735.0
[310][1], 101552.5, 101602.5, 101465.0
[310][2], 101315.0, 101252.5, 101310.0
[311][0], 101165.0, 101415.0, 101682.5
[311][1], 101520.0, 101572.5, 101455.0
[311][2], 101285.0, 101195.0, 101282.5
[312][0], 101247.5, 101492.5, 101712.5
[312][1], 101570.0, 101605.0, 101505.0
[312][2], 101335.0, 101252.5, 101342.5
[313][0], 101445.0, 101742.5, 101985.0
[313][1], 101700.0, 101735.0, 101595.0
[313][2], 101420.0, 101357.5, 101425.0
[314][0], 101545.0, 101795.0, 102027.5
[314][1], 101780.0, 101812.5, 101652.5
[314][2], 101475.0, 101387.5, 101447.5
[315][0], 101672.5, 102075.0, 102197.5
[315][1], 101820.0, 101835.0, 101687.5
[315][2], 101497.5, 101435.0, 101492.5
[316][0], 101685.0, 102000.0, 102322.5
[316][1], 101810.0, 101827.5, 101680.0
[316][2], 101510.0, 101425.0, 101467.5
[317][0], 101597.5, 101840.0, 102047.5
[317][1], 101767.5, 101792.5, 101642.5
[317][2], 101490.0, 101402.5, 101455.0
[318][0], 101492.5, 101772.5, 102037.5
[318][1], 101765.0, 101787.5, 101672.5
[318][2], 101475.0, 101377.5, 101450.0
[319][0], 101780.0, 102147.5, 102322.5
[319][1], 101817.5, 101900.0, 101822.5
[319][2], 101487.5, 101382.5, 101485.0
[320][0], 101617.5, 101910.0, 102077.5
[320][1], 101710.0, 101710.0, 101525.0
[320][2], 101420.0, 101205.0, 101137.5
[321][0], 101492.5, 101775.0, 102025.0
[321][1], 101647.5, 101687.5, 101565.0
[321][2], 101397.5, 101355.0, 101395.0
[322][0], 101662.5, 101910.0, 101932.5
[322][1], 101770.0, 101790.0, 101637.5
[322][2], 101510.0, 101435.0, 101470.0
[323][0], 101570.0, 101760.0, 101807.5
[323][1], 101742.5, 101762.5, 101620.0
[323][2], 101510.0, 101407.5, 101452.5
[324][0], 101307.5, 101485.0, 101597.5
[324][1], 101580.0, 101615.0, 101480.0
[324][2], 101367.5, 101262.5, 101312.5
[325][0], 101330.0, 101620.0, 101705.0
[325][1], 101550.0, 101602.5, 101467.5
[325][2], 101320.0, 101250.0, 101292.5
[326][0], 101297.5, 101547.5, 101632.5
[326][1], 101500.0, 101527.5, 101390.0
[326][2], 101232.5, 101172.5, 101257.5
[327][0], 101427.5, 101622.5, 101752.5
[327][1], 101647.5, 101685.0, 101545.0
[327][2], 101372.5, 101305.0, 101342.5
[328][0], 101722.5, 101970.0, 102155.0
[328][1], 101860.0, 101867.5, 101710.0
[328][2], 101527.5, 101455.0, 101502.5
[329][0], 101767.5, 102182.5, 102492.5
[329][1], 101822.5, 101832.5, 101755.0
[329][2], 101547.5, 101447.5, 101505.0
[330][0], 101620.0, 102012.5, 102225.0
[330][1], 101685.0, 101717.5, 101647.5
[330][2], 101457.5, 101355.0, 101447.5
[331][0], 101320.0, 101532.5, 101685.0
[331][1], 101527.5, 101562.5, 101487.5
[331][2], 101285.0, 101210.0, 101310.0
[332][0], 101382.5, 101597.5, 101755.0
[332][1], 101655.0, 101697.5, 101595.0
[332][2], 101405.0, 101295.0, 101385.0
[333][0], 101502.5, 101682.5, 101815.0
[333][1], 101795.0, 101812.5, 101655.0
[333][2], 101437.5, 101357.5, 101437.5
[334][0], 101455.0, 101622.5, 101720.0
[334][1], 101682.5, 101710.0, 101555.0
[334][2], 101377.5, 101305.0, 101367.5
[335][0], 101445.0, 101590.0, 101720.0
[335][1], 101725.0, 101765.0, 101620.0
[335][2], 101407.5, 101340.0, 101405.0
[336][0], 101392.5, 101637.5, 101837.5
[336][1], 101670.0, 101755.0, 101622.5
[336][2], 101382.5, 101342.5, 101420.0
[337][0], 101345.0, 101552.5, 101682.5
[337][1], 101605.0, 101647.5, 101497.5
[337][2], 101325.0, 101250.0, 101302.5
[338][0], 101192.5, 101315.0, 101490.0
[338][1], 101555.0, 101625.0, 101510.0
[338][2], 101347.5, 101260.0, 101317.5
[339][0], 101477.5, 101607.5, 101747.5
[339][1], 101745.0, 101802.5, 101635.0
[339][2], 101505.0, 101385.0, 101397.5
[340][0], 101287.5, 101325.0, 101472.5
[340][1], 101615.0, 101627.5, 101470.0
[340][2], 101312.5, 101222.5, 101227.5
[341][0], 101195.0, 101280.0, 101355.0
[341][1], 101532.5, 101497.5, 101325.0
[341][2], 101337.5, 101222.5, 101240.0
[342][0], 101165.0, 101227.5, 101330.0
[342][1], 101625.0, 101630.0, 101495.0
[342][2], 101402.5, 101322.5, 101362.5
[343][0], 101070.0, 101187.5, 101382.5
[343][1], 101517.5, 101562.5, 101462.5
[343][2], 101312.5, 101250.0, 101317.5
[344][0], 101352.5, 101627.5, 101910.0
[344][1], 101687.5, 101700.0, 101537.5
[344][2], 101420.0, 101345.0, 101357.5
[345][0], 101165.0, 101325.0, 101492.5
[345][1], 101557.5, 101602.5, 101457.5
[345][2], 101245.0, 101210.0, 101260.0
[346][0], 101320.0, 101435.0, 101615.0
[346][1], 101712.5, 101772.5, 101607.5
[346][2], 101350.0, 101337.5, 101455.0
[347][0], 101442.5, 101752.5, 102187.5
[347][1], 101877.5, 101962.5, 101820.0
[347][2], 101547.5, 101537.5, 101635.0
[348][0], 101522.5, 101697.5, 101957.5
[348][1], 101882.5, 101892.5, 101745.0
[348][2], 101610.0, 101565.0, 101612.5
[349][0], 101397.5, 101522.5, 101777.5
[349][1], 101760.0, 101755.0, 101630.0
[349][2], 101505.0, 101462.5, 101507.5
[350][0], 101510.0, 101542.5, 101697.5
[350][1], 101775.0, 101820.0, 101700.0
[350][2], 101495.0, 101465.0, 101530.0
[351][0], 101475.0, 101600.0, 101760.0
[351][1], 101860.0, 101942.5, 101812.5
[351][2], 101612.5, 101557.5, 101607.5
[352][0], 101645.0, 101805.0, 102010.0
[352][1], 101942.5, 101990.0, 101840.0
[352][2], 101677.5, 101627.5, 101667.5
[353][0], 101665.0, 101845.0, 101997.5
[353][1], 101867.5, 101870.0, 101702.5
[353][2], 101632.5, 101530.0, 101532.5
[354][0], 101587.5, 101895.0, 102075.0
[354][1], 101760.0, 101805.0, 101665.0
[354][2], 101517.5, 101440.0, 101472.5
[355][0], 101630.0, 101860.0, 102037.5
[355][1], 101820.0, 101857.5, 101732.5
[355][2], 101490.0, 101437.5, 101505.0
[356][0], 101795.0, 102090.0, 102245.0
[356][1], 102000.0, 102050.0, 101910.0
[356][2], 101650.0, 101607.5, 101677.5
[357][0], 101882.5, 102105.0, 102205.0
[357][1], 102152.5, 102165.0, 102010.0
[357][2], 101782.5, 101720.0, 101795.0
[358][0], 101765.0, 101905.0, 101985.0
[358][1], 102012.5, 102005.0, 101877.5
[358][2], 101560.0, 101530.0, 101630.0
[359][0], 101857.5, 102060.0, 102122.5
[359][1], 102067.5, 102080.0, 101937.5
[359][2], 101672.5, 101612.5, 101692.5
[360][0], 101790.0, 101937.5, 101992.5
[360][1], 102020.0, 102067.5, 101920.0
[360][2], 101667.5, 101672.5, 101737.5
[361][0], 101742.5, 101995.0, 102037.5
[361][1], 102020.0, 102045.0, 101852.5
[361][2], 101627.5, 101605.0, 101662.5
[362][0], 101847.5, 102052.5, 102080.0
[362][1], 102027.5, 102027.5, 101810.0
[362][2], 101622.5, 101592.5, 101635.0
[363][0], 101680.0, 101877.5, 101905.0
[363][1], 101997.5, 101967.5, 101740.0
[363][2], 101575.0, 101515.0, 101537.5
[364][0], 101595.0, 101700.0, 101747.5
[364][1], 101972.5, 101965.0, 101762.5
[364][2], 101567.5, 101530.0, 101562.5

slp.time[365]
1954776.0, 1954800.0, 1954824.0, 1954848.0, 1954872.0, 1954896.0, 1954920.0, 1954944.0, 1954968.0, 1954992.0, 1955016.0, 1955040.0, 1955064.0, 1955088.0, 1955112.0, 1955136.0, 1955160.0, 1955184.0, 1955208.0, 1955232.0, 1955256.0, 1955280.0, 1955304.0, 1955328.0, 1955352.0, 1955376.0, 1955400.0, 1955424.0, 1955448.0, 1955472.0, 1955496.0, 1955520.0, 1955544.0, 1955568.0, 1955592.0, 1955616.0, 1955640.0, 1955664.0, 1955688.0, 1955712.0, 1955736.0, 1955760.0, 1955784.0, 1955808.0, 1955832.0, 1955856.0, 1955880.0, 1955904.0, 1955928.0, 1955952.0, 1955976.0, 1956000.0, 1956024.0, 1956048.0, 1956072.0, 1956096.0, 1956120.0, 1956144.0, 1956168.0, 1956192.0, 1956216.0, 1956240.0, 1956264.0, 1956288.0, 1956312.0, 1956336.0, 1956360.0, 1956384.0, 1956408.0, 1956432.0, 1956456.0, 1956480.0, 1956504.0, 1956528.0, 1956552.0, 1956576.0, 1956600.0, 1956624.0, 1956648.0, 1956672.0, 1956696.0, 1956720.0, 1956744.0, 1956768.0, 1956792.0, 1956816.0, 1956840.0, 1956864.0, 1956888.0, 1956912.0, 1956936.0, 1956960.0, 1956984.0, 1957008.0, 1957032.0, 1957056.0, 1957080.0, 1957104.0, 1957128.0, 1957152.0, 1957176.0, 1957200.0, 1957224.0, 1957248.0, 1957272.0, 1957296.0, 1957320.0, 1957344.0, 1957368.0, 1957392.0, 1957416.0, 1957440.0, 1957464.0, 1957488.0, 1957512.0, 1957536.0, 1957560.0, 1957584.0, 1957608.0, 1957632.0, 1957656.0, 1957680.0, 1957704.0, 1957728.0, 1957752.0, 1957776.0, 1957800.0, 1957824.0, 1957848.0, 1957872.0, 1957896.0, 1957920.0, 1957944.0, 1957968.0, 1957992.0, 1958016.0, 1958040.0, 1958064.0, 1958088.0, 1958112.0, 1958136.0, 1958160.0, 1958184.0, 1958208.0, 1958232.0, 1958256.0, 1958280.0, 1958304.0, 1958328.0, 1958352.0, 1958376.0, 1958400.0, 1958424.0, 1958448.0, 1958472.0, 1958496.0, 1958520.0, 1958544.0, 1958568.0, 1958592.0, 1958616.0, 1958640.0, 1958664.0, 1958688.0, 1958712.0, 1958736.0, 1958760.0, 1958784.0, 1958808.0, 1958832.0, 1958856.0, 1958880.0, 1958904.0, 1958928.0, 1958952.0, 1958976.0, 1959000.0, 1959024.0, 1959048.0, 1959072.0, 1959096.0, 1959120.0, 1959144.0, 1959168.0, 1959192.0, 1959216.0, 1959240.0, 1959264.0, 1959288.0, 1959312.0, 1959336.0, 1959360.0, 1959384.0, 1959408.0, 1959432.0, 1959456.0, 1959480.0, 1959504.0, 1959528.0, 1959552.0, 1959576.0, 1959600.0, 1959624.0, 1959648.0, 1959672.0, 1959696.0, 1959720.0, 1959744.0, 1959768.0, 1959792.0, 1959816.0, 1959840.0, 1959864.0, 1959888.0, 1959912.0, 1959936.0, 1959960.0, 1959984.0, 1960008.0, 1960032.0, 1960056.0, 1960080.0, 1960104.0, 1960128.0, 1960152.0, 1960176.0, 1960200.0, 1960224.0, 1960248.0, 1960272.0, 1960296.0, 1960320.0, 1960344.0, 1960368.0, 1960392.0, 1960416.0, 1960440.0, 1960464.0, 1960488.0, 1960512.0, 1960536.0, 1960560.0, 1960584.0, 1960608.0, 1960632.0, 1960656.0, 1960680.0, 1960704.0, 1960728.0, 1960752.0, 1960776.0, 1960800.0, 1960824.0, 1960848.0, 1960872.0, 1960896.0, 1960920.0, 1960944.0, 1960968.0, 1960992.0, 1961016.0, 1961040.0, 1961064.0, 1961088.0, 1961112.0, 1961136.0, 1961160.0, 1961184.0, 1961208.0, 1961232.0, 1961256.0, 1961280.0, 1961304.0, 1961328.0, 1961352.0, 1961376.0, 1961400.0, 1961424.0, 1961448.0, 1961472.0, 1961496.0, 1961520.0, 1961544.0, 1961568.0, 1961592.0, 1961616.0, 1961640.0, 1961664.0, 1961688.0, 1961712.0, 1961736.0, 1961760.0, 1961784.0, 1961808.0, 1961832.0, 1961856.0, 1961880.0, 1961904.0, 1961928.0, 1961952.0, 1961976.0, 1962000.0, 1962024.0, 1962048.0, 1962072.0, 1962096.0, 1962120.0, 1962144.0, 1962168.0, 1962192.0, 1962216.0, 1962240.0, 1962264.0, 1962288.0, 1962312.0, 1962336.0, 1962360.0, 1962384.0, 1962408.0, 1962432.0, 1962456.0, 1962480.0, 1962504.0, 1962528.0, 1962552.0, 1962576.0, 1962600.0, 1962624.0, 1962648.0, 1962672.0, 1962696.0, 1962720.0, 1962744.0, 1962768.0, 1962792.0, 1962816.0, 1962840.0, 1962864.0, 1962888.0, 1962912.0, 1962936.0, 1962960.0, 1962984.0, 1963008.0, 1963032.0, 1963056.0, 1963080.0, 1963104.0, 1963128.0, 1963152.0, 1963176.0, 1963200.0, 1963224.0, 1963248.0, 1963272.0, 1963296.0, 1963320.0, 1963344.0, 1963368.0, 1963392.0, 1963416.0, 1963440.0, 1963464.0, 1963488.0, 1963512.0

slp.lat[3]
27.5, 25.0, 22.5

slp.lon[3]
85.0, 87.5, 90.0


