Dataset {
    Grid {
     ARRAY:
        Float32 slp[time = 365][lat = 3][lon = 3];
     MAPS:
        Float64 time[time = 365];
        Float32 lat[lat = 3];
        Float32 lon[lon = 3];
    } slp;
} Datasets/ncep.reanalysis.dailyavgs/surface/slp.2022.nc;
---------------------------------------------
slp.slp[365][3][3]
[0][0], 101745.0, 101832.5, 102072.5
[0][1], 102237.5, 102187.5, 102007.5
[0][2], 101805.0, 101740.0, 101802.5
[1][0], 101520.0, 101665.0, 101977.5
[1][1], 102085.0, 102090.0, 101945.0
[1][2], 101675.0, 101645.0, 101715.0
[2][0], 101370.0, 101542.5, 101887.5
[2][1], 101925.0, 101967.5, 101872.5
[2][2], 101537.5, 101530.0, 101642.5
[3][0], 101482.5, 101700.0, 102180.0
[3][1], 101930.0, 101970.0, 101907.5
[3][2], 101517.5, 101565.0, 101707.5
[4][0], 101505.0, 101715.0, 102040.0
[4][1], 101837.5, 101857.5, 101792.5
[4][2], 101437.5, 101510.0, 101647.5
[5][0], 101402.5, 101492.5, 101707.5
[5][1], 101812.5, 101835.0, 101760.0
[5][2], 101372.5, 101435.0, 101595.0
[6][0], 101502.5, 101592.5, 101840.0
[6][1], 101932.5, 101945.0, 101857.5
[6][2], 101480.0, 101522.5, 101662.5
[7][0], 101422.5, 101552.5, 101845.0
[7][1], 101825.0, 101872.5, 101802.5
[7][2], 101412.5, 101465.0, 101625.0
[8][0], 101252.5, 101282.5, 101510.0
[8][1], 101665.0, 101675.0, 101587.5
[8][2], 101267.5, 101277.5, 101420.0
[9][0], 101242.5, 101400.0, 101637.5
[9][1], 101727.5, 101807.5, 101737.5
[9][2], 101312.5, 101372.5, 101537.5
[10][0], 101147.5, 101232.5, 101455.0
[10][1], 101745.0, 101832.5, 101717.5
[10][2], 101377.5, 101417.5, 101522.5
[11][0], 101060.0, 101075.0, 101292.5
[11][1], 101762.5, 101792.5, 101735.0
[11][2], 101377.5, 101402.5, 101592.5
[12][0], 101200.0, 101252.5, 101415.0
[12][1], 101840.0, 101900.0, 101812.5
[12][2], 101407.5, 101445.0, 101630.0
[13][0], 101265.0, 101327.5, 101550.0
[13][1], 101855.0, 101932.5, 101837.5
[13][2], 101395.0, 101480.0, 101635.0
[14][0], 101432.5, 101512.5, 101587.5
[14][1], 101957.5, 101960.0, 101825.0
[14][2], 101490.0, 101477.5, 101587.5
[15][0], 101710.0, 101910.0, 102222.5
[15][1], 102112.5, 102135.0, 101997.5
[15][2], 101720.0, 101687.5, 101760.0
[16][0], 101705.0, 101830.0, 102217.5
[16][1], 102150.0, 102142.5, 102010.0
[16][2], 101720.0, 101687.5, 101775.0
[17][0], 101317.5, 101465.0, 101790.0
[17][1], 101872.5, 101870.0, 101755.0
[17][2], 101457.5, 101425.0, 101540.0
[18][0], 101007.5, 101085.0, 101340.0
[18][1], 101647.5, 101620.0, 101490.0
[18][2], 101245.0, 101190.0, 101302.5
[19][0], 100737.5, 100765.0, 101037.5
[19][1], 101390.0, 101397.5, 101307.5
[19][2], 100950.0, 100995.0, 101157.5
[20][0], 100742.5, 100845.0, 101090.0
[20][1], 101355.0, 101445.0, 101385.0
[20][2], 100875.0, 100982.5, 101167.5
[21][0], 100680.0, 100805.0, 100972.5
[21][1], 101197.5, 101335.0, 101305.0
[21][2], 100685.0, 100840.0, 101055.0
[22][0], 100842.5, 100965.0, 101160.0
[22][1], 101257.5, 101450.0, 101415.0
[22][2], 100750.0, 100932.5, 101162.5
[23][0], 100762.5, 100907.5, 101245.0
[23][1], 101345.0, 101442.5, 101412.5
[23][2], 100857.5, 100922.5, 101135.0
[24][0], 100912.5, 100985.0, 101222.5
[24][1], 101512.5, 101562.5, 101465.0
[24][2], 100990.0, 101007.5, 101207.5
[25][0], 100985.0, 101032.5, 101237.5
[25][1], 101672.5, 101675.0, 101535.0
[25][2], 101127.5, 101100.0, 101260.0
[26][0], 100905.0, 101062.5, 101377.5
[26][1], 101752.5, 101772.5, 101655.0
[26][2], 101367.5, 101280.0, 101390.0
[27][0], 101070.0, 101172.5, 101582.5
[27][1], 101810.0, 101872.5, 101800.0
[27][2], 101552.5, 101470.0, 101580.0
[28][0], 101047.5, 101150.0, 101502.5
[28][1], 101695.0, 101727.5, 101625.0
[28][2], 101460.0, 101392.5, 101447.5
[29][0], 100820.0, 101030.0, 101290.0
[29][1], 101362.5, 101480.0, 101462.5
[29][2], 101100.0, 101132.5, 101297.5
[30][0], 100722.5, 100822.5, 101097.5
[30][1], 101345.0, 101397.5, 101367.5
[30][2], 100970.0, 101005.0, 101225.0
[31][0], 100457.5, 100590.0, 100835.0
[31][1], 101252.5, 101250.0, 101185.0
[31][2], 100830.0, 100815.0, 101070.0
[32][0], 100957.5, 101107.5, 101422.5
[32][1], 101495.0, 101562.5, 101530.0
[32][2], 101025.0, 101067.5, 101302.5
[33][0], 100942.5, 101160.0, 101430.0
[33][1], 101245.0, 101520.0, 101540.0
[33][2], 100727.5, 100962.5, 101287.5
[34][0], 100490.0, 100635.0, 101247.5
[34][1], 101135.0, 101310.0, 101450.0
[34][2], 100575.0, 100747.5, 101115.0
[35][0], 100765.0, 100867.5, 101210.0
[35][1], 101537.5, 101525.0, 101437.5
[35][2], 101155.0, 101105.0, 101250.0
[36][0], 101225.0, 101570.0, 102037.5
[36][1], 101785.0, 101822.5, 101745.0
[36][2], 101390.0, 101427.5, 101612.5
[37][0], 101047.5, 101140.0, 101530.0
[37][1], 101712.5, 101747.5, 101695.0
[37][2], 101277.5, 101357.5, 101545.0
[38][0], 100977.5, 101145.0, 101532.5
[38][1], 101600.0, 101705.0, 101700.0
[38][2], 101140.0, 101260.0, 101485.0
[39][0], 101185.0, 101275.0, 101420.0
[39][1], 101615.0, 101747.5, 101712.5
[39][2], 101097.5, 101277.5, 101525.0
[40][0], 100985.0, 101150.0, 101420.0
[40][1], 101632.5, 101662.5, 101597.5
[40][2], 101155.0, 101192.5, 101420.0
[41][0], 100885.0, 101142.5, 101367.5
[41][1], 101665.0, 101710.0, 101600.0
[41][2], 101300.0, 101270.0, 101420.0
[42][0], 101152.5, 101552.5, 101895.0
[42][1], 101592.5, 101705.0, 101652.5
[42][2], 101282.5, 101277.5, 101425.0
[43][0], 101090.0, 101232.5, 101572.5
[43][1], 101537.5, 101617.5, 101525.0
[43][2], 101117.5, 101165.0, 101265.0
[44][0], 101105.0, 101305.0, 101662.5
[44][1], 101480.0, 101552.5, 101502.5
[44][2], 101087.5, 101120.0, 101242.5
[45][0], 100912.5, 100982.5, 101222.5
[45][1], 101397.5, 101435.0, 101337.5
[45][2], 101005.0, 101040.0, 101172.5
[46][0], 100597.5, 100730.0, 100955.0
[46][1], 101172.5, 101230.0, 101167.5
[46][2], 100772.5, 100835.0, 101000.0
[47][0], 100632.5, 100752.5, 100980.0
[47][1], 101240.0, 101282.5, 101230.0
[47][2], 100847.5, 100865.0, 101045.0
[48][0], 100805.0, 100947.5, 101117.5
[48][1], 101410.0, 101465.0, 101377.5
[48][2], 101020.0, 101037.5, 101217.5
[49][0], 100542.5, 100722.5, 100905.0
[49][1], 101302.5, 101370.0, 101310.0
[49][2], 100960.0, 100980.0, 101180.0
[50][0], 100242.5, 100420.0, 100622.5
[50][1], 101080.0, 101157.5, 101095.0
[50][2], 100587.5, 100632.5, 100895.0
[51][0], 100450.0, 100692.5, 100987.5
[51][1], 101115.0, 101237.5, 101225.0
[51][2], 100747.5, 100757.5, 101022.5
[52][0], 101287.5, 101565.0, 101920.0
[52][1], 101625.0, 101770.0, 101777.5
[52][2], 101147.5, 101217.5, 101455.0
[53][0], 101500.0, 101652.5, 101867.5
[53][1], 101720.0, 101870.0, 101817.5
[53][2], 101360.0, 101445.0, 101660.0
[54][0], 101367.5, 101647.5, 101975.0
[54][1], 101597.5, 101825.0, 101830.0
[54][2], 101197.5, 101365.0, 101625.0
[55][0], 101367.5, 101532.5, 101820.0
[55][1], 101782.5, 101885.0, 101855.0
[55][2], 101272.5, 101377.5, 101612.5
[56][0], 101565.0, 101825.0, 102112.5
[56][1], 101877.5, 102005.0, 101940.0
[56][2], 101400.0, 101492.5, 101697.5
[57][0], 101290.0, 101532.5, 101892.5
[57][1], 101697.5, 101830.0, 101735.0
[57][2], 101257.5, 101340.0, 101550.0
[58][0], 101307.5, 101682.5, 101997.5
[58][1], 101665.0, 101767.5, 101675.0
[58][2], 101240.0, 101267.5, 101457.5
[59][0], 101470.0, 101727.5, 102062.5
[59][1], 101797.5, 101882.5, 101767.5
[59][2], 101335.0, 101352.5, 101512.5
[60][0], 101355.0, 101677.5, 102057.5
[60][1], 101725.0, 101807.5, 101712.5
[60][2], 101232.5, 101297.5, 101480.0
[61][0], 101407.5, 101587.5, 101887.5
[61][1], 101700.0, 101752.5, 101635.0
[61][2], 101235.0, 101277.5, 101462.5
[62][0], 101147.5, 101332.5, 101657.5
[62][1], 101485.0, 101540.0, 101482.5
[62][2], 101180.0, 101167.5, 101340.0
[63][0], 101087.5, 101587.5, 101905.0
[63][1], 101367.5, 101427.5, 101380.0
[63][2], 101015.0, 101000.0, 101185.0
[64][0], 101442.5, 101877.5, 102237.5
[64][1], 101495.0, 101577.5, 101505.0
[64][2], 101112.5, 101145.0, 101265.0
[65][0], 101417.5, 101757.5, 102025.0
[65][1], 101470.0, 101507.5, 101410.0
[65][2], 101120.0, 101100.0, 101212.5
[66][0], 101180.0, 101477.5, 101725.0
[66][1], 101322.5, 101362.5, 101260.0
[66][2], 100975.0, 100950.0, 101077.5
[67][0], 101090.0, 101472.5, 101770.0
[67][1], 101292.5, 101370.0, 101270.0
[67][2], 100952.5, 100945.0, 101085.0
[68][0], 101060.0, 101402.5, 101690.0
[68][1], 101255.0, 101320.0, 101237.5
[68][2], 100902.5, 100912.5, 101062.5
[69][0], 100965.0, 101260.0, 101497.5
[69][1], 101230.0, 101267.5, 101165.0
[69][2], 100905.0, 100882.5, 100997.5
[70][0], 100925.0, 101292.5, 101522.5
[70][1], 101162.5, 101250.0, 101155.0
[70][2], 100847.5, 100847.5, 100957.5
[71][0], 101052.5, 101382.5, 101580.0
[71][1], 101180.0, 101247.5, 101157.5
[71][2], 100905.0, 100877.5, 100985.0
[72][0], 101062.5, 101387.5, 101582.5
[72][1], 101090.0, 101175.0, 101077.5
[72][2], 100840.0, 100805.0, 100910.0
[73][0], 100757.5, 101050.0, 101312.5
[73][1], 100777.5, 100887.5, 100812.5
[73][2], 100562.5, 100532.5, 100665.0
[74][0], 100592.5, 100957.5, 101225.0
[74][1], 100592.5, 100755.0, 100782.5
[74][2], 100372.5, 100422.5, 100635.0
[75][0], 100867.5, 101245.0, 101495.0
[75][1], 100672.5, 100892.5, 100912.5
[75][2], 100457.5, 100585.0, 100785.0
[76][0], 100905.0, 101242.5, 101477.5
[76][1], 100640.0, 100832.5, 100890.0
[76][2], 100477.5, 100587.5, 100785.0
[77][0], 100590.0, 100892.5, 101160.0
[77][1], 100500.0, 100660.0, 100702.5
[77][2], 100377.5, 100427.5, 100650.0
[78][0], 100462.5, 100792.5, 101007.5
[78][1], 100480.0, 100632.5, 100670.0
[78][2], 100280.0, 100335.0, 100572.5
[79][0], 100477.5, 100850.0, 101002.5
[79][1], 100567.5, 100720.0, 100742.5
[79][2], 100357.5, 100420.0, 100682.5
[80][0], 100597.5, 100982.5, 101267.5
[80][1], 100682.5, 100840.0, 100842.5
[80][2], 100447.5, 100490.0, 100675.0
[81][0], 100607.5, 100905.0, 101132.5
[81][1], 100647.5, 100757.5, 100725.0
[81][2], 100467.5, 100465.0, 100617.5
[82][0], 100342.5, 100635.0, 100852.5
[82][1], 100540.0, 100690.0, 100710.0
[82][2], 100390.0, 100435.0, 100715.0
[83][0], 100365.0, 100660.0, 100910.0
[83][1], 100560.0, 100685.0, 100755.0
[83][2], 100412.5, 100447.5, 100795.0
[84][0], 100450.0, 100850.0, 101137.5
[84][1], 100785.0, 100940.0, 100992.5
[84][2], 100597.5, 100610.0, 100945.0
[85][0], 100895.0, 101277.5, 101430.0
[85][1], 100925.0, 101130.0, 101127.5
[85][2], 100685.0, 100745.0, 101022.5
[86][0], 100665.0, 101065.0, 101125.0
[86][1], 100735.0, 100910.0, 100975.0
[86][2], 100602.5, 100605.0, 100855.0
[87][0], 100725.0, 101232.5, 101302.5
[87][1], 100640.0, 100795.0, 100832.5
[87][2], 100422.5, 100452.5, 100712.5
[88][0], 100847.5, 101262.5, 101370.0
[88][1], 100712.5, 100892.5, 100962.5
[88][2], 100440.0, 100540.0, 100835.0
[89][0], 100727.5, 101222.5, 101350.0
[89][1], 100700.0, 100932.5, 101047.5
[89][2], 100437.5, 100537.5, 100910.0
[90][0], 100710.0, 101227.5, 101420.0
[90][1], 100620.0, 100880.0, 100990.0
[90][2], 100407.5, 100522.5, 100900.0
[91][0], 100962.5, 101397.5, 101700.0
[91][1], 100885.0, 101102.5, 101207.5
[91][2], 100555.0, 100685.0, 101027.5
[92][0], 100717.5, 101042.5, 101270.0
[92][1], 100780.0, 100950.0, 101022.5
[92][2], 100520.0, 100632.5, 100957.5
[93][0], 100737.5, 101162.5, 101335.0
[93][1], 100765.0, 101000.0, 101117.5
[93][2], 100635.0, 100745.0, 101097.5
[94][0], 100987.5, 101435.0, 101637.5
[94][1], 101000.0, 101240.0, 101335.0
[94][2], 100790.0, 100905.0, 101240.0
[95][0], 101022.5, 101480.0, 101690.0
[95][1], 101030.0, 101247.5, 101320.0
[95][2], 100852.5, 100945.0, 101240.0
[96][0], 101002.5, 101382.5, 101497.5
[96][1], 100995.0, 101182.5, 101202.5
[96][2], 100762.5, 100852.5, 101117.5
[97][0], 100742.5, 101097.5, 101255.0
[97][1], 100762.5, 100975.0, 101037.5
[97][2], 100577.5, 100672.5, 100967.5
[98][0], 100677.5, 101105.0, 101202.5
[98][1], 100592.5, 100847.5, 100940.0
[98][2], 100392.5, 100490.0, 100835.0
[99][0], 100612.5, 101070.0, 101122.5
[99][1], 100482.5, 100767.5, 100867.5
[99][2], 100265.0, 100360.0, 100682.5
[100][0], 100667.5, 101077.5, 101170.0
[100][1], 100482.5, 100690.0, 100755.0
[100][2], 100260.0, 100295.0, 100602.5
[101][0], 100690.0, 101042.5, 101030.0
[101][1], 100520.0, 100715.0, 100757.5
[101][2], 100240.0, 100337.5, 100657.5
[102][0], 100420.0, 100810.0, 100902.5
[102][1], 100340.0, 100540.0, 100620.0
[102][2], 100175.0, 100212.5, 100492.5
[103][0], 100215.0, 100567.5, 100627.5
[103][1], 100225.0, 100372.5, 100387.5
[103][2], 100102.5, 100097.5, 100395.0
[104][0], 100097.5, 100500.0, 100727.5
[104][1], 100272.5, 100387.5, 100405.0
[104][2], 100105.0, 100077.5, 100372.5
[105][0], 100132.5, 100512.5, 100755.0
[105][1], 100272.5, 100447.5, 100477.5
[105][2], 100052.5, 100082.5, 100362.5
[106][0], 100272.5, 100710.0, 100927.5
[106][1], 100365.0, 100582.5, 100647.5
[106][2], 100165.0, 100197.5, 100532.5
[107][0], 100567.5, 101002.5, 101235.0
[107][1], 100567.5, 100797.5, 100880.0
[107][2], 100375.0, 100425.0, 100730.0
[108][0], 100752.5, 101172.5, 101447.5
[108][1], 100670.0, 100897.5, 101020.0
[108][2], 100412.5, 100520.0, 100857.5
[109][0], 100720.0, 101200.0, 101557.5
[109][1], 100670.0, 100940.0, 101017.5
[109][2], 100375.0, 100515.0, 100802.5
[110][0], 100747.5, 101057.5, 101247.5
[110][1], 100697.5, 100887.5, 100922.5
[110][2], 100402.5, 100522.5, 100787.5
[111][0], 100625.0, 100985.0, 101162.5
[111][1], 100722.5, 100830.0, 100842.5
[111][2], 100527.5, 100522.5, 100777.5
[112][0], 100470.0, 100845.0, 101050.0
[112][1], 100627.5, 100752.5, 100765.0
[112][2], 100487.5, 100445.0, 100682.5
[113][0], 100317.5, 100680.0, 100860.0
[113][1], 100395.0, 100525.0, 100565.0
[113][2], 100300.0, 100260.0, 100517.5
[114][0], 100380.0, 100842.5, 100952.5
[114][1], 100387.5, 100555.0, 100570.0
[114][2], 100285.0, 100272.5, 100507.5
[115][0], 100397.5, 100787.5, 101012.5
[115][1], 100435.0, 100620.0, 100670.0
[115][2], 100287.5, 100300.0, 100557.5
[116][0], 100515.0, 100967.5, 101147.5
[116][1], 100442.5, 100655.0, 100690.0
[116][2], 100242.5, 100282.5, 100550.0
[117][0], 100635.0, 101097.5, 101340.0
[117][1], 100555.0, 100787.5, 100810.0
[117][2], 100307.5, 100350.0, 100625.0
[118][0], 100490.0, 101015.0, 101222.5
[118][1], 100427.5, 100690.0, 100745.0
[118][2], 100242.5, 100305.0, 100585.0
[119][0], 100530.0, 100975.0, 101230.0
[119][1], 100395.0, 100680.0, 100725.0
[119][2], 100072.5, 100255.0, 100552.5
[120][0], 100507.5, 100890.0, 101107.5
[120][1], 100347.5, 100612.5, 100665.0
[120][2], 100060.0, 100240.0, 100510.0
[121][0], 100497.5, 100780.0, 101040.0
[121][1], 100392.5, 100652.5, 100720.0
[121][2], 100162.5, 100300.0, 100510.0
[122][0], 100662.5, 101010.0, 101180.0
[122][1], 100555.0, 100810.0, 100862.5
[122][2], 100270.0, 100430.0, 100667.5
[123][0], 100915.0, 101285.0, 101325.0
[123][1], 100757.5, 100950.0, 100965.0
[123][2], 100432.5, 100555.0, 100760.0
[124][0], 100762.5, 101075.0, 101087.5
[124][1], 100707.5, 100822.5, 100812.5
[124][2], 100367.5, 100467.5, 100682.5
[125][0], 100780.0, 101105.0, 101127.5
[125][1], 100665.0, 100807.5, 100812.5
[125][2], 100345.0, 100420.0, 100612.5
[126][0], 100747.5, 101115.0, 101205.0
[126][1], 100610.0, 100742.5, 100770.0
[126][2], 100305.0, 100402.5, 100605.0
[127][0], 100592.5, 100952.5, 101115.0
[127][1], 100497.5, 100690.0, 100732.5
[127][2], 100235.0, 100330.0, 100540.0
[128][0], 100632.5, 100972.5, 101162.5
[128][1], 100477.5, 100772.5, 100830.0
[128][2], 100227.5, 100375.0, 100592.5
[129][0], 100560.0, 100817.5, 100992.5
[129][1], 100415.0, 100667.5, 100735.0
[129][2], 100195.0, 100330.0, 100565.0
[130][0], 100457.5, 100787.5, 100892.5
[130][1], 100265.0, 100530.0, 100640.0
[130][2], 100147.5, 100252.5, 100527.5
[131][0], 100335.0, 100612.5, 100690.0
[131][1], 100147.5, 100395.0, 100495.0
[131][2], 100052.5, 100150.0, 100427.5
[132][0], 100105.0, 100502.5, 100530.0
[132][1], 99835.0, 100115.0, 100240.0
[132][2], 99780.0, 99895.0, 100235.0
[133][0], 100172.5, 100627.5, 100595.0
[133][1], 99912.5, 100192.5, 100330.0
[133][2], 99900.0, 100010.0, 100317.5
[134][0], 100367.5, 100852.5, 100840.0
[134][1], 100055.0, 100377.5, 100547.5
[134][2], 99992.5, 100162.5, 100537.5
[135][0], 100242.5, 100722.5, 100757.5
[135][1], 100017.5, 100312.5, 100465.0
[135][2], 99940.0, 100070.0, 100412.5
[136][0], 100200.0, 100572.5, 100590.0
[136][1], 100045.0, 100310.0, 100442.5
[136][2], 99945.0, 100070.0, 100425.0
[137][0], 100347.5, 100732.5, 100790.0
[137][1], 100212.5, 100460.0, 100557.5
[137][2], 100085.0, 100182.5, 100515.0
[138][0], 100207.5, 100635.0, 100667.5
[138][1], 100147.5, 100427.5, 100567.5
[138][2], 100055.0, 100187.5, 100560.0
[139][0], 100162.5, 100590.0, 100657.5
[139][1], 99997.5, 100272.5, 100410.0
[139][2], 99872.5, 99975.0, 100302.5
[140][0], 99925.0, 100330.0, 100405.0
[140][1], 99770.0, 99967.5, 100070.0
[140][2], 99660.0, 99720.0, 99990.0
[141][0], 99945.0, 100242.5, 100312.5
[141][1], 99810.0, 99967.5, 99990.0
[141][2], 99615.0, 99722.5, 99905.0
[142][0], 100247.5, 100547.5, 100550.0
[142][1], 100097.5, 100212.5, 100217.5
[142][2], 99735.0, 99835.0, 100047.5
[143][0], 100590.0, 100867.5, 100900.0
[143][1], 100480.0, 100540.0, 100475.0
[143][2], 100167.5, 100185.0, 100340.0
[144][0], 100540.0, 100755.0, 100922.5
[144][1], 100550.0, 100602.5, 100557.5
[144][2], 100232.5, 100245.0, 100442.5
[145][0], 100345.0, 100690.0, 100740.0
[145][1], 100377.5, 100482.5, 100450.0
[145][2], 100100.0, 100117.5, 100337.5
[146][0], 100055.0, 100435.0, 100592.5
[146][1], 100075.0, 100247.5, 100295.0
[146][2], 99870.0, 99882.5, 100087.5
[147][0], 100165.0, 100517.5, 100592.5
[147][1], 100085.0, 100247.5, 100287.5
[147][2], 99840.0, 99870.0, 100097.5
[148][0], 100292.5, 100667.5, 100600.0
[148][1], 100107.5, 100247.5, 100287.5
[148][2], 99900.0, 99932.5, 100142.5
[149][0], 100320.0, 100730.0, 100632.5
[149][1], 100107.5, 100280.0, 100315.0
[149][2], 99885.0, 99940.0, 100180.0
[150][0], 100245.0, 100647.5, 100607.5
[150][1], 100002.5, 100182.5, 100245.0
[150][2], 99775.0, 99860.0, 100140.0
[151][0], 100257.5, 100660.0, 100607.5
[151][1], 100062.5, 100227.5, 100270.0
[151][2], 99850.0, 99930.0, 100190.0
[152][0], 100180.0, 100582.5, 100602.5
[152][1], 100022.5, 100217.5, 100287.5
[152][2], 99835.0, 99912.5, 100192.5
[153][0], 100145.0, 100587.5, 100640.0
[153][1], 99967.5, 100200.0, 100295.0
[153][2], 99785.0, 99917.5, 100227.5
[154][0], 100175.0, 100635.0, 100675.0
[154][1], 99997.5, 100252.5, 100360.0
[154][2], 99842.5, 99997.5, 100322.5
[155][0], 100215.0, 100732.5, 100760.0
[155][1], 100042.5, 100297.5, 100415.0
[155][2], 99897.5, 100050.0, 100355.0
[156][0], 100235.0, 100720.0, 100717.5
[156][1], 99982.5, 100250.0, 100357.5
[156][2], 99820.0, 99960.0, 100260.0
[157][0], 100092.5, 100562.5, 100695.0
[157][1], 99955.0, 100212.5, 100310.0
[157][2], 99810.0, 99927.5, 100195.0
[158][0], 99922.5, 100247.5, 100392.5
[158][1], 99860.0, 100082.5, 100212.5
[158][2], 99715.0, 99837.5, 100135.0
[159][0], 99970.0, 100332.5, 100420.0
[159][1], 99875.0, 100097.5, 100210.0
[159][2], 99737.5, 99845.0, 100140.0
[160][0], 100042.5, 100397.5, 100467.5
[160][1], 99900.0, 100125.0, 100240.0
[160][2], 99850.0, 99925.0, 100210.0
[161][0], 100092.5, 100450.0, 100517.5
[161][1], 99957.5, 100202.5, 100337.5
[161][2], 99860.0, 99917.5, 100217.5
[162][0], 100207.5, 100572.5, 100640.0
[162][1], 100112.5, 100330.0, 100425.0
[162][2], 100015.0, 100057.5, 100352.5
[163][0], 100202.5, 100595.0, 100690.0
[163][1], 100112.5, 100317.5, 100417.5
[163][2], 100102.5, 100105.0, 100377.5
[164][0], 100067.5, 100522.5, 100550.0
[164][1], 100032.5, 100267.5, 100362.5
[164][2], 100070.0, 100105.0, 100395.0
[165][0], 100097.5, 100507.5, 100582.5
[165][1], 100047.5, 100310.0, 100417.5
[165][2], 100100.0, 100155.0, 100440.0
[166][0], 100230.0, 100537.5, 100577.5
[166][1], 100245.0, 100395.0, 100450.0
[166][2], 100237.5, 100230.0, 100497.5
[167][0], 100135.0, 100427.5, 100495.0
[167][1], 100225.0, 100405.0, 100470.0
[167][2], 100205.0, 100265.0, 100560.0
[168][0], 100185.0, 100495.0, 100572.5
[168][1], 100280.0, 100437.5, 100487.5
[168][2], 100275.0, 100260.0, 100540.0
[169][0], 100080.0, 100447.5, 100560.0
[169][1], 100200.0, 100347.5, 100402.5
[169][2], 100180.0, 100172.5, 100430.0
[170][0], 99997.5, 100272.5, 100385.0
[170][1], 100115.0, 100222.5, 100250.0
[170][2], 100070.0, 100010.0, 100222.5
[171][0], 100105.0, 100400.0, 100515.0
[171][1], 100067.5, 100212.5, 100260.0
[171][2], 99937.5, 99915.0, 100142.5
[172][0], 100442.5, 100765.0, 100882.5
[172][1], 100385.0, 100535.0, 100572.5
[172][2], 100235.0, 100215.0, 100437.5
[173][0], 100457.5, 100757.5, 100835.0
[173][1], 100390.0, 100542.5, 100597.5
[173][2], 100265.0, 100267.5, 100527.5
[174][0], 100220.0, 100547.5, 100687.5
[174][1], 100190.0, 100370.0, 100455.0
[174][2], 100092.5, 100090.0, 100365.0
[175][0], 100187.5, 100535.0, 100657.5
[175][1], 100112.5, 100345.0, 100412.5
[175][2], 99990.0, 100027.5, 100250.0
[176][0], 100352.5, 100667.5, 100760.0
[176][1], 100305.0, 100562.5, 100600.0
[176][2], 100175.0, 100240.0, 100467.5
[177][0], 100350.0, 100585.0, 100645.0
[177][1], 100372.5, 100565.0, 100582.5
[177][2], 100297.5, 100327.5, 100527.5
[178][0], 100127.5, 100442.5, 100602.5
[178][1], 100187.5, 100412.5, 100470.0
[178][2], 100140.0, 100180.0, 100402.5
[179][0], 100072.5, 100400.0, 100607.5
[179][1], 100180.0, 100357.5, 100395.0
[179][2], 99997.5, 100017.5, 100250.0
[180][0], 100097.5, 100375.0, 100545.0
[180][1], 100127.5, 100245.0, 100275.0
[180][2], 99985.0, 99962.5, 100167.5
[181][0], 99985.0, 100285.0, 100532.5
[181][1], 100027.5, 100155.0, 100225.0
[181][2], 99935.0, 99895.0, 100085.0
[182][0], 99960.0, 100290.0, 100522.5
[182][1], 99965.0, 100087.5, 100105.0
[182][2], 99857.5, 99795.0, 99922.5
[183][0], 100052.5, 100380.0, 100530.0
[183][1], 99967.5, 100127.5, 100152.5
[183][2], 99850.0, 99850.0, 100027.5
[184][0], 100115.0, 100412.5, 100502.5
[184][1], 99932.5, 100132.5, 100200.0
[184][2], 99810.0, 99845.0, 100015.0
[185][0], 100197.5, 100582.5, 100710.0
[185][1], 99990.0, 100157.5, 100195.0
[185][2], 99900.0, 99870.0, 99990.0
[186][0], 100562.5, 100907.5, 101032.5
[186][1], 100292.5, 100525.0, 100580.0
[186][2], 100090.0, 100177.5, 100370.0
[187][0], 100542.5, 100855.0, 100935.0
[187][1], 100362.5, 100535.0, 100545.0
[187][2], 100210.0, 100262.5, 100430.0
[188][0], 100285.0, 100632.5, 100745.0
[188][1], 100140.0, 100360.0, 100425.0
[188][2], 99992.5, 100072.5, 100300.0
[189][0], 100195.0, 100505.0, 100640.0
[189][1], 100017.5, 100242.5, 100305.0
[189][2], 99810.0, 99887.5, 100097.5
[190][0], 100205.0, 100445.0, 100615.0
[190][1], 100022.5, 100187.5, 100252.5
[190][2], 99792.5, 99832.5, 100052.5
[191][0], 100232.5, 100537.5, 100762.5
[191][1], 100077.5, 100272.5, 100335.0
[191][2], 99825.0, 99852.5, 100072.5
[192][0], 100165.0, 100467.5, 100652.5
[192][1], 99980.0, 100145.0, 100210.0
[192][2], 99697.5, 99715.0, 99917.5
[193][0], 100012.5, 100362.5, 100612.5
[193][1], 99807.5, 99987.5, 100067.5
[193][2], 99560.0, 99557.5, 99747.5
[194][0], 100122.5, 100562.5, 100815.0
[194][1], 99825.0, 100057.5, 100150.0
[194][2], 99587.5, 99627.5, 99832.5
[195][0], 100310.0, 100685.0, 100860.0
[195][1], 100052.5, 100262.5, 100315.0
[195][2], 99852.5, 99850.0, 100020.0
[196][0], 100337.5, 100690.0, 100862.5
[196][1], 100162.5, 100385.0, 100422.5
[196][2], 99955.0, 99970.0, 100142.5
[197][0], 100417.5, 100767.5, 100897.5
[197][1], 100250.0, 100522.5, 100582.5
[197][2], 99965.0, 100132.5, 100415.0
[198][0], 100272.5, 100582.5, 100702.5
[198][1], 100210.0, 100460.0, 100535.0
[198][2], 100067.5, 100165.0, 100422.5
[199][0], 100087.5, 100427.5, 100585.0
[199][1], 100052.5, 100247.5, 100317.5
[199][2], 100090.0, 100030.0, 100247.5
[200][0], 100162.5, 100460.0, 100665.0
[200][1], 100157.5, 100300.0, 100357.5
[200][2], 100120.0, 100057.5, 100250.0
[201][0], 100337.5, 100637.5, 100877.5
[201][1], 100320.0, 100442.5, 100520.0
[201][2], 100152.5, 100107.5, 100322.5
[202][0], 100510.0, 100880.0, 101085.0
[202][1], 100365.0, 100532.5, 100575.0
[202][2], 100172.5, 100167.5, 100382.5
[203][0], 100477.5, 100870.0, 101060.0
[203][1], 100270.0, 100527.5, 100612.5
[203][2], 100102.5, 100202.5, 100475.0
[204][0], 100577.5, 100940.0, 101115.0
[204][1], 100407.5, 100680.0, 100777.5
[204][2], 100215.0, 100322.5, 100617.5
[205][0], 100775.0, 101112.5, 101257.5
[205][1], 100652.5, 100910.0, 100957.5
[205][2], 100525.0, 100607.5, 100820.0
[206][0], 100702.5, 101027.5, 101155.0
[206][1], 100722.5, 100950.0, 100962.5
[206][2], 100640.0, 100682.5, 100857.5
[207][0], 100662.5, 100982.5, 101127.5
[207][1], 100750.0, 100900.0, 100880.0
[207][2], 100655.0, 100625.0, 100777.5
[208][0], 100692.5, 100962.5, 101120.0
[208][1], 100775.0, 100867.5, 100837.5
[208][2], 100695.0, 100622.5, 100757.5
[209][0], 100580.0, 100897.5, 101062.5
[209][1], 100670.0, 100790.0, 100760.0
[209][2], 100577.5, 100512.5, 100660.0
[210][0], 100330.0, 100592.5, 100767.5
[210][1], 100437.5, 100550.0, 100560.0
[210][2], 100402.5, 100320.0, 100495.0
[211][0], 100145.0, 100395.0, 100540.0
[211][1], 100247.5, 100350.0, 100380.0
[211][2], 100222.5, 100160.0, 100347.5
[212][0], 100110.0, 100427.5, 100625.0
[212][1], 100272.5, 100392.5, 100427.5
[212][2], 100227.5, 100165.0, 100340.0
[213][0], 100310.0, 100590.0, 100752.5
[213][1], 100345.0, 100427.5, 100417.5
[213][2], 100232.5, 100160.0, 100297.5
[214][0], 100510.0, 100810.0, 100982.5
[214][1], 100407.5, 100505.0, 100510.0
[214][2], 100267.5, 100237.5, 100412.5
[215][0], 100590.0, 100865.0, 100992.5
[215][1], 100410.0, 100555.0, 100540.0
[215][2], 100265.0, 100242.5, 100390.0
[216][0], 100312.5, 100580.0, 100717.5
[216][1], 100177.5, 100315.0, 100355.0
[216][2], 100097.5, 100060.0, 100217.5
[217][0], 100160.0, 100495.0, 100685.0
[217][1], 100037.5, 100190.0, 100222.5
[217][2], 99855.0, 99855.0, 100002.5
[218][0], 100152.5, 100450.0, 100637.5
[218][1], 99975.0, 100105.0, 100135.0
[218][2], 99760.0, 99752.5, 99892.5
[219][0], 100102.5, 100450.0, 100667.5
[219][1], 99862.5, 100002.5, 100097.5
[219][2], 99600.0, 99607.5, 99837.5
[220][0], 100085.0, 100497.5, 100757.5
[220][1], 99742.5, 99990.0, 100212.5
[220][2], 99352.5, 99455.0, 99852.5
[221][0], 100085.0, 100527.5, 100810.0
[221][1], 99705.0, 99985.0, 100197.5
[221][2], 99477.5, 99542.5, 99855.0
[222][0], 100220.0, 100595.0, 100865.0
[222][1], 99977.5, 100182.5, 100335.0
[222][2], 99865.0, 99902.5, 100150.0
[223][0], 100267.5, 100610.0, 100772.5
[223][1], 100065.0, 100195.0, 100247.5
[223][2], 100000.0, 99932.5, 100087.5
[224][0], 100167.5, 100517.5, 100755.0
[224][1], 100010.0, 100095.0, 100142.5
[224][2], 99852.5, 99682.5, 99802.5
[225][0], 100367.5, 100752.5, 101077.5
[225][1], 100062.5, 100322.5, 100575.0
[225][2], 99667.5, 99777.5, 100217.5
[226][0], 100650.0, 101097.5, 101215.0
[226][1], 100280.0, 100727.5, 100865.0
[226][2], 100082.5, 100342.5, 100697.5
[227][0], 100647.5, 100865.0, 100905.0
[227][1], 100560.0, 100655.0, 100622.5
[227][2], 100505.0, 100440.0, 100557.5
[228][0], 100420.0, 100667.5, 100810.0
[228][1], 100445.0, 100452.5, 100412.5
[228][2], 100395.0, 100227.5, 100295.0
[229][0], 100185.0, 100450.0, 100665.0
[229][1], 100207.5, 100172.5, 100125.0
[229][2], 100192.5, 99937.5, 99957.5
[230][0], 100275.0, 100582.5, 100860.0
[230][1], 100207.5, 100192.5, 100220.0
[230][2], 100012.5, 99660.0, 99740.0
[231][0], 100307.5, 100632.5, 100895.0
[231][1], 99990.0, 100267.5, 100497.5
[231][2], 99747.5, 99877.5, 100280.0
[232][0], 100332.5, 100672.5, 100820.0
[232][1], 99992.5, 100357.5, 100417.5
[232][2], 99885.0, 100040.0, 100245.0
[233][0], 100307.5, 100577.5, 100755.0
[233][1], 100170.0, 100310.0, 100320.0
[233][2], 100132.5, 100065.0, 100160.0
[234][0], 100587.5, 100885.0, 101065.0
[234][1], 100452.5, 100550.0, 100565.0
[234][2], 100352.5, 100265.0, 100397.5
[235][0], 100745.0, 100977.5, 101077.5
[235][1], 100582.5, 100670.0, 100677.5
[235][2], 100435.0, 100340.0, 100492.5
[236][0], 100477.5, 100750.0, 100912.5
[236][1], 100400.0, 100555.0, 100625.0
[236][2], 100320.0, 100300.0, 100505.0
[237][0], 100395.0, 100627.5, 100745.0
[237][1], 100350.0, 100442.5, 100450.0
[237][2], 100287.5, 100215.0, 100387.5
[238][0], 100282.5, 100557.5, 100752.5
[238][1], 100315.0, 100455.0, 100500.0
[238][2], 100252.5, 100215.0, 100420.0
[239][0], 100497.5, 100740.0, 100935.0
[239][1], 100577.5, 100712.5, 100750.0
[239][2], 100425.0, 100407.5, 100625.0
[240][0], 100810.0, 101020.0, 101140.0
[240][1], 100837.5, 100960.0, 100967.5
[240][2], 100720.0, 100690.0, 100862.5
[241][0], 100677.5, 100865.0, 101020.0
[241][1], 100832.5, 100935.0, 100940.0
[241][2], 100765.0, 100687.5, 100835.0
[242][0], 100552.5, 100750.0, 100887.5
[242][1], 100692.5, 100785.0, 100795.0
[242][2], 100610.0, 100550.0, 100715.0
[243][0], 100712.5, 100925.0, 101037.5
[243][1], 100765.0, 100865.0, 100862.5
[243][2], 100652.5, 100592.5, 100785.0
[244][0], 100687.5, 100897.5, 101055.0
[244][1], 100790.0, 100880.0, 100875.0
[244][2], 100685.0, 100605.0, 100780.0
[245][0], 100370.0, 100592.5, 100720.0
[245][1], 100535.0, 100610.0, 100615.0
[245][2], 100490.0, 100367.5, 100540.0
[246][0], 100317.5, 100600.0, 100775.0
[246][1], 100482.5, 100597.5, 100657.5
[246][2], 100400.0, 100315.0, 100562.5
[247][0], 100505.0, 100735.0, 100942.5
[247][1], 100605.0, 100677.5, 100707.5
[247][2], 100475.0, 100375.0, 100582.5
[248][0], 100672.5, 100950.0, 101167.5
[248][1], 100717.5, 100827.5, 100867.5
[248][2], 100562.5, 100487.5, 100677.5
[249][0], 100920.0, 101202.5, 101422.5
[249][1], 100847.5, 100957.5, 100945.0
[249][2], 100622.5, 100562.5, 100705.0
[250][0], 101047.5, 101332.5, 101530.0
[250][1], 100907.5, 101040.0, 100990.0
[250][2], 100685.0, 100627.5, 100747.5
[251][0], 100997.5, 101295.0, 101535.0
[251][1], 100832.5, 100952.5, 100935.0
[251][2], 100600.0, 100530.0, 100687.5
[252][0], 100860.0, 101142.5, 101357.5
[252][1], 100672.5, 100842.5, 100887.5
[252][2], 100400.0, 100400.0, 100625.0
[253][0], 100627.5, 100952.5, 101197.5
[253][1], 100450.0, 100697.5, 100787.5
[253][2], 100105.0, 100237.5, 100552.5
[254][0], 100560.0, 100932.5, 101142.5
[254][1], 100330.0, 100642.5, 100765.0
[254][2], 100052.5, 100232.5, 100572.5
[255][0], 100702.5, 101037.5, 101237.5
[255][1], 100527.5, 100775.0, 100895.0
[255][2], 100382.5, 100440.0, 100732.5
[256][0], 100775.0, 101067.5, 101215.0
[256][1], 100680.0, 100847.5, 100925.0
[256][2], 100600.0, 100580.0, 100835.0
[257][0], 100555.0, 100815.0, 100922.5
[257][1], 100575.0, 100662.5, 100665.0
[257][2], 100535.0, 100445.0, 100627.5
[258][0], 100227.5, 100570.0, 100705.0
[258][1], 100297.5, 100445.0, 100452.5
[258][2], 100290.0, 100212.5, 100370.0
[259][0], 100482.5, 100742.5, 100882.5
[259][1], 100437.5, 100540.0, 100542.5
[259][2], 100352.5, 100250.0, 100410.0
[260][0], 100637.5, 100870.0, 100995.0
[260][1], 100542.5, 100620.0, 100595.0
[260][2], 100397.5, 100277.5, 100425.0
[261][0], 100732.5, 100957.5, 101097.5
[261][1], 100597.5, 100717.5, 100717.5
[261][2], 100365.0, 100267.5, 100455.0
[262][0], 100660.0, 100942.5, 101142.5
[262][1], 100472.5, 100660.0, 100740.0
[262][2], 100187.5, 100177.5, 100480.0
[263][0], 100660.0, 101002.5, 101135.0
[263][1], 100482.5, 100747.5, 100820.0
[263][2], 100290.0, 100347.5, 100635.0
[264][0], 100732.5, 100995.0, 101095.0
[264][1], 100592.5, 100805.0, 100855.0
[264][2], 100440.0, 100470.0, 100702.5
[265][0], 100610.0, 100902.5, 101080.0
[265][1], 100565.0, 100785.0, 100877.5
[265][2], 100455.0, 100452.5, 100695.0
[266][0], 100577.5, 100825.0, 101020.0
[266][1], 100615.0, 100770.0, 100837.5
[266][2], 100490.0, 100442.5, 100655.0
[267][0], 100802.5, 101062.5, 101250.0
[267][1], 100802.5, 100922.5, 100937.5
[267][2], 100645.0, 100575.0, 100730.0
[268][0], 100760.0, 101015.0, 101215.0
[268][1], 100882.5, 100970.0, 100950.0
[268][2], 100685.0, 100617.5, 100765.0
[269][0], 100695.0, 100887.5, 101075.0
[269][1], 100765.0, 100830.0, 100785.0
[269][2], 100597.5, 100510.0, 100627.5
[270][0], 100652.5, 100900.0, 101045.0
[270][1], 100645.0, 100727.5, 100695.0
[270][2], 100505.0, 100407.5, 100517.5
[271][0], 100740.0, 100945.0, 101092.5
[271][1], 100670.0, 100737.5, 100692.5
[271][2], 100477.5, 100382.5, 100490.0
[272][0], 100742.5, 100972.5, 101117.5
[272][1], 100677.5, 100707.5, 100632.5
[272][2], 100535.0, 100395.0, 100427.5
[273][0], 100662.5, 100870.0, 101035.0
[273][1], 100527.5, 100560.0, 100500.0
[273][2], 100400.0, 100262.5, 100315.0
[274][0], 100620.0, 100805.0, 100990.0
[274][1], 100515.0, 100562.5, 100535.0
[274][2], 100370.0, 100242.5, 100345.0
[275][0], 100785.0, 101005.0, 101240.0
[275][1], 100665.0, 100795.0, 100845.0
[275][2], 100457.5, 100405.0, 100617.5
[276][0], 101022.5, 101270.0, 101367.5
[276][1], 100910.0, 101090.0, 101077.5
[276][2], 100640.0, 100660.0, 100890.0
[277][0], 101087.5, 101342.5, 101362.5
[277][1], 100990.0, 101180.0, 101110.0
[277][2], 100772.5, 100817.5, 101007.5
[278][0], 101042.5, 101367.5, 101465.0
[278][1], 101062.5, 101262.5, 101265.0
[278][2], 100877.5, 100910.0, 101120.0
[279][0], 101117.5, 101322.5, 101400.0
[279][1], 101122.5, 101230.0, 101192.5
[279][2], 100957.5, 100920.0, 101062.5
[280][0], 101062.5, 101227.5, 101345.0
[280][1], 101130.0, 101222.5, 101205.0
[280][2], 100990.0, 100925.0, 101087.5
[281][0], 101197.5, 101417.5, 101510.0
[281][1], 101197.5, 101332.5, 101382.5
[281][2], 101082.5, 101052.5, 101262.5
[282][0], 101192.5, 101360.0, 101417.5
[282][1], 101245.0, 101305.0, 101317.5
[282][2], 101122.5, 101055.0, 101260.0
[283][0], 100945.0, 101107.5, 101277.5
[283][1], 101132.5, 101187.5, 101180.0
[283][2], 101005.0, 100922.5, 101107.5
[284][0], 100997.5, 101112.5, 101275.0
[284][1], 101150.0, 101207.5, 101220.0
[284][2], 100975.0, 100900.0, 101105.0
[285][0], 101127.5, 101230.0, 101330.0
[285][1], 101260.0, 101277.5, 101200.0
[285][2], 101017.5, 100935.0, 101082.5
[286][0], 101120.0, 101260.0, 101365.0
[286][1], 101262.5, 101270.0, 101207.5
[286][2], 100990.0, 100895.0, 101045.0
[287][0], 101160.0, 101325.0, 101430.0
[287][1], 101275.0, 101300.0, 101232.5
[287][2], 101002.5, 100890.0, 101007.5
[288][0], 101410.0, 101592.5, 101697.5
[288][1], 101502.5, 101497.5, 101377.5
[288][2], 101177.5, 101065.0, 101152.5
[289][0], 101260.0, 101492.5, 101687.5
[289][1], 101440.0, 101460.0, 101335.0
[289][2], 101165.0, 101050.0, 101132.5
[290][0], 101162.5, 101390.0, 101495.0
[290][1], 101397.5, 101400.0, 101207.5
[290][2], 101107.5, 100987.5, 101025.0
[291][0], 101137.5, 101357.5, 101535.0
[291][1], 101437.5, 101457.5, 101330.0
[291][2], 101140.0, 101022.5, 101082.5
[292][0], 101332.5, 101560.0, 101775.0
[292][1], 101585.0, 101605.0, 101450.0
[292][2], 101255.0, 101155.0, 101195.0
[293][0], 101492.5, 101762.5, 101970.0
[293][1], 101715.0, 101702.5, 101545.0
[293][2], 101365.0, 101225.0, 101272.5
[294][0], 101552.5, 101825.0, 102000.0
[294][1], 101700.0, 101675.0, 101520.0
[294][2], 101352.5, 101165.0, 101210.0
[295][0], 101365.0, 101587.5, 101792.5
[295][1], 101395.0, 101417.5, 101330.0
[295][2], 101112.5, 100940.0, 101025.0
[296][0], 100835.0, 101057.5, 101282.5
[296][1], 100925.0, 100860.0, 100720.0
[296][2], 100712.5, 100377.5, 100305.0
[297][0], 100812.5, 101035.0, 101192.5
[297][1], 101070.0, 101115.0, 101032.5
[297][2], 100967.5, 100860.0, 100935.0
[298][0], 101182.5, 101357.5, 101477.5
[298][1], 101422.5, 101467.5, 101430.0
[298][2], 101195.0, 101122.5, 101285.0
[299][0], 101207.5, 101372.5, 101540.0
[299][1], 101472.5, 101485.0, 101395.0
[299][2], 101195.0, 101110.0, 101227.5
[300][0], 101150.0, 101280.0, 101437.5
[300][1], 101422.5, 101425.0, 101310.0
[300][2], 101140.0, 101057.5, 101132.5
[301][0], 101295.0, 101457.5, 101580.0
[301][1], 101450.0, 101442.5, 101312.5
[301][2], 101175.0, 101052.5, 101115.0
[302][0], 101365.0, 101482.5, 101612.5
[302][1], 101460.0, 101447.5, 101315.0
[302][2], 101207.5, 101060.0, 101127.5
[303][0], 101370.0, 101500.0, 101645.0
[303][1], 101515.0, 101500.0, 101380.0
[303][2], 101245.0, 101112.5, 101185.0
[304][0], 101367.5, 101485.0, 101615.0
[304][1], 101617.5, 101570.0, 101407.5
[304][2], 101322.5, 101160.0, 101200.0
[305][0], 101070.0, 101185.0, 101240.0
[305][1], 101412.5, 101365.0, 101212.5
[305][2], 101147.5, 101015.0, 101075.0
[306][0], 101177.5, 101385.0, 101502.5
[306][1], 101410.0, 101415.0, 101305.0
[306][2], 101175.0, 101087.5, 101165.0
[307][0], 101437.5, 101665.0, 101817.5
[307][1], 101552.5, 101570.0, 101450.0
[307][2], 101247.5, 101177.5, 101280.0
[308][0], 101610.0, 101802.5, 101977.5
[308][1], 101705.0, 101727.5, 101617.5
[308][2], 101405.0, 101340.0, 101432.5
[309][0], 101515.0, 101655.0, 101785.0
[309][1], 101682.5, 101682.5, 101570.0
[309][2], 101337.5, 101277.5, 101402.5
[310][0], 101467.5, 101602.5, 101737.5
[310][1], 101662.5, 101657.5, 101547.5
[310][2], 101317.5, 101267.5, 101397.5
[311][0], 101460.0, 101597.5, 101710.0
[311][1], 101695.0, 101690.0, 101585.0
[311][2], 101340.0, 101290.0, 101400.0
[312][0], 101507.5, 101637.5, 101715.0
[312][1], 101717.5, 101710.0, 101547.5
[312][2], 101352.5, 101282.5, 101375.0
[313][0], 101510.0, 101645.0, 101712.5
[313][1], 101747.5, 101720.0, 101547.5
[313][2], 101362.5, 101260.0, 101357.5
[314][0], 101375.0, 101517.5, 101645.0
[314][1], 101715.0, 101725.0, 101555.0
[314][2], 101317.5, 101255.0, 101362.5
[315][0], 101250.0, 101385.0, 101557.5
[315][1], 101697.5, 101680.0, 101555.0
[315][2], 101347.5, 101245.0, 101347.5
[316][0], 101280.0, 101427.5, 101572.5
[316][1], 101665.0, 101657.5, 101502.5
[316][2], 101332.5, 101250.0, 101315.0
[317][0], 101365.0, 101497.5, 101670.0
[317][1], 101712.5, 101670.0, 101502.5
[317][2], 101370.0, 101260.0, 101315.0
[318][0], 101200.0, 101305.0, 101415.0
[318][1], 101602.5, 101567.5, 101392.5
[318][2], 101310.0, 101185.0, 101225.0
[319][0], 101140.0, 101232.5, 101295.0
[319][1], 101467.5, 101450.0, 101297.5
[319][2], 101135.0, 101072.5, 101160.0
[320][0], 101090.0, 101242.5, 101417.5
[320][1], 101502.5, 101497.5, 101362.5
[320][2], 101157.5, 101085.0, 101170.0
[321][0], 101387.5, 101502.5, 101660.0
[321][1], 101660.0, 101617.5, 101485.0
[321][2], 101375.0, 101230.0, 101290.0
[322][0], 101347.5, 101457.5, 101625.0
[322][1], 101552.5, 101530.0, 101392.5
[322][2], 101370.0, 101187.5, 101207.5
[323][0], 101232.5, 101287.5, 101362.5
[323][1], 101457.5, 101430.0, 101302.5
[323][2], 101237.5, 101065.0, 101127.5
[324][0], 101105.0, 101165.0, 101235.0
[324][1], 101397.5, 101350.0, 101187.5
[324][2], 101167.5, 101017.5, 101060.0
[325][0], 101162.5, 101215.0, 101337.5
[325][1], 101440.0, 101410.0, 101272.5
[325][2], 101172.5, 101087.5, 101147.5
[326][0], 101165.0, 101190.0, 101297.5
[326][1], 101467.5, 101427.5, 101302.5
[326][2], 101207.5, 101107.5, 101172.5
[327][0], 101312.5, 101402.5, 101522.5
[327][1], 101525.0, 101490.0, 101357.5
[327][2], 101297.5, 101160.0, 101195.0
[328][0], 101385.0, 101485.0, 101712.5
[328][1], 101487.5, 101475.0, 101375.0
[328][2], 101347.5, 101177.5, 101192.5
[329][0], 101092.5, 101180.0, 101332.5
[329][1], 101307.5, 101320.0, 101230.0
[329][2], 101145.0, 101012.5, 101060.0
[330][0], 101035.0, 101047.5, 101180.0
[330][1], 101212.5, 101272.5, 101205.0
[330][2], 100977.5, 100897.5, 101017.5
[331][0], 101205.0, 101260.0, 101385.0
[331][1], 101337.5, 101350.0, 101235.0
[331][2], 101037.5, 100952.5, 101050.0
[332][0], 101350.0, 101412.5, 101560.0
[332][1], 101497.5, 101495.0, 101380.0
[332][2], 101197.5, 101107.5, 101200.0
[333][0], 101400.0, 101415.0, 101547.5
[333][1], 101622.5, 101565.0, 101405.0
[333][2], 101325.0, 101200.0, 101270.0
[334][0], 101327.5, 101420.0, 101512.5
[334][1], 101572.5, 101520.0, 101365.0
[334][2], 101300.0, 101182.5, 101242.5
[335][0], 101340.0, 101392.5, 101467.5
[335][1], 101547.5, 101512.5, 101375.0
[335][2], 101247.5, 101185.0, 101235.0
[336][0], 101330.0, 101382.5, 101500.0
[336][1], 101567.5, 101530.0, 101390.0
[336][2], 101240.0, 101170.0, 101225.0
[337][0], 101322.5, 101410.0, 101577.5
[337][1], 101600.0, 101580.0, 101450.0
[337][2], 101297.5, 101245.0, 101312.5
[338][0], 101462.5, 101460.0, 101575.0
[338][1], 101687.5, 101620.0, 101490.0
[338][2], 101352.5, 101272.5, 101345.0
[339][0], 101265.0, 101277.5, 101402.5
[339][1], 101587.5, 101502.5, 101357.5
[339][2], 101297.5, 101185.0, 101250.0
[340][0], 101185.0, 101252.5, 101400.0
[340][1], 101510.0, 101470.0, 101362.5
[340][2], 101252.5, 101162.5, 101240.0
[341][0], 101247.5, 101255.0, 101370.0
[341][1], 101547.5, 101512.5, 101387.5
[341][2], 101315.0, 101195.0, 101237.5
[342][0], 101260.0, 101320.0, 101425.0
[342][1], 101475.0, 101452.5, 101352.5
[342][2], 101220.0, 101137.5, 101210.0
[343][0], 101220.0, 101250.0, 101412.5
[343][1], 101517.5, 101477.5, 101367.5
[343][2], 101237.5, 101160.0, 101227.5
[344][0], 101222.5, 101247.5, 101417.5
[344][1], 101502.5, 101485.0, 101397.5
[344][2], 101280.0, 101177.5, 101272.5
[345][0], 101100.0, 101177.5, 101362.5
[345][1], 101410.0, 101410.0, 101357.5
[345][2], 101212.5, 101112.5, 101222.5
[346][0], 101097.5, 101185.0, 101362.5
[346][1], 101440.0, 101415.0, 101372.5
[346][2], 101242.5, 101122.5, 101252.5
[347][0], 101160.0, 101225.0, 101435.0
[347][1], 101570.0, 101532.5, 101437.5
[347][2], 101370.0, 101212.5, 101292.5
[348][0], 101080.0, 101102.5, 101242.5
[348][1], 101442.5, 101430.0, 101337.5
[348][2], 101235.0, 101120.0, 101205.0
[349][0], 101037.5, 101105.0, 101322.5
[349][1], 101457.5, 101450.0, 101360.0
[349][2], 101190.0, 101130.0, 101212.5
[350][0], 101332.5, 101345.0, 101515.0
[350][1], 101617.5, 101600.0, 101467.5
[350][2], 101292.5, 101217.5, 101315.0
[351][0], 101280.0, 101345.0, 101552.5
[351][1], 101555.0, 101547.5, 101412.5
[351][2], 101260.0, 101172.5, 101250.0
[352][0], 101065.0, 101035.0, 101205.0
[352][1], 101452.5, 101420.0, 101260.0
[352][2], 101097.5, 101065.0, 101152.5
[353][0], 101000.0, 101000.0, 101145.0
[353][1], 101430.0, 101400.0, 101270.0
[353][2], 101107.5, 101072.5, 101175.0
[354][0], 101120.0, 101075.0, 101195.0
[354][1], 101502.5, 101457.5, 101347.5
[354][2], 101157.5, 101115.0, 101210.0
[355][0], 101005.0, 101000.0, 101135.0
[355][1], 101437.5, 101410.0, 101300.0
[355][2], 101157.5, 101105.0, 101192.5
[356][0], 101060.0, 101115.0, 101375.0
[356][1], 101447.5, 101452.5, 101375.0
[356][2], 101177.5, 101140.0, 101255.0
[357][0], 101082.5, 101102.5, 101247.5
[357][1], 101490.0, 101535.0, 101425.0
[357][2], 101112.5, 101115.0, 101277.5
[358][0], 101162.5, 101247.5, 101432.5
[358][1], 101615.0, 101652.5, 101592.5
[358][2], 101187.5, 101180.0, 101410.0
[359][0], 101322.5, 101335.0, 101482.5
[359][1], 101815.0, 101817.5, 101710.0
[359][2], 101367.5, 101340.0, 101542.5
[360][0], 101050.0, 101130.0, 101300.0
[360][1], 101745.0, 101715.0, 101597.5
[360][2], 101362.5, 101270.0, 101467.5
[361][0], 101175.0, 101292.5, 101527.5
[361][1], 101865.0, 101870.0, 101767.5
[361][2], 101510.0, 101442.5, 101575.0
[362][0], 101477.5, 101580.0, 101782.5
[362][1], 101990.0, 102007.5, 101930.0
[362][2], 101637.5, 101625.0, 101760.0
[363][0], 101527.5, 101502.5, 101712.5
[363][1], 102027.5, 102020.0, 101927.5
[363][2], 101600.0, 101627.5, 101772.5
[364][0], 101457.5, 101495.0, 101632.5
[364][1], 101957.5, 101990.0, 101907.5
[364][2], 101472.5, 101527.5, 101722.5

slp.time[365]
1946016.0, 1946040.0, 1946064.0, 1946088.0, 1946112.0, 1946136.0, 1946160.0, 1946184.0, 1946208.0, 1946232.0, 1946256.0, 1946280.0, 1946304.0, 1946328.0, 1946352.0, 1946376.0, 1946400.0, 1946424.0, 1946448.0, 1946472.0, 1946496.0, 1946520.0, 1946544.0, 1946568.0, 1946592.0, 1946616.0, 1946640.0, 1946664.0, 1946688.0, 1946712.0, 1946736.0, 1946760.0, 1946784.0, 1946808.0, 1946832.0, 1946856.0, 1946880.0, 1946904.0, 1946928.0, 1946952.0, 1946976.0, 1947000.0, 1947024.0, 1947048.0, 1947072.0, 1947096.0, 1947120.0, 1947144.0, 1947168.0, 1947192.0, 1947216.0, 1947240.0, 1947264.0, 1947288.0, 1947312.0, 1947336.0, 1947360.0, 1947384.0, 1947408.0, 1947432.0, 1947456.0, 1947480.0, 1947504.0, 1947528.0, 1947552.0, 1947576.0, 1947600.0, 1947624.0, 1947648.0, 1947672.0, 1947696.0, 1947720.0, 1947744.0, 1947768.0, 1947792.0, 1947816.0, 1947840.0, 1947864.0, 1947888.0, 1947912.0, 1947936.0, 1947960.0, 1947984.0, 1948008.0, 1948032.0, 1948056.0, 1948080.0, 1948104.0, 1948128.0, 1948152.0, 1948176.0, 1948200.0, 1948224.0, 1948248.0, 1948272.0, 1948296.0, 1948320.0, 1948344.0, 1948368.0, 1948392.0, 1948416.0, 1948440.0, 1948464.0, 1948488.0, 1948512.0, 1948536.0, 1948560.0, 1948584.0, 1948608.0, 1948632.0, 1948656.0, 1948680.0, 1948704.0, 1948728.0, 1948752.0, 1948776.0, 1948800.0, 1948824.0, 1948848.0, 1948872.0, 1948896.0, 1948920.0, 1948944.0, 1948968.0, 1948992.0, 1949016.0, 1949040.0, 1949064.0, 1949088.0, 1949112.0, 1949136.0, 1949160.0, 1949184.0, 1949208.0, 1949232.0, 1949256.0, 1949280.0, 1949304.0, 1949328.0, 1949352.0, 1949376.0, 1949400.0, 1949424.0, 1949448.0, 1949472.0, 1949496.0, 1949520.0, 1949544.0, 1949568.0, 1949592.0, 1949616.0, 1949640.0, 1949664.0, 1949688.0, 1949712.0, 1949736.0, 1949760.0, 1949784.0, 1949808.0, 1949832.0, 1949856.0, 1949880.0, 1949904.0, 1949928.0, 1949952.0, 1949976.0, 1950000.0, 1950024.0, 1950048.0, 1950072.0, 1950096.0, 1950120.0, 1950144.0, 1950168.0, 1950192.0, 1950216.0, 1950240.0, 1950264.0, 1950288.0, 1950312.0, 1950336.0, 1950360.0, 1950384.0, 1950408.0, 1950432.0, 1950456.0, 1950480.0, 1950504.0, 1950528.0, 1950552.0, 1950576.0, 1950600.0, 1950624.0, 1950648.0, 1950672.0, 1950696.0, 1950720.0, 1950744.0, 1950768.0, 1950792.0, 1950816.0, 1950840.0, 1950864.0, 1950888.0, 1950912.0, 1950936.0, 1950960.0, 1950984.0, 1951008.0, 1951032.0, 1951056.0, 1951080.0, 1951104.0, 1951128.0, 1951152.0, 1951176.0, 1951200.0, 1951224.0, 1951248.0, 1951272.0, 1951296.0, 1951320.0, 1951344.0, 1951368.0, 1951392.0, 1951416.0, 1951440.0, 1951464.0, 1951488.0, 1951512.0, 1951536.0, 1951560.0, 1951584.0, 1951608.0, 1951632.0, 1951656.0, 1951680.0, 1951704.0, 1951728.0, 1951752.0, 1951776.0, 1951800.0, 1951824.0, 1951848.0, 1951872.0, 1951896.0, 1951920.0, 1951944.0, 1951968.0, 1951992.0, 1952016.0, 1952040.0, 1952064.0, 1952088.0, 1952112.0, 1952136.0, 1952160.0, 1952184.0, 1952208.0, 1952232.0, 1952256.0, 1952280.0, 1952304.0, 1952328.0, 1952352.0, 1952376.0, 1952400.0, 1952424.0, 1952448.0, 1952472.0, 1952496.0, 1952520.0, 1952544.0, 1952568.0, 1952592.0, 1952616.0, 1952640.0, 1952664.0, 1952688.0, 1952712.0, 1952736.0, 1952760.0, 1952784.0, 1952808.0, 1952832.0, 1952856.0, 1952880.0, 1952904.0, 1952928.0, 1952952.0, 1952976.0, 1953000.0, 1953024.0, 1953048.0, 1953072.0, 1953096.0, 1953120.0, 1953144.0, 1953168.0, 1953192.0, 1953216.0, 1953240.0, 1953264.0, 1953288.0, 1953312.0, 1953336.0, 1953360.0, 1953384.0, 1953408.0, 1953432.0, 1953456.0, 1953480.0, 1953504.0, 1953528.0, 1953552.0, 1953576.0, 1953600.0, 1953624.0, 1953648.0, 1953672.0, 1953696.0, 1953720.0, 1953744.0, 1953768.0, 1953792.0, 1953816.0, 1953840.0, 1953864.0, 1953888.0, 1953912.0, 1953936.0, 1953960.0, 1953984.0, 1954008.0, 1954032.0, 1954056.0, 1954080.0, 1954104.0, 1954128.0, 1954152.0, 1954176.0, 1954200.0, 1954224.0, 1954248.0, 1954272.0, 1954296.0, 1954320.0, 1954344.0, 1954368.0, 1954392.0, 1954416.0, 1954440.0, 1954464.0, 1954488.0, 1954512.0, 1954536.0, 1954560.0, 1954584.0, 1954608.0, 1954632.0, 1954656.0, 1954680.0, 1954704.0, 1954728.0, 1954752.0

slp.lat[3]
27.5, 25.0, 22.5

slp.lon[3]
85.0, 87.5, 90.0


