Dataset {
    Grid {
     ARRAY:
        Float32 uwnd[time = 365][level = 1][lat = 3][lon = 3];
     MAPS:
        Float64 time[time = 365];
        Float32 level[level = 1];
        Float32 lat[lat = 3];
        Float32 lon[lon = 3];
    } uwnd;
} Datasets/ncep.reanalysis.dailyavgs/pressure/uwnd.2022.nc;
---------------------------------------------
uwnd.uwnd[365][1][3][3]
[0][0][0], 1.4000003, -0.24999964, -2.3749995
[0][0][1], 1.7750003, 0.32500038, -1.3499997
[0][0][2], 1.5500004, 1.2500004, 0.75000036
[1][0][0], 2.650001, 1.2250011, -1.0749989
[1][0][1], 1.8250012, 0.27500117, -1.224999
[1][0][2], 1.9250011, 1.2000011, 0.9500011
[2][0][0], 3.1250007, 2.4000008, 1.0000007
[2][0][1], 2.6250007, 1.5000007, 0.52500075
[2][0][2], 2.0500007, 1.7750008, 2.0250008
[3][0][0], 3.4750006, 2.7500007, 0.30000073
[3][0][1], 2.9500008, 2.2000008, 0.4500008
[3][0][2], 1.9750007, 2.0250008, 1.9000008
[4][0][0], 2.0250003, 2.1000004, 1.0000004
[4][0][1], 3.3750005, 2.6500006, 0.9750004
[4][0][2], 3.6500006, 3.2750006, 2.3250003
[5][0][0], 3.8249998, 4.175, 2.6
[5][0][1], 3.525, 4.15, 3.325
[5][0][2], 2.025, 2.8, 2.9
[6][0][0], 2.4500017, 1.450002, -0.47499806
[6][0][1], 3.025002, 2.5750017, 0.8250019
[6][0][2], 0.6250019, 1.6750019, 1.825002
[7][0][0], 0.8250011, 1.2000012, 0.30000114
[7][0][1], 1.4750011, 2.125001, 1.8500011
[7][0][2], 0.65000117, 1.7500012, 2.5500011
[8][0][0], 1.8750004, 1.6750004, 0.47500038
[8][0][1], 1.5250003, 1.7500004, 1.3750004
[8][0][2], 0.075000376, 0.9250004, 1.8250004
[9][0][0], 0.6250011, -0.12499893, -0.7499988
[9][0][1], 1.3250011, 0.30000114, -0.69999886
[9][0][2], 1.4750011, 0.9750011, 0.47500116
[10][0][0], -0.0999981, -0.2749981, -0.79999816
[10][0][1], 1.2750019, 0.35000187, -0.6499981
[10][0][2], 1.6250019, 0.92500186, 0.40000188
[11][0][0], 2.1750007, 2.1500008, 1.7000008
[11][0][1], 4.7750006, 4.550001, 3.7750008
[11][0][2], 4.8000007, 4.825001, 4.5500007
[12][0][0], 1.925002, 3.100002, 2.9250016
[12][0][1], 5.2000017, 6.050002, 5.375002
[12][0][2], 4.875002, 5.775002, 5.750002
[13][0][0], 0.30000114, 0.52500117, 0.050001115
[13][0][1], 1.2250011, 1.4250011, 0.7000012
[13][0][2], 1.6000011, 2.1500013, 1.9000012
[14][0][0], 0.8750007, 1.5000007, 1.0250008
[14][0][1], 2.6000006, 1.9500008, 0.6750007
[14][0][2], 1.6750008, 1.3500007, 0.8750008
[15][0][0], -1.5999999, -2.3, -2.55
[15][0][1], 1.4749999, -0.075, -1.0
[15][0][2], 3.625, 2.225, 1.2
[16][0][0], -0.14999926, -1.0249994, -2.1749992
[16][0][1], -0.3499992, -1.6749992, -2.2999992
[16][0][2], 1.8000007, 0.3000008, -0.22499926
[17][0][0], 0.90000075, -0.19999921, -0.99999917
[17][0][1], 0.82500076, -0.77499926, -1.3249991
[17][0][2], 2.3000007, 0.42500073, -0.1499992
[18][0][0], 3.3750002, 2.0750003, 0.8500004
[18][0][1], 3.0250003, 1.7500005, 1.0000004
[18][0][2], 3.0250006, 2.1750004, 2.2750006
[19][0][0], 2.6250005, 1.2500005, -0.4499997
[19][0][1], 3.1250002, 2.2750003, 1.5250003
[19][0][2], 4.4500003, 4.3500004, 4.5500007
[20][0][0], 1.9250014, 2.2750015, 2.3500013
[20][0][1], 0.30000153, 0.20000154, 0.7250016
[20][0][2], 2.0000014, 1.2000015, 1.3750015
[21][0][0], 0.15000153, 1.6250014, 1.7000015
[21][0][1], 1.5500015, 2.2500014, 2.3500013
[21][0][2], 3.2250013, 3.4750013, 3.6250017
[22][0][0], -1.424999, -0.24999884, 0.67500114
[22][0][1], 0.050001144, 0.6000011, 1.1500012
[22][0][2], 3.1750011, 3.1750011, 3.150001
[23][0][0], 0.8750007, 0.95000076, 0.85000074
[23][0][1], 2.5250008, 1.8250008, 0.85000074
[23][0][2], 4.225001, 3.9750009, 3.1500008
[24][0][0], 0.77500117, 1.5250012, 1.2250011
[24][0][1], 3.0500011, 2.725001, 1.6000011
[24][0][2], 4.825001, 4.175001, 3.275001
[25][0][0], 2.65, 1.95, 1.5
[25][0][1], 3.9250002, 3.0, 2.1999998
[25][0][2], 4.375, 3.7000003, 3.025
[26][0][0], 4.825001, 3.7000012, 2.5750012
[26][0][1], 5.2750015, 4.000001, 2.7000012
[26][0][2], 5.475001, 4.7750015, 3.975001
[27][0][0], 1.6750011, -0.049998865, -1.5249989
[27][0][1], 3.500001, 1.775001, -0.12499881
[27][0][2], 7.000001, 6.6000013, 5.325001
[28][0][0], 6.5000005, 4.05, 3.5762787E-7
[28][0][1], 5.1000004, 2.5000005, -1.4499997
[28][0][2], 5.4, 4.1250005, 1.8500005
[29][0][0], 4.2750006, 2.4750004, 0.50000036
[29][0][1], 5.4000006, 3.0750003, 0.6500004
[29][0][2], 6.2250004, 4.15, 2.0000005
[30][0][0], 4.725, 3.15, 1.325
[30][0][1], 3.375, 2.4, 1.35
[30][0][2], 4.275, 4.05, 3.525
[31][0][0], 8.150001, 5.4750004, 2.9750004
[31][0][1], 8.575001, 7.1250005, 5.55
[31][0][2], 7.5500007, 7.5750003, 6.825001
[32][0][0], 4.525, 2.725, 0.54999995
[32][0][1], 2.8500001, 2.425, 1.375
[32][0][2], 3.55, 3.8000002, 3.225
[33][0][0], -2.1, 0.12500003, 1.425
[33][0][1], -1.6999999, -0.17499995, 1.1
[33][0][2], 1.75, 1.8500001, 2.1
[34][0][0], 4.125, 1.55, -0.9750001
[34][0][1], 6.7, 4.1, 0.85
[34][0][2], 9.775, 7.625, 4.25
[35][0][0], 4.700001, 3.1750002, 1.5000004
[35][0][1], 6.825001, 6.925, 6.5750003
[35][0][2], 6.8, 8.675, 10.0
[36][0][0], 3.1500025, 0.92500263, -1.2999974
[36][0][1], 3.4500027, 2.0250025, 0.65000266
[36][0][2], 3.8250027, 4.1500025, 4.600003
[37][0][0], 7.650001, 5.925001, 2.6000013
[37][0][1], 5.9500012, 4.7000012, 2.100001
[37][0][2], 3.9250011, 4.300001, 3.8500009
[38][0][0], 4.625001, 3.875001, 2.2000008
[38][0][1], 4.700001, 3.675001, 1.6750008
[38][0][2], 3.500001, 2.9750006, 1.6250008
[39][0][0], 2.225001, 2.4250011, 1.6750011
[39][0][1], 2.4250011, 2.1750011, 1.5000012
[39][0][2], 3.3250012, 2.5500011, 2.0000012
[40][0][0], 5.175002, 4.925002, 3.925002
[40][0][1], 6.050002, 6.175002, 5.4250016
[40][0][2], 5.5750017, 6.050002, 5.650002
[41][0][0], 4.95, 4.6499996, 3.4250002
[41][0][1], 7.65, 7.0249996, 5.6
[41][0][2], 6.7250004, 6.425, 5.825
[42][0][0], 1.6, 0.39999998, -0.875
[42][0][1], 3.9249997, 2.675, 1.5500001
[42][0][2], 5.7999997, 5.2250004, 4.25
[43][0][0], 4.75, 3.4499998, 0.6750001
[43][0][1], 3.25, 1.575, -0.875
[43][0][2], 1.75, 0.275, -1.4499999
[44][0][0], 1.3250009, 0.17500073, -1.2999992
[44][0][1], 3.0500007, 1.4750006, -0.39999926
[44][0][2], 3.3500009, 2.0500007, 0.6000008
[45][0][0], 4.1, 2.825, 1.1
[45][0][1], 4.425, 3.525, 2.2
[45][0][2], 3.4250002, 3.3, 3.025
[46][0][0], 4.525002, 3.0500019, 1.1250019
[46][0][1], 4.250002, 3.4750018, 2.225002
[46][0][2], 4.375002, 4.6000023, 4.400002
[47][0][0], 5.425002, 4.450002, 2.500002
[47][0][1], 5.125002, 4.525002, 2.7000017
[47][0][2], 5.000002, 5.325002, 4.125002
[48][0][0], 6.4250007, 4.875, 2.5000005
[48][0][1], 4.9000006, 4.4000006, 2.7250004
[48][0][2], 4.3500004, 4.8000007, 3.7750006
[49][0][0], 8.275001, 6.7250013, 3.9250011
[49][0][1], 7.675001, 7.1000013, 5.525001
[49][0][2], 6.625001, 7.1000013, 6.6000013
[50][0][0], 9.35, 6.5750003, 4.275
[50][0][1], 10.975, 8.525001, 6.7000003
[50][0][2], 9.799999, 8.275001, 7.375
[51][0][0], 4.7750015, 3.5750012, 2.7250013
[51][0][1], 5.4500017, 4.3000016, 4.000002
[51][0][2], 5.9250016, 5.8000016, 6.2000017
[52][0][0], 1.2750005, 0.60000044, -0.7249997
[52][0][1], -1.5749996, -1.6499995, -1.4999996
[52][0][2], 0.30000037, 0.77500045, 1.1250004
[53][0][0], 2.0750005, 2.5750003, 1.6000004
[53][0][1], 0.7250004, 1.3750005, 1.3500004
[53][0][2], 1.9250004, 2.5250003, 2.9000006
[54][0][0], 1.4250003, 1.5750004, 1.3500004
[54][0][1], 2.9750004, 2.5000005, 2.3500004
[54][0][2], 5.2000003, 4.05, 3.5750005
[55][0][0], 2.5000007, 2.8000007, 2.1250007
[55][0][1], 3.4250007, 4.225001, 3.8000007
[55][0][2], 4.825001, 5.300001, 4.325001
[56][0][0], 1.650001, 2.8250012, 3.275001
[56][0][1], 1.1750011, 2.900001, 3.8000011
[56][0][2], 1.6750011, 3.275001, 3.900001
[57][0][0], 5.325001, 5.400001, 3.7250013
[57][0][1], 4.925001, 5.750001, 5.050001
[57][0][2], 4.375001, 5.275001, 5.375001
[58][0][0], 3.3500009, 3.5500007, 2.6250007
[58][0][1], 6.5500007, 6.425001, 4.875001
[58][0][2], 6.200001, 6.2500005, 5.5250006
[59][0][0], 1.9000008, 1.7750008, 0.5000007
[59][0][1], 2.3000007, 2.1750007, 1.1500007
[59][0][2], 2.3750007, 2.3750007, 2.2250009
[60][0][0], 3.2, 2.475, 0.55
[60][0][1], 2.85, 2.25, 0.77500004
[60][0][2], 2.5, 2.95, 2.875
[61][0][0], 4.750001, 3.3750012, 0.7000012
[61][0][1], 4.3250012, 3.9000013, 2.400001
[61][0][2], 2.6250012, 3.8000011, 4.350001
[62][0][0], 6.8750014, 6.050001, 3.575001
[62][0][1], 5.2000012, 4.900001, 3.3250012
[62][0][2], 2.275001, 3.0500011, 3.275001
[63][0][0], 2.6750016, 2.9000015, 2.6000016
[63][0][1], 5.0000014, 4.6750016, 3.4500015
[63][0][2], 4.6000013, 4.6500015, 3.7500014
[64][0][0], 1.3750015, 1.0250015, -0.74999845
[64][0][1], 1.2000015, 1.0000014, 0.07500155
[64][0][2], 1.0250015, 0.70000154, 0.3000015
[65][0][0], 0.5000011, 0.1750012, -1.5749987
[65][0][1], 0.77500117, 0.42500114, -0.39999884
[65][0][2], 0.22500116, 0.050001156, 0.22500113
[66][0][0], 2.7000008, 3.2000008, 2.7500007
[66][0][1], 1.7000008, 2.0750008, 2.0500007
[66][0][2], 1.5000007, 1.5000007, 1.6000007
[67][0][0], 2.4250011, 1.9500011, 1.4500012
[67][0][1], 2.8250012, 2.2500012, 2.0250013
[67][0][2], 1.9500012, 1.6250012, 1.7250011
[68][0][0], 3.3000007, 2.2500007, 0.8500008
[68][0][1], 4.1000004, 3.2000008, 2.4000006
[68][0][2], 2.925001, 2.4500008, 2.3250008
[69][0][0], 5.0500016, 3.8000016, 1.9750016
[69][0][1], 5.1500015, 3.3250017, 1.3750015
[69][0][2], 2.3000016, 1.5500015, 0.9250015
[70][0][0], 2.4250016, 1.8750015, 0.70000154
[70][0][1], 3.9000015, 2.1750016, 0.7250015
[70][0][2], 2.9250016, 2.0750015, 1.8250015
[71][0][0], 1.6000015, 0.17500158, -1.5999986
[71][0][1], 4.6000013, 3.5000014, 1.8500016
[71][0][2], 3.6000013, 3.9500017, 4.0000014
[72][0][0], 0.22500071, 0.07500073, -0.5249992
[72][0][1], 2.9250007, 2.7000008, 2.3750007
[72][0][2], 3.800001, 3.8750007, 4.5250006
[73][0][0], 2.9750013, 2.275001, 0.65000117
[73][0][1], 3.5000012, 2.600001, 1.7000012
[73][0][2], 2.7250013, 2.9750013, 3.950001
[74][0][0], -0.8249985, -0.5749985, 0.17500156
[74][0][1], 2.4500017, 1.9750016, 2.3750014
[74][0][2], 3.5250015, 3.0250015, 3.3500013
[75][0][0], -2.025, -0.099999964, 0.32499987
[75][0][1], 0.25000003, 2.0, 3.0
[75][0][2], 0.9, 1.375, 1.9250001
[76][0][0], -0.72499925, 1.6000009, 2.2000008
[76][0][1], -0.24999923, 2.2250006, 3.4500008
[76][0][2], 0.6500008, 1.7250007, 2.3000007
[77][0][0], 1.6250007, 2.2250009, 1.9250007
[77][0][1], 2.5250008, 2.9500008, 2.9000008
[77][0][2], 3.0000007, 3.4250007, 3.7000008
[78][0][0], 4.300001, 3.9500012, 3.1000009
[78][0][1], 2.525001, 1.9250011, 1.7000012
[78][0][2], 1.3500011, 1.3500011, 1.8500011
[79][0][0], 4.950001, 4.925001, 4.175001
[79][0][1], 3.9250011, 3.875001, 3.650001
[79][0][2], 1.9500012, 2.150001, 2.4250011
[80][0][0], 3.6000018, 3.7250013, 3.3000016
[80][0][1], 3.3500013, 3.2750013, 2.7000015
[80][0][2], 1.0000015, 0.32500154, -0.9499985
[81][0][0], 4.6000013, 3.6000013, 2.1500015
[81][0][1], 4.6250014, 3.3500013, 1.8750015
[81][0][2], 2.4750016, 2.1250014, 1.6500015
[82][0][0], 7.4000015, 6.550001, 5.250001
[82][0][1], 7.8250017, 7.2250013, 6.600001
[82][0][2], 5.950001, 6.925001, 7.8250012
[83][0][0], 9.000001, 8.35, 6.750001
[83][0][1], 8.975001, 9.225, 9.025001
[83][0][2], 7.8000007, 9.075001, 9.950001
[84][0][0], 7.1750007, 6.2750006, 5.200001
[84][0][1], 8.900002, 8.650001, 8.150001
[84][0][2], 7.5250006, 8.375001, 8.825001
[85][0][0], 3.775001, 3.900001, 3.2500012
[85][0][1], 3.5000012, 2.8750012, 2.850001
[85][0][2], 3.525001, 2.850001, 3.1750011
[86][0][0], 4.800002, 4.050002, 3.0250018
[86][0][1], 4.725002, 3.775002, 2.9750018
[86][0][2], 5.9500017, 5.525002, 5.1000023
[87][0][0], 3.1500018, 1.6000019, 0.57500196
[87][0][1], 2.6500018, 0.9750019, 0.050001904
[87][0][2], 5.000002, 4.375002, 4.0750017
[88][0][0], 3.7000015, 2.5500016, 1.8750015
[88][0][1], 2.9500015, 2.4000015, 2.2000015
[88][0][2], 4.3500013, 4.6500015, 4.6500015
[89][0][0], 3.65, 3.15, 2.375
[89][0][1], 3.5500002, 3.6, 3.7
[89][0][2], 4.8, 5.25, 5.5
[90][0][0], 1.6500008, 2.000001, 1.9750009
[90][0][1], 3.7000008, 3.7250009, 4.1250005
[90][0][2], 6.500001, 5.700001, 5.8000007
[91][0][0], -0.7249996, 0.30000037, 0.9000004
[91][0][1], -0.49999964, -0.12499964, 3.5762787E-7
[91][0][2], 3.5250006, 3.2250004, 2.2250004
[92][0][0], 2.400001, 3.125001, 3.6250012
[92][0][1], 1.9750011, 2.7000012, 3.1000013
[92][0][2], 4.575001, 5.2250013, 4.6000013
[93][0][0], 4.675, 4.3250003, 4.375
[93][0][1], 5.9250007, 6.4, 7.1250005
[93][0][2], 6.4000006, 7.0250006, 7.200001
[94][0][0], 4.6250014, 4.5500016, 4.250002
[94][0][1], 4.6500015, 4.6250014, 4.925002
[94][0][2], 4.3250017, 4.1250014, 4.4250016
[95][0][0], 2.525002, 2.000002, 1.4750018
[95][0][1], 3.2750018, 2.9250019, 2.6000018
[95][0][2], 3.925002, 3.6750019, 3.575002
[96][0][0], 2.0000007, 2.2000008, 1.8000008
[96][0][1], 2.7000008, 2.8500009, 2.4000006
[96][0][2], 2.5500007, 3.0500007, 3.1000009
[97][0][0], 3.7250009, 3.9250007, 3.3750007
[97][0][1], 6.350001, 6.650001, 5.7750006
[97][0][2], 6.625001, 7.100001, 6.225001
[98][0][0], 3.900001, 3.875001, 3.525001
[98][0][1], 5.625001, 5.6000013, 5.1000013
[98][0][2], 7.1000013, 7.475001, 6.925001
[99][0][0], 2.175002, 2.325002, 2.125002
[99][0][1], 4.850002, 4.300002, 3.325002
[99][0][2], 6.250002, 5.5750017, 4.425002
[100][0][0], 1.5000012, 1.4250011, 1.3750011
[100][0][1], 3.2750013, 3.775001, 4.400001
[100][0][2], 4.9500012, 5.675001, 6.425001
[101][0][0], 2.0500016, 1.8000016, 1.4750016
[101][0][1], 2.8500013, 3.5500016, 4.0750017
[101][0][2], 3.2000017, 4.5250015, 5.8500013
[102][0][0], 4.850002, 5.0000014, 4.5000014
[102][0][1], 4.9250016, 5.4500017, 5.2500014
[102][0][2], 6.1500015, 6.9750013, 6.7750015
[103][0][0], 8.300001, 7.8000016, 6.900001
[103][0][1], 8.375001, 8.975001, 9.275001
[103][0][2], 7.275001, 8.500001, 9.675001
[104][0][0], 7.675001, 6.8250012, 5.525001
[104][0][1], 9.200001, 8.825002, 8.225001
[104][0][2], 7.750001, 8.300001, 8.650002
[105][0][0], 4.300001, 3.3750014, 2.5000014
[105][0][1], 6.0250015, 5.050001, 4.2500014
[105][0][2], 6.9250016, 7.0250015, 6.9000015
[106][0][0], 3.1750011, 3.1250012, 2.6750011
[106][0][1], 5.0750012, 5.0250015, 4.9500012
[106][0][2], 5.425001, 6.2250013, 6.750001
[107][0][0], 2.125, 1.95, 1.625
[107][0][1], 3.925, 3.4, 3.1
[107][0][2], 4.35, 4.6249995, 5.525
[108][0][0], 3.0500011, 2.3500013, 1.075001
[108][0][1], 4.800001, 4.425001, 3.8250012
[108][0][2], 4.8250012, 5.050001, 5.525001
[109][0][0], 3.1250007, 1.2000008, -0.92499924
[109][0][1], 3.800001, 2.775001, 1.6750008
[109][0][2], 4.200001, 5.000001, 5.9000006
[110][0][0], 2.1500006, 2.3000007, 1.6750007
[110][0][1], 2.5250008, 3.125001, 3.2250009
[110][0][2], 4.675001, 6.0250006, 7.0250006
[111][0][0], 7.3500004, 6.3250003, 4.575001
[111][0][1], 6.0250006, 6.075001, 5.6000004
[111][0][2], 4.9000006, 6.3000007, 6.950001
[112][0][0], 8.125001, 7.000001, 5.3000007
[112][0][1], 7.625001, 6.675001, 5.450001
[112][0][2], 5.375001, 5.700001, 5.7750006
[113][0][0], 7.9000006, 7.6500006, 6.475001
[113][0][1], 9.075001, 8.600001, 7.8750005
[113][0][2], 6.925001, 6.3000007, 6.175001
[114][0][0], 5.725001, 4.7250013, 3.750001
[114][0][1], 7.2000012, 6.7000012, 6.275001
[114][0][2], 5.9500012, 5.9750013, 6.075001
[115][0][0], 5.3000016, 5.350002, 4.4750013
[115][0][1], 5.9000015, 6.425001, 6.3750014
[115][0][2], 5.1000013, 5.5250015, 5.6500015
[116][0][0], 4.0750003, 3.575, 2.7500002
[116][0][1], 5.7499995, 5.125, 4.4249997
[116][0][2], 5.55, 5.225, 4.4999995
[117][0][0], 2.3000023, 2.2250023, 1.6000023
[117][0][1], 3.3000026, 3.4000022, 3.0250025
[117][0][2], 5.300002, 6.0250025, 5.6500025
[118][0][0], 2.7500005, 2.2750006, 1.1000004
[118][0][1], 5.200001, 4.7500005, 3.65
[118][0][2], 6.450001, 6.3500004, 5.55
[119][0][0], -1.5999995, -1.2999996, 0.1750004
[119][0][1], 0.7250004, 0.7000004, 1.7000004
[119][0][2], 4.6000004, 3.8500004, 3.7000003
[120][0][0], -0.3999988, -0.57499886, -0.074998856
[120][0][1], 0.37500116, 1.1000011, 2.100001
[120][0][2], 3.2000012, 3.7500012, 4.4750013
[121][0][0], 0.90000117, 1.3750012, 1.2500011
[121][0][1], 0.72500116, 1.4750011, 1.6500012
[121][0][2], 2.525001, 3.0250013, 2.6250012
[122][0][0], -0.97499883, 0.62500113, 1.7750012
[122][0][1], 0.050001144, 1.6500012, 3.0750012
[122][0][2], 2.5000012, 3.650001, 4.0750012
[123][0][0], -0.37500012, -0.47499996, -0.6500001
[123][0][1], 1.175, 1.625, 2.05
[123][0][2], 3.8250003, 4.675, 4.85
[124][0][0], 3.250001, 2.150001, 1.3000011
[124][0][1], 2.350001, 2.125001, 2.750001
[124][0][2], 2.0000012, 2.9750013, 4.325001
[125][0][0], 0.7000008, -0.22499919, -0.49999917
[125][0][1], -0.29999924, -0.39999923, -0.09999922
[125][0][2], 0.45000076, 1.5000008, 2.0000007
[126][0][0], 0.3000008, -0.4499992, -0.47499937
[126][0][1], 1.0250008, 1.1250008, 1.4000008
[126][0][2], 0.37500075, 1.6750007, 2.750001
[127][0][0], -0.3999989, -0.6499988, -0.77499896
[127][0][1], 1.2000011, 1.9750012, 2.525001
[127][0][2], -0.5749989, 0.32500118, 1.150001
[128][0][0], -0.5749999, 2.175, 3.125
[128][0][1], -1.9749999, 1.15, 3.3250003
[128][0][2], -5.425, -3.4250002, -0.75000006
[129][0][0], 0.25, 2.15, 3.05
[129][0][1], -0.55, 2.825, 4.825
[129][0][2], -4.4, 0.22499996, 3.3
[130][0][0], -0.3499986, 2.1500015, 3.5500016
[130][0][1], 0.9000015, 4.6750016, 7.3500013
[130][0][2], 0.3250015, 4.9000015, 7.6500015
[131][0][0], 0.72500116, 3.5500011, 4.650001
[131][0][1], 2.1000013, 5.5750012, 7.300001
[131][0][2], 4.5000014, 7.5750012, 8.600001
[132][0][0], 1.8250008, 2.9250007, 3.925001
[132][0][1], 3.950001, 6.1500006, 7.700001
[132][0][2], 5.6500006, 8.550001, 10.300001
[133][0][0], 3.3250003, 3.7250004, 4.0000005
[133][0][1], 6.825001, 7.9500003, 8.875
[133][0][2], 7.5750003, 9.0, 10.325001
[134][0][0], 2.6750004, 3.3000004, 4.0500007
[134][0][1], 4.9250007, 6.8, 8.85
[134][0][2], 6.7000003, 8.400001, 10.225
[135][0][0], 3.4500017, 3.5000017, 3.925002
[135][0][1], 5.975002, 5.800002, 6.3250017
[135][0][2], 7.7000017, 7.475002, 7.375002
[136][0][0], 4.9000006, 4.800001, 5.0250006
[136][0][1], 6.1500006, 6.375001, 7.000001
[136][0][2], 5.575001, 6.525001, 7.500001
[137][0][0], 3.4500012, 3.9000013, 3.775001
[137][0][1], 4.750001, 5.8250012, 6.625001
[137][0][2], 4.7250013, 5.750001, 6.500001
[138][0][0], 5.4500017, 5.3750014, 5.1500015
[138][0][1], 5.6500015, 6.5000014, 6.9500017
[138][0][2], 4.4500017, 6.3000016, 6.750002
[139][0][0], 4.9750013, 4.7500014, 4.2250013
[139][0][1], 5.050001, 5.175001, 4.775001
[139][0][2], 5.3250012, 5.750001, 5.3500013
[140][0][0], 5.425, 4.2250004, 2.6750004
[140][0][1], 6.9000006, 7.125, 6.925
[140][0][2], 6.4, 6.950001, 7.5
[141][0][0], 5.1500006, 6.3, 5.6250005
[141][0][1], 3.2250004, 4.5000005, 5.375
[141][0][2], 1.7500004, 2.1750004, 3.6750004
[142][0][0], 1.8000016, 1.6000015, 1.1500015
[142][0][1], 0.17500153, 0.8500015, 1.6250015
[142][0][2], 1.3000015, 1.8750015, 2.7750015
[143][0][0], -0.99999857, -0.6999985, -0.049998462
[143][0][1], 0.37500155, 0.8500016, 0.9000015
[143][0][2], 2.7500014, 3.1750014, 2.8250015
[144][0][0], 4.375001, 3.2250009, 2.6750007
[144][0][1], 2.9500008, 2.7000008, 3.0500007
[144][0][2], 0.5500008, 1.3500007, 2.6250007
[145][0][0], 4.125001, 4.0500007, 4.125001
[145][0][1], 4.700001, 5.1750007, 5.6750007
[145][0][2], 4.3500004, 5.125001, 5.975001
[146][0][0], 5.775, 3.5750003, 2.3
[146][0][1], 6.425, 4.825, 4.075
[146][0][2], 5.9249997, 5.625, 5.95
[147][0][0], 3.100001, 2.625001, 2.575001
[147][0][1], 4.125001, 3.0000012, 2.625001
[147][0][2], 5.6500015, 4.8500013, 4.550001
[148][0][0], 2.875002, 2.375002, 2.200002
[148][0][1], 3.650002, 3.500002, 3.600002
[148][0][2], 5.3250017, 5.7000017, 5.800002
[149][0][0], 2.2000008, 2.1500006, 2.7000008
[149][0][1], 1.6250007, 1.9000008, 2.5250006
[149][0][2], 2.4000008, 3.1250007, 3.7000008
[150][0][0], 3.3250008, 2.7250009, 2.3750007
[150][0][1], 2.5000007, 2.6500008, 3.1750007
[150][0][2], 2.050001, 2.6750007, 3.6250007
[151][0][0], 2.8750012, 3.225001, 3.4250011
[151][0][1], 1.3250012, 1.925001, 2.9750013
[151][0][2], 0.8750011, 1.4250011, 2.775001
[152][0][0], 3.2250018, 3.7250018, 4.550002
[152][0][1], 1.150002, 2.025002, 3.9750018
[152][0][2], 0.8250019, 1.6000018, 3.7750018
[153][0][0], 2.7750013, 1.8750012, 2.1750011
[153][0][1], 1.7250011, 1.3500011, 2.7000012
[153][0][2], 2.150001, 3.1000013, 5.2750015
[154][0][0], 4.100002, 4.4000015, 5.2750015
[154][0][1], 2.6500015, 3.4000015, 5.4750013
[154][0][2], 2.4250016, 3.4000015, 5.3250017
[155][0][0], 2.5000007, 3.0500007, 4.5500007
[155][0][1], 2.2750006, 3.4750006, 5.9250007
[155][0][2], 3.3000007, 4.2750006, 5.825001
[156][0][0], 1.7250007, 1.4750007, 2.7000008
[156][0][1], 2.6250007, 2.5250006, 4.000001
[156][0][2], 4.500001, 4.0750003, 4.8000007
[157][0][0], 2.5000005, 1.7250004, 1.8250004
[157][0][1], 2.1000004, 1.9250004, 3.025
[157][0][2], 2.8250003, 3.0000005, 4.0250006
[158][0][0], 4.550001, 3.5250008, 2.9000008
[158][0][1], 3.7000008, 2.9500005, 3.0500007
[158][0][2], 3.6500008, 3.5250006, 3.8500009
[159][0][0], 6.0, 5.625, 5.1499996
[159][0][1], 4.3, 3.475, 3.55
[159][0][2], 4.1, 3.2749999, 3.575
[160][0][0], 6.1750007, 6.3, 6.4000006
[160][0][1], 5.575001, 5.775, 6.4
[160][0][2], 5.8, 5.6000004, 5.7250004
[161][0][0], 5.500002, 5.3250017, 5.100002
[161][0][1], 5.7000017, 5.375002, 5.4250016
[161][0][2], 6.875002, 5.525002, 4.7000017
[162][0][0], 4.725001, 4.725001, 4.6750007
[162][0][1], 5.8500004, 5.725001, 5.625001
[162][0][2], 5.8500013, 5.625001, 5.5500007
[163][0][0], 7.9750004, 7.4000006, 6.7750006
[163][0][1], 9.575001, 9.650001, 9.75
[163][0][2], 6.0000005, 6.3000007, 7.075
[164][0][0], 6.175, 6.0750003, 6.675
[164][0][1], 8.45, 8.5, 9.375
[164][0][2], 6.625, 6.55, 7.2
[165][0][0], 7.25, 6.325, 5.575
[165][0][1], 9.375, 9.049999, 8.85
[165][0][2], 7.325, 7.8250003, 8.45
[166][0][0], 8.175001, 6.725001, 5.3750005
[166][0][1], 8.100001, 8.675001, 9.075001
[166][0][2], 5.675001, 7.7250013, 9.400001
[167][0][0], 7.5250006, 7.575001, 7.8750005
[167][0][1], 9.800001, 10.700001, 11.625001
[167][0][2], 9.600001, 11.075001, 12.175001
[168][0][0], 8.375, 8.8, 8.725
[168][0][1], 9.675, 10.549999, 11.1
[168][0][2], 8.85, 10.35, 11.7
[169][0][0], 8.875002, 8.375002, 7.775001
[169][0][1], 9.850001, 10.300001, 10.450001
[169][0][2], 7.7250013, 9.425001, 10.875
[170][0][0], 7.200001, 6.8250012, 6.3250012
[170][0][1], 7.8500013, 8.000002, 8.325002
[170][0][2], 6.600001, 7.200001, 8.600001
[171][0][0], 2.5500007, 3.1500008, 3.1750007
[171][0][1], 1.8000007, 2.4000008, 2.9250007
[171][0][2], 2.7250009, 3.4000006, 4.1750007
[172][0][0], 0.9000004, 0.8000004, 1.4750004
[172][0][1], -0.57499963, -0.4499996, 0.6000004
[172][0][2], -0.12499963, 0.7500004, 1.8500004
[173][0][0], 0.3500015, 1.5497208E-6, 0.7250016
[173][0][1], -0.0749985, 0.5500015, 2.1500015
[173][0][2], 2.5750017, 3.4500015, 4.6250014
[174][0][0], 2.850001, 2.525001, 2.7000012
[174][0][1], 1.1750011, 1.900001, 3.3750012
[174][0][2], 2.2500012, 2.7500012, 3.8000011
[175][0][0], 0.77500075, 1.2250007, 1.6000006
[175][0][1], -1.1499993, -0.97499925, -0.19999924
[175][0][2], 0.45000076, 0.42500076, 0.8750008
[176][0][0], 0.30000114, 2.0500011, 2.9500012
[176][0][1], -0.52499884, 1.4000012, 2.9250011
[176][0][2], -0.37499884, 0.55000114, 1.5250013
[177][0][0], 3.675001, 5.150001, 5.5250015
[177][0][1], 3.225001, 4.8250012, 6.200001
[177][0][2], 0.9500012, 1.3750012, 2.5750012
[178][0][0], 5.0250015, 4.9500017, 4.750002
[178][0][1], 4.6250014, 5.350002, 6.4000015
[178][0][2], 2.3000016, 2.5250018, 3.7750015
[179][0][0], 5.8000016, 4.8250017, 4.350002
[179][0][1], 3.000002, 2.7250018, 3.975002
[179][0][2], 0.3250019, 0.50000197, 2.4750018
[180][0][0], 4.675001, 3.5250006, 2.7500007
[180][0][1], 1.6500008, 1.3750007, 2.1500008
[180][0][2], 0.27500075, 0.6750008, 2.1250007
[181][0][0], 2.6250007, 1.2000008, 0.47500074
[181][0][1], 3.6000009, 2.2750008, 2.3000007
[181][0][2], 2.4000006, 1.8750007, 3.0250006
[182][0][0], 1.1250007, -0.9749992, -1.8249992
[182][0][1], 1.2000008, -0.54999924, -0.4499992
[182][0][2], 0.72500074, 0.30000076, 1.7250009
[183][0][0], -0.1999996, -0.7999996, -0.34999964
[183][0][1], -0.8249996, -1.6499996, -0.5249996
[183][0][2], -1.1499996, -1.5249996, 0.32500038
[184][0][0], -2.549999, -1.7999989, -0.47499883
[184][0][1], -2.1249988, -2.4499989, -1.1249988
[184][0][2], -0.94999886, -2.2499988, -1.0499989
[185][0][0], -2.5999985, -2.4499984, -1.9249985
[185][0][1], -4.3999987, -4.524998, -3.5499983
[185][0][2], -3.5499983, -4.324999, -3.0749984
[186][0][0], -2.899999, -1.2499988, 0.55000114
[186][0][1], -6.2999988, -4.2749987, -1.1999987
[186][0][2], -4.724999, -3.4999988, -0.8249988
[187][0][0], -1.4999988, 0.6000012, 2.5500011
[187][0][1], -4.8499985, -3.024999, 0.15000117
[187][0][2], -4.2749987, -3.7499988, -0.9499988
[188][0][0], 0.57500076, 2.3750007, 3.8750007
[188][0][1], -3.2749994, -1.7749991, 1.0000007
[188][0][2], -5.274999, -4.874999, -1.9999992
[189][0][0], 0.4250008, 1.8000008, 2.7500007
[189][0][1], -5.8999987, -4.399999, -1.6249993
[189][0][2], -8.999999, -8.15, -5.024999
[190][0][0], -0.47499886, 0.8250011, 1.1250012
[190][0][1], -7.574999, -5.099999, -2.099999
[190][0][2], -9.224999, -6.5999985, -2.099999
[191][0][0], -1.0749985, -0.2749985, 0.32500154
[191][0][1], -7.9999986, -7.499998, -4.9249988
[191][0][2], -8.524999, -8.374998, -4.749999
[192][0][0], -1.6499984, -1.1749985, -0.4999985
[192][0][1], -9.724998, -8.949999, -6.5499988
[192][0][2], -9.699998, -9.399999, -6.4499984
[193][0][0], -2.0999985, -1.7499985, -1.1999985
[193][0][1], -11.799999, -10.974998, -8.674999
[193][0][2], -12.274998, -11.924997, -9.324998
[194][0][0], -5.649999, -4.0999985, -1.974999
[194][0][1], -12.374999, -11.799999, -9.199999
[194][0][2], -9.324999, -9.699999, -7.7499986
[195][0][0], -3.9499984, -2.2499983, -0.52499855
[195][0][1], -9.849999, -10.074998, -8.374998
[195][0][2], -6.6749983, -8.874998, -8.349998
[196][0][0], -4.0999994, -2.8249993, -0.6999992
[196][0][1], -6.7249994, -6.8749995, -5.274999
[196][0][2], -3.5249991, -5.349999, -5.1999993
[197][0][0], -3.4749985, -0.4499985, 2.7000017
[197][0][1], -7.1499987, -4.6749988, -0.9249985
[197][0][2], -5.3749986, -4.524998, -1.8499984
[198][0][0], -1.65, 0.5, 1.925
[198][0][1], -1.9, 1.375, 3.7000003
[198][0][2], 1.25, 3.6, 5.5249996
[199][0][0], 0.32500076, 0.7500007, 1.1750008
[199][0][1], 3.5250008, 3.9750009, 4.7250013
[199][0][2], 7.0500007, 6.950001, 6.9750004
[200][0][0], 2.1750011, 0.75000113, -0.09999889
[200][0][1], 2.250001, 1.1750011, 1.2250011
[200][0][2], 4.925001, 4.475001, 4.725001
[201][0][0], -0.8749992, -1.4499992, -1.5499991
[201][0][1], -0.19999921, -0.9249991, -1.0749992
[201][0][2], 2.300001, 2.2000008, 1.8000008
[202][0][0], -3.1499994, -3.3499992, -2.999999
[202][0][1], -4.774999, -4.649999, -3.3499994
[202][0][2], -2.3499992, -1.9749993, -0.8749992
[203][0][0], -3.4749987, -2.5749989, -1.224999
[203][0][1], -6.4249988, -4.799999, -1.7249987
[203][0][2], -3.6999989, -1.8499988, 1.5000012
[204][0][0], -2.1999993, -0.17499924, 1.3250008
[204][0][1], -2.7499993, -1.1249993, 0.85000074
[204][0][2], 0.22500086, 0.60000074, 1.8250008
[205][0][0], -1.9499987, -0.27499878, 1.0250012
[205][0][1], -0.6249988, 0.92500114, 2.500001
[205][0][2], 0.7000012, 1.7750012, 3.2250013
[206][0][0], 1.8750005, 2.3250003, 2.4500003
[206][0][1], 3.0000005, 3.6000004, 3.8000002
[206][0][2], 1.3000003, 1.8750005, 2.3000002
[207][0][0], 2.9250002, 2.85, 2.875
[207][0][1], 4.325, 4.425, 4.2
[207][0][2], 3.4500003, 3.95, 3.575
[208][0][0], 4.425002, 3.8500018, 3.1750019
[208][0][1], 6.050002, 5.750002, 5.125002
[208][0][2], 4.750002, 4.900002, 4.475002
[209][0][0], 4.225001, 4.0250006, 3.6250007
[209][0][1], 4.925001, 4.550001, 4.175001
[209][0][2], 4.150001, 3.925001, 3.3250008
[210][0][0], 6.9000006, 5.1000004, 3.8000004
[210][0][1], 6.1000004, 4.9000006, 4.3250003
[210][0][2], 4.025, 4.7000003, 5.2500005
[211][0][0], 7.375, 5.925, 4.4750004
[211][0][1], 7.9250007, 7.1, 6.05
[211][0][2], 6.6000004, 7.175001, 7.3250003
[212][0][0], 7.9500012, 6.4500012, 4.9500012
[212][0][1], 6.2750015, 5.4750013, 5.050001
[212][0][2], 4.075001, 4.6000013, 5.175001
[213][0][0], 5.7750015, 4.500001, 3.0750012
[213][0][1], 2.8750012, 1.9000012, 1.8000011
[213][0][2], 0.025001138, 0.025001153, 1.3000011
[214][0][0], 1.7750012, 0.9000011, 0.55000114
[214][0][1], -0.32499886, -0.84999883, -0.2249988
[214][0][2], -2.049999, -1.8999989, -0.5499989
[215][0][0], -0.1749981, -0.049998045, 1.075002
[215][0][1], -1.4249982, -1.8249981, -0.574998
[215][0][2], -2.6999981, -3.2749982, -2.0749981
[216][0][0], 1.8250023, 1.2750022, 1.1750022
[216][0][1], 0.5000024, -0.7249977, -0.124997675
[216][0][2], -1.8499975, -2.6749976, -0.87499774
[217][0][0], 2.1750016, 0.75000155, -0.024998486
[217][0][1], -1.0249984, -3.1749983, -3.8999984
[217][0][2], -3.2999985, -4.9999986, -4.7249985
[218][0][0], -0.17499885, -0.87499887, -0.39999887
[218][0][1], -6.974999, -7.549999, -5.824999
[218][0][2], -9.474998, -9.449999, -6.524999
[219][0][0], -3.8499985, -4.6499987, -3.8499985
[219][0][1], -11.549999, -11.149998, -8.199999
[219][0][2], -11.474998, -10.049999, -6.074999
[220][0][0], -8.299999, -7.2, -4.025
[220][0][1], -14.224999, -12.875, -8.425
[220][0][2], -7.95, -7.2000003, -3.95
[221][0][0], -8.875, -6.8, -3.5
[221][0][1], -10.574999, -9.5, -6.275
[221][0][2], -0.125, -1.075, -0.35000002
[222][0][0], -5.949999, -5.1249986, -3.024999
[222][0][1], -5.1499987, -5.224999, -3.3499992
[222][0][2], 4.300001, 2.8750012, 2.900001
[223][0][0], -3.3999991, -3.3749988, -1.824999
[223][0][1], -1.9999988, -3.974999, -3.4249988
[223][0][2], 5.050001, 1.6500012, 0.8250011
[224][0][0], -1.8999991, -3.699999, -3.1499991
[224][0][1], -4.6999993, -9.15, -9.25
[224][0][2], 0.17500073, -5.049999, -6.074999
[225][0][0], -5.2999988, -4.349999, -1.6499989
[225][0][1], -11.674999, -11.174998, -7.2499986
[225][0][2], -5.124999, -5.9749985, -3.7749987
[226][0][0], -8.749998, -3.4999986, 1.3000016
[226][0][1], -7.199999, -3.7249985, 0.70000154
[226][0][2], 3.2750015, 3.0250015, 4.4750013
[227][0][0], 0.6500008, 1.1750008, 1.5750008
[227][0][1], 4.3750005, 3.7500005, 3.375001
[227][0][2], 8.200002, 7.100001, 6.350001
[228][0][0], 3.8000004, 2.4750004, 1.0750004
[228][0][1], 4.5750003, 2.7000003, 1.0750004
[228][0][2], 5.6000004, 4.6000004, 3.6750002
[229][0][0], 4.0, 0.475, -1.5
[229][0][1], 5.0, 1.0, -1.4000001
[229][0][2], 4.9500003, 2.4, 0.875
[230][0][0], 1.0750011, -3.0749989, -4.4999986
[230][0][1], -2.8249989, -7.949999, -9.124998
[230][0][2], -1.1499989, -4.574999, -5.149999
[231][0][0], -3.6749997, -2.8999999, -0.94999963
[231][0][1], -7.5, -6.7249994, -3.5749996
[231][0][2], -0.9749997, -1.3249996, 0.35000038
[232][0][0], -5.7749987, -2.6999986, -0.07499844
[232][0][1], -5.8249984, -4.074999, -1.7499986
[232][0][2], 2.5500016, 1.4750016, 1.4000015
[233][0][0], -2.6499991, -1.1499993, -0.49999923
[233][0][1], -1.9999992, -1.6749994, -1.7749991
[233][0][2], 3.5500007, 2.2250009, 1.1500008
[234][0][0], -1.3749985, -2.4999986, -2.4249985
[234][0][1], -0.64999855, -2.9999986, -3.5999985
[234][0][2], 1.8500016, -0.099998474, -0.7249985
[235][0][0], -2.399999, -2.049999, -0.6249989
[235][0][1], -3.224999, -3.399999, -2.3999987
[235][0][2], 1.1324883E-6, -0.29999888, -0.19999886
[236][0][0], -2.324999, -1.6999993, 0.4000008
[236][0][1], 0.25000077, 0.5500007, 1.8000008
[236][0][2], 3.0250008, 3.3000007, 3.4250007
[237][0][0], 1.8750012, 1.1000011, 1.3750011
[237][0][1], 2.5750012, 2.5250013, 3.400001
[237][0][2], 2.875001, 3.775001, 5.0250015
[238][0][0], 3.775001, 1.5000012, 1.0250012
[238][0][1], 3.2000012, 1.8250012, 1.8500012
[238][0][2], 3.2000012, 3.9500012, 4.800001
[239][0][0], 5.5000005, 3.4500008, 2.0250006
[239][0][1], 2.0250006, 1.4000008, 0.9000008
[239][0][2], 0.17500077, 1.1250007, 1.6750007
[240][0][0], 4.3750005, 4.175, 3.8750002
[240][0][1], 1.6000004, 2.1750004, 2.4000006
[240][0][2], -0.5749996, 0.75000036, 1.5250003
[241][0][0], 6.150001, 5.7250013, 5.475001
[241][0][1], 3.475001, 3.7250009, 4.125001
[241][0][2], 0.60000116, 1.1000011, 1.750001
[242][0][0], 6.8500023, 5.9500027, 5.200002
[242][0][1], 5.125002, 5.175002, 5.125002
[242][0][2], 1.3000023, 1.7750022, 2.2250023
[243][0][0], 6.4250016, 5.3000016, 4.3750014
[243][0][1], 4.750002, 4.7250013, 4.3000016
[243][0][2], 2.3500013, 3.1250014, 3.1500015
[244][0][0], 8.175001, 6.9000015, 5.775001
[244][0][1], 6.9250016, 6.050001, 4.925001
[244][0][2], 3.3250012, 3.5000012, 3.250001
[245][0][0], 7.500002, 4.5250015, 2.4250014
[245][0][1], 8.100001, 6.4500012, 4.8750014
[245][0][2], 6.5250015, 6.8000016, 6.3750014
[246][0][0], 5.450001, 3.6000013, 3.325001
[246][0][1], 4.650001, 3.7000012, 3.9250011
[246][0][2], 4.6000013, 4.7000012, 4.9500012
[247][0][0], 3.1750011, 1.7000011, 1.3250011
[247][0][1], 1.6750011, 1.1750011, 1.4750012
[247][0][2], 2.6500013, 2.900001, 2.975001
[248][0][0], 3.0000005, 2.0750003, 1.4750004
[248][0][1], 0.35000038, 0.025000412, -0.049999654
[248][0][2], -0.6499996, -0.5499996, -0.32499957
[249][0][0], 1.1500012, 0.8750012, 0.5750012
[249][0][1], -1.349999, -1.2749989, -1.4499987
[249][0][2], -4.749999, -5.374999, -5.724999
[250][0][0], 1.3500007, 1.2500007, 0.95000076
[250][0][1], -4.0249996, -3.6999993, -2.9999993
[250][0][2], -9.299999, -9.349999, -8.324999
[251][0][0], 1.5500004, 0.2500004, -0.8249996
[251][0][1], -3.6249995, -4.0499997, -3.8999996
[251][0][2], -9.2, -8.65, -6.95
[252][0][0], -0.22499885, -1.4749988, -1.8749989
[252][0][1], -7.5499988, -6.824999, -4.1749988
[252][0][2], -11.224998, -8.499999, -3.599999
[253][0][0], -2.5749989, -1.4999989, -0.34999886
[253][0][1], -9.849998, -6.6499987, -2.6499987
[253][0][2], -8.224998, -4.7999988, -0.4499989
[254][0][0], -4.6499987, -2.8249993, -1.0749992
[254][0][1], -7.6749997, -4.124999, -0.39999914
[254][0][2], 0.15000081, 2.7250009, 5.1500006
[255][0][0], -4.099999, -2.3999991, -0.7249992
[255][0][1], -2.3249993, -0.4499992, 1.7000008
[255][0][2], 6.200001, 6.825001, 7.8
[256][0][0], -0.22499812, 0.5000019, 1.275002
[256][0][1], 2.525002, 2.650002, 3.450002
[256][0][2], 8.075003, 7.125002, 6.9500017
[257][0][0], 2.9250011, 3.3000011, 3.9250011
[257][0][1], 4.8500013, 3.9500012, 4.4500012
[257][0][2], 8.050001, 6.100001, 6.000001
[258][0][0], 3.4250004, 2.0000005, 2.3000002
[258][0][1], 4.8000007, 2.6750004, 2.4750004
[258][0][2], 7.6500006, 5.4250007, 4.55
[259][0][0], 3.3000011, 2.0750012, 1.7500012
[259][0][1], 2.9250011, 1.2750012, 0.90000117
[259][0][2], 3.875001, 2.750001, 2.3250012
[260][0][0], 0.72500074, 0.12500077, -0.049999237
[260][0][1], -0.09999925, -1.6999992, -2.2999992
[260][0][2], -0.024999231, -1.3499992, -1.5999993
[261][0][0], -0.47499964, -1.0249996, -0.47499967
[261][0][1], -4.8499994, -6.9499993, -6.0249996
[261][0][2], -5.7249994, -7.65, -6.225
[262][0][0], -4.2749996, -3.0499992, -0.54999936
[262][0][1], -8.024999, -7.374999, -4.1249995
[262][0][2], -4.649999, -4.6999993, -2.574999
[263][0][0], -3.099998, -0.9749981, 1.3500019
[263][0][1], -4.9249983, -3.2749982, -0.824998
[263][0][2], -1.1249981, -0.67499816, 0.3250019
[264][0][0], -1.7999989, 0.9500011, 3.5000012
[264][0][1], -2.974999, -1.2499988, 1.3250011
[264][0][2], -0.27499884, -0.37499884, 0.9500011
[265][0][0], 0.9500012, 2.275001, 3.0750012
[265][0][1], 1.4000012, 1.7500012, 2.5000012
[265][0][2], 2.2250013, 1.1750011, 1.0000012
[266][0][0], 2.025002, 2.5500019, 2.5500019
[266][0][1], 3.250002, 2.550002, 1.9500018
[266][0][2], 3.0500016, 1.4000019, 0.42500192
[267][0][0], 1.3500009, 1.9250007, 2.750001
[267][0][1], -0.32499927, -0.32499924, 0.40000078
[267][0][2], -1.0999992, -1.6749992, -1.3499992
[268][0][0], 5.0250006, 4.3000007, 3.4250007
[268][0][1], 2.3250008, 1.3250008, 0.60000074
[268][0][2], -0.9499992, -1.2499992, -0.6499992
[269][0][0], 3.6250014, 2.9000015, 2.6000013
[269][0][1], 3.5500016, 2.9500017, 2.8000016
[269][0][2], 0.30000156, 0.42500153, 1.0500015
[270][0][0], 3.0250006, 2.1750004, 1.7000003
[270][0][1], 2.7750003, 1.6750004, 0.95000035
[270][0][2], 0.20000038, -0.12499964, -0.29999965
[271][0][0], 3.125002, 2.150002, 1.2250019
[271][0][1], 1.275002, 0.15000191, -0.52499807
[271][0][2], -2.7749982, -3.124998, -2.8499982
[272][0][0], 3.1750007, 2.4250007, 1.6000007
[272][0][1], 1.0500008, 0.15000081, -0.7249992
[272][0][2], -3.324999, -3.1249993, -2.7749991
[273][0][0], 1.0250003, -0.17499965, -1.4499996
[273][0][1], -0.5249996, -2.4749997, -4.0499997
[273][0][2], -2.0249996, -3.1249995, -3.7749996
[274][0][0], 0.8000015, -0.5999985, -1.6999985
[274][0][1], -0.5749985, -2.5749986, -3.6999984
[274][0][2], -2.4749982, -3.2749987, -2.5249984
[275][0][0], -0.124999225, -1.4499991, -2.124999
[275][0][1], -3.4999993, -4.299999, -3.474999
[275][0][2], -5.374999, -5.299999, -2.9749992
[276][0][0], -1.3999996, 0.4000004, 1.4000003
[276][0][1], -3.8999996, -1.7999997, 0.2250005
[276][0][2], -5.1499996, -3.4999993, -1.0499997
[277][0][0], 0.40000188, 2.0750017, 2.6500018
[277][0][1], -3.599998, -0.8499981, 1.1750019
[277][0][2], -6.0749984, -3.499998, -0.7999981
[278][0][0], 1.9500015, 2.2500014, 2.7000015
[278][0][1], -1.2249985, 0.3500015, 1.5000015
[278][0][2], -3.1499982, -0.67499846, 0.6500015
[279][0][0], 3.2000015, 3.6250014, 2.9250016
[279][0][1], 0.7750015, 2.1750016, 2.1250014
[279][0][2], -0.8749985, 0.9250015, 1.7500015
[280][0][0], 4.4250016, 5.475002, 5.4500017
[280][0][1], 2.3250015, 3.9500017, 4.550001
[280][0][2], -1.3749985, 0.07500155, 1.4000015
[281][0][0], 2.9500008, 4.000001, 5.050001
[281][0][1], 0.35000074, 1.9500008, 3.6250007
[281][0][2], -2.1249993, -0.3999992, 1.5250008
[282][0][0], 4.2500005, 4.8, 5.6000004
[282][0][1], 2.1750004, 3.7000005, 5.3250003
[282][0][2], -0.024999619, 2.1250005, 4.1000004
[283][0][0], 5.0249996, 4.675, 4.3
[283][0][1], 4.625, 5.15, 5.0249996
[283][0][2], 3.975, 5.225, 5.225
[284][0][0], 3.2500007, 2.8000007, 1.8750007
[284][0][1], 2.9250007, 2.625001, 1.8000007
[284][0][2], 2.6750007, 2.6500006, 1.9750007
[285][0][0], 2.725001, 2.9750013, 3.0500011
[285][0][1], 1.6250012, 2.000001, 2.0750012
[285][0][2], -0.29999885, 0.30000117, 0.45000112
[286][0][0], 2.7500012, 2.6250012, 3.2500012
[286][0][1], 1.7750013, 1.8000011, 1.9750011
[286][0][2], -1.2249987, 0.17500108, 1.1000011
[287][0][0], 2.7000003, 2.7500005, 2.6250005
[287][0][1], 2.1250005, 1.7750003, 0.5750004
[287][0][2], -0.6999997, -0.32499966, -1.0749996
[288][0][0], 3.4, 2.9, 1.825
[288][0][1], 1.55, 0.82500005, -0.35000005
[288][0][2], -1.325, -1.6999999, -2.25
[289][0][0], 3.3500001, 2.275, 1.1
[289][0][1], 2.175, 1.2249999, 0.07500005
[289][0][2], -0.725, -1.15, -1.6
[290][0][0], 3.5250015, 2.8750014, 1.7500015
[290][0][1], 1.9750015, 1.5000015, 0.5750016
[290][0][2], -0.024998486, -0.24999845, -0.29999852
[291][0][0], 4.55, 3.5000005, 1.7500004
[291][0][1], 3.4000006, 2.9500003, 1.5000005
[291][0][2], -0.44999963, 0.25000036, 0.47500038
[292][0][0], 3.3250008, 1.5750008, -0.2999992
[292][0][1], 2.0250008, 0.9000008, -0.67499924
[292][0][2], -0.22499922, 0.025000751, -0.22499931
[293][0][0], 3.1, 0.025000006, -1.6500001
[293][0][1], 0.525, -1.4000001, -2.3999999
[293][0][2], -2.5749998, -2.35, -2.175
[294][0][0], 1.4000012, -0.6499988, -1.8249989
[294][0][1], -0.29999882, -2.6249988, -3.899999
[294][0][2], -2.2499988, -3.1249988, -3.949999
[295][0][0], -1.8249999, -2.3500001, -2.2500002
[295][0][1], -1.925, -4.125, -5.0
[295][0][2], -4.175, -6.725, -7.5249996
[296][0][0], -0.9499985, -4.0499988, -6.3499985
[296][0][1], -0.62499845, -4.624998, -7.474998
[296][0][2], -0.42499864, -2.6499987, -3.8249989
[297][0][0], 2.8000011, 2.1250012, 0.72500116
[297][0][1], 4.4500012, 3.7500012, 2.250001
[297][0][2], 3.975001, 3.9500012, 3.5000014
[298][0][0], 2.250001, 2.3000007, 2.425001
[298][0][1], 2.8500009, 2.1000009, 1.5750008
[298][0][2], 1.8000009, 1.2500007, 1.0250007
[299][0][0], 3.4250023, 2.0250022, 0.25000226
[299][0][1], 2.7750025, 0.87500226, -0.92499775
[299][0][2], 1.3250022, 0.10000232, -0.7749977
[300][0][0], 0.37500113, -0.29999885, -0.6749989
[300][0][1], 1.4250011, -0.52499884, -1.9999989
[300][0][2], 1.7000011, 0.025001138, -1.5499988
[301][0][0], -0.19999883, -2.274999, -3.849999
[301][0][1], -0.074998856, -1.9499989, -3.3249989
[301][0][2], -0.14999884, -0.42499888, -0.57499886
[302][0][0], -0.67499965, -1.6499996, -2.6749995
[302][0][1], -0.29999962, -0.8999997, -1.6499995
[302][0][2], -0.09999962, 0.17500038, 0.12500039
[303][0][0], 7.636845E-7, 0.47500077, 0.3000008
[303][0][1], -0.124999255, 0.35000074, 0.22500074
[303][0][2], 0.37500077, 0.5500008, 0.17500077
[304][0][0], 1.9750007, 2.1000009, 1.7500007
[304][0][1], 1.7000008, 1.8750007, 1.3000008
[304][0][2], 1.0000007, 0.90000075, 0.27500075
[305][0][0], 2.925001, 2.2250009, 1.8500007
[305][0][1], 5.250001, 4.5500007, 3.6250007
[305][0][2], 3.1000009, 3.2750008, 2.8500006
[306][0][0], 0.55000114, -0.6749989, -0.94999886
[306][0][1], 2.7000012, 1.6000011, 0.67500114
[306][0][2], 2.8250012, 3.075001, 2.4750013
[307][0][0], -0.59999925, -1.3749993, -1.3749992
[307][0][1], 1.3000008, 0.10000077, -0.72499925
[307][0][2], 1.2500008, 0.32500073, -0.6999992
[308][0][0], -0.0749996, -0.9499996, -1.1499996
[308][0][1], -0.6999996, -1.1499996, -1.0499996
[308][0][2], -0.32499963, -0.6749996, -0.59999967
[309][0][0], 0.07500036, -0.099999584, -0.24999963
[309][0][1], -0.34999958, -0.2999996, -0.3749996
[309][0][2], 3.874302E-7, 0.6000004, 0.8250004
[310][0][0], -0.24999845, -0.47499853, -0.5249984
[310][0][1], 0.40000153, 0.25000152, 0.22500154
[310][0][2], 1.2000015, 1.2000015, 0.8000015
[311][0][0], 1.5500016, 1.0000014, 0.25000155
[311][0][1], -1.1999985, -1.5499984, -1.7999985
[311][0][2], -0.72499853, -0.7249985, -0.9499985
[312][0][0], 1.9000015, 0.8750015, -0.7249984
[312][0][1], -0.7249985, -0.49999845, -0.62499857
[312][0][2], -0.7499985, 0.17500152, 0.8500016
[313][0][0], 3.1250017, 1.6750019, 0.3000019
[313][0][1], 0.9000019, -0.4999981, -1.7999982
[313][0][2], -0.49999812, -0.37499815, -0.57499814
[314][0][0], 2.1750007, 0.1250008, -1.5999992
[314][0][1], 1.3250008, -0.64999926, -2.2249992
[314][0][2], 0.7500007, 0.70000076, 0.47500074
[315][0][0], 4.1250014, 2.5750012, 0.95000154
[315][0][1], 3.2500014, 0.9500015, -1.1749984
[315][0][2], 1.5500016, 0.3500015, -0.7249985
[316][0][0], 2.975, 1.225, -0.6
[316][0][1], 2.625, 0.6, -1.6
[316][0][2], 1.7250001, 0.7, -0.52500004
[317][0][0], 2.4750009, 0.6500008, -1.5999992
[317][0][1], 1.3750008, -0.12499924, -2.0749993
[317][0][2], 1.2250007, 0.35000074, -0.64999926
[318][0][0], 3.0000012, 1.0500011, -0.82499886
[318][0][1], 2.900001, 1.3750012, -0.57499886
[318][0][2], 1.8250011, 1.7250011, 1.1000011
[319][0][0], 3.4250016, 1.6750015, -0.49999845
[319][0][1], 2.9000015, 0.82500154, -1.2499986
[319][0][2], 1.4750016, 0.9500016, 0.75000155
[320][0][0], 3.5750008, 2.0000007, 0.12500076
[320][0][1], 3.4250007, 1.8000008, -0.024999231
[320][0][2], 1.7500008, 1.7500007, 1.5000007
[321][0][0], -1.7499993, -2.999999, -3.7999995
[321][0][1], 0.85000074, -0.47499925, -1.8999991
[321][0][2], 1.8250008, 1.4500008, 0.57500076
[322][0][0], -1.7749991, -1.0999992, -1.2999992
[322][0][1], -2.3999991, -2.1499991, -2.1499991
[322][0][2], -0.6999993, -0.8249992, -0.67499924
[323][0][0], 0.5250015, 0.70000154, 0.60000145
[323][0][1], -0.3249985, -0.62499845, -1.3499985
[323][0][2], 0.8750015, 1.7250016, 1.6750015
[324][0][0], 2.9000013, 2.225001, 0.77500117
[324][0][1], 3.350001, 2.7250013, 1.0750011
[324][0][2], 2.3750012, 3.0250013, 2.7250013
[325][0][0], 3.2250016, 1.5250015, -0.54999846
[325][0][1], 3.4250016, 1.9750015, -0.17499848
[325][0][2], 2.7250016, 3.2500014, 2.7500014
[326][0][0], 3.3000014, 1.7000015, -0.59999853
[326][0][1], 3.6750016, 2.4750016, 0.6750015
[326][0][2], 3.1250017, 3.5000014, 2.9250014
[327][0][0], -1.5749997, -2.9999998, -3.8249996
[327][0][1], 2.5250006, 0.2750004, -1.7999996
[327][0][2], 3.7000003, 2.0000005, 0.1250004
[328][0][0], -0.2499981, -0.4749981, -1.224998
[328][0][1], -1.049998, -2.1499982, -2.9499981
[328][0][2], -0.22499809, -1.6499982, -2.424998
[329][0][0], -0.7249989, -0.37499884, -0.6999988
[329][0][1], -0.84999883, -1.1499989, -1.2499988
[329][0][2], 1.4000012, 0.7750011, 0.55000114
[330][0][0], 0.40000078, 0.12500076, -0.7499992
[330][0][1], -0.6249993, -0.9499992, -1.2499993
[330][0][2], 0.7250008, 0.6250007, 0.9250007
[331][0][0], 0.3750023, -0.4749977, -1.3999977
[331][0][1], 0.02500233, -0.42499775, -0.74999774
[331][0][2], 0.22500229, 0.40000224, 0.8750023
[332][0][0], 1.0250008, 0.82500076, 0.20000076
[332][0][1], 0.4750008, 0.45000076, 0.22500077
[332][0][2], -0.12499924, 1.0000008, 1.5500007
[333][0][0], 3.4500012, 2.8750012, 1.5500011
[333][0][1], 1.4500011, 1.0000012, 0.07500118
[333][0][2], 0.40000114, 1.3500011, 1.3750012
[334][0][0], 1.8750015, 0.2500015, -0.8249984
[334][0][1], 1.9750016, 0.4500015, -0.8249985
[334][0][2], 2.6750016, 2.4500015, 1.7250016
[335][0][0], 1.1250004, -0.12499961, -1.4249996
[335][0][1], 2.6000004, 1.2750005, -0.44999963
[335][0][2], 3.9000006, 3.2500005, 1.8500004
[336][0][0], 1.0250015, 0.6500015, 0.20000152
[336][0][1], 1.7000015, 0.40000153, -1.1249985
[336][0][2], 2.8250015, 1.9750015, 0.32500154
[337][0][0], 1.8250011, 0.22500111, -1.224999
[337][0][1], 3.775001, 2.0750012, 0.07500114
[337][0][2], 2.8000014, 1.9750012, 0.70000124
[338][0][0], 2.5000007, 1.4500008, -0.14999923
[338][0][1], 2.050001, 0.70000076, -0.92499924
[338][0][2], 0.90000075, 0.5000008, -0.22499923
[339][0][0], 2.950002, 0.2500019, -2.149998
[339][0][1], 3.250002, 0.4000019, -1.974998
[339][0][2], 2.700002, 1.8750019, 0.9500019
[340][0][0], 2.525001, 0.025001153, -1.9249989
[340][0][1], 0.9500011, -1.1499988, -2.8249986
[340][0][2], 0.8250012, 0.7500012, 0.6250012
[341][0][0], 1.1500015, -0.3749985, -1.7249985
[341][0][1], 0.55000156, -0.5999985, -1.9249985
[341][0][2], 0.5500015, 1.2750015, 1.1500015
[342][0][0], 0.025001124, -1.1749988, -2.599999
[342][0][1], -0.14999883, 1.1324883E-6, -0.72499883
[342][0][2], 0.72500116, 2.900001, 3.4750013
[343][0][0], 3.45, 2.625, 0.325
[343][0][1], 1.325, 2.0500002, 1.25
[343][0][2], 0.99999994, 3.95, 5.0
[344][0][0], 5.125, 3.65, 0.99999994
[344][0][1], 2.7749999, 2.325, 0.375
[344][0][2], 1.5, 2.95, 2.7499998
[345][0][0], 6.9500017, 4.8000016, 1.1250014
[345][0][1], 5.4500012, 3.9250014, 1.0250015
[345][0][2], 3.1000013, 3.1000013, 2.2000017
[346][0][0], 5.3750014, 4.400001, 1.8250011
[346][0][1], 5.075001, 3.700001, 1.1750011
[346][0][2], 4.750001, 3.7500012, 2.450001
[347][0][0], 4.750001, 2.6000009, -0.024999246
[347][0][1], 5.1750007, 3.050001, 0.5000007
[347][0][2], 3.7000008, 3.0250008, 2.0750008
[348][0][0], 2.950001, 1.3250008, 0.20000076
[348][0][1], 6.000001, 4.350001, 2.8250008
[348][0][2], 5.100001, 4.825001, 4.1500006
[349][0][0], 3.6750016, 1.6500015, -0.5249985
[349][0][1], 5.6750016, 4.2500014, 1.7000015
[349][0][2], 4.7750015, 4.4500017, 2.9250016
[350][0][0], 0.15000117, -0.62499887, -1.0999988
[350][0][1], 0.5750012, -0.5499989, -0.9999988
[350][0][2], 0.9250011, -0.22499888, -0.57499886
[351][0][0], -1.6999992, -2.3749993, -2.4249992
[351][0][1], 0.07500076, -0.34999925, -0.8249993
[351][0][2], 2.3750007, 2.1750007, 1.3250008
[352][0][0], 1.2, -0.17500001, -1.4499999
[352][0][1], 1.7, 0.35000002, -0.95
[352][0][2], 2.625, 2.625, 2.4
[353][0][0], 3.4750001, 1.85, 0.049999952
[353][0][1], 2.1, 0.625, -0.6
[353][0][2], 2.275, 2.125, 1.775
[354][0][0], 3.625, 3.0, 1.8
[354][0][1], 1.375, -0.175, -1.6250001
[354][0][2], 1.75, 1.1, 0.45
[355][0][0], 3.9499998, 3.9250002, 2.95
[355][0][1], 2.85, 2.6, 1.6999999
[355][0][2], 1.5249999, 1.975, 2.15
[356][0][0], 3.35, 1.475, -0.875
[356][0][1], 2.3500001, 0.625, -0.975
[356][0][2], 1.45, 1.2750001, 1.7499999
[357][0][0], 4.2, 3.5249999, 1.25
[357][0][1], 3.125, 1.8249999, -0.35000002
[357][0][2], 2.7749999, 2.8, 2.5749998
[358][0][0], 3.1750002, 4.1499996, 3.8500001
[358][0][1], 2.0, 1.9499999, 1.5
[358][0][2], 2.75, 2.3249998, 2.15
[359][0][0], 6.625001, 7.250001, 6.3250012
[359][0][1], 4.425001, 4.6000013, 3.8750012
[359][0][2], 2.900001, 2.5750012, 2.2500012
[360][0][0], 5.625002, 4.9250016, 4.4500012
[360][0][1], 7.4250016, 6.8000016, 6.3500013
[360][0][2], 7.4500012, 7.3250017, 7.1250014
[361][0][0], 6.9750004, 4.5250006, 2.2500007
[361][0][1], 6.8250003, 4.550001, 2.3250008
[361][0][2], 6.400001, 5.5250006, 4.400001
[362][0][0], 5.975001, 3.1500006, -0.34999928
[362][0][1], 5.325001, 2.9250007, 0.07500079
[362][0][2], 4.9000006, 4.2750006, 3.2250009
[363][0][0], 5.150001, 4.7250013, 2.6250012
[363][0][1], 4.000001, 2.6250012, 0.67500114
[363][0][2], 4.000001, 2.650001, 1.7250011
[364][0][0], 1.8750004, 1.7750003, 1.6000004
[364][0][1], 2.9250002, 1.6750004, 0.4000004
[364][0][2], 4.6000004, 3.3500006, 2.0000005

uwnd.time[365]
1946016.0, 1946040.0, 1946064.0, 1946088.0, 1946112.0, 1946136.0, 1946160.0, 1946184.0, 1946208.0, 1946232.0, 1946256.0, 1946280.0, 1946304.0, 1946328.0, 1946352.0, 1946376.0, 1946400.0, 1946424.0, 1946448.0, 1946472.0, 1946496.0, 1946520.0, 1946544.0, 1946568.0, 1946592.0, 1946616.0, 1946640.0, 1946664.0, 1946688.0, 1946712.0, 1946736.0, 1946760.0, 1946784.0, 1946808.0, 1946832.0, 1946856.0, 1946880.0, 1946904.0, 1946928.0, 1946952.0, 1946976.0, 1947000.0, 1947024.0, 1947048.0, 1947072.0, 1947096.0, 1947120.0, 1947144.0, 1947168.0, 1947192.0, 1947216.0, 1947240.0, 1947264.0, 1947288.0, 1947312.0, 1947336.0, 1947360.0, 1947384.0, 1947408.0, 1947432.0, 1947456.0, 1947480.0, 1947504.0, 1947528.0, 1947552.0, 1947576.0, 1947600.0, 1947624.0, 1947648.0, 1947672.0, 1947696.0, 1947720.0, 1947744.0, 1947768.0, 1947792.0, 1947816.0, 1947840.0, 1947864.0, 1947888.0, 1947912.0, 1947936.0, 1947960.0, 1947984.0, 1948008.0, 1948032.0, 1948056.0, 1948080.0, 1948104.0, 1948128.0, 1948152.0, 1948176.0, 1948200.0, 1948224.0, 1948248.0, 1948272.0, 1948296.0, 1948320.0, 1948344.0, 1948368.0, 1948392.0, 1948416.0, 1948440.0, 1948464.0, 1948488.0, 1948512.0, 1948536.0, 1948560.0, 1948584.0, 1948608.0, 1948632.0, 1948656.0, 1948680.0, 1948704.0, 1948728.0, 1948752.0, 1948776.0, 1948800.0, 1948824.0, 1948848.0, 1948872.0, 1948896.0, 1948920.0, 1948944.0, 1948968.0, 1948992.0, 1949016.0, 1949040.0, 1949064.0, 1949088.0, 1949112.0, 1949136.0, 1949160.0, 1949184.0, 1949208.0, 1949232.0, 1949256.0, 1949280.0, 1949304.0, 1949328.0, 1949352.0, 1949376.0, 1949400.0, 1949424.0, 1949448.0, 1949472.0, 1949496.0, 1949520.0, 1949544.0, 1949568.0, 1949592.0, 1949616.0, 1949640.0, 1949664.0, 1949688.0, 1949712.0, 1949736.0, 1949760.0, 1949784.0, 1949808.0, 1949832.0, 1949856.0, 1949880.0, 1949904.0, 1949928.0, 1949952.0, 1949976.0, 1950000.0, 1950024.0, 1950048.0, 1950072.0, 1950096.0, 1950120.0, 1950144.0, 1950168.0, 1950192.0, 1950216.0, 1950240.0, 1950264.0, 1950288.0, 1950312.0, 1950336.0, 1950360.0, 1950384.0, 1950408.0, 1950432.0, 1950456.0, 1950480.0, 1950504.0, 1950528.0, 1950552.0, 1950576.0, 1950600.0, 1950624.0, 1950648.0, 1950672.0, 1950696.0, 1950720.0, 1950744.0, 1950768.0, 1950792.0, 1950816.0, 1950840.0, 1950864.0, 1950888.0, 1950912.0, 1950936.0, 1950960.0, 1950984.0, 1951008.0, 1951032.0, 1951056.0, 1951080.0, 1951104.0, 1951128.0, 1951152.0, 1951176.0, 1951200.0, 1951224.0, 1951248.0, 1951272.0, 1951296.0, 1951320.0, 1951344.0, 1951368.0, 1951392.0, 1951416.0, 1951440.0, 1951464.0, 1951488.0, 1951512.0, 1951536.0, 1951560.0, 1951584.0, 1951608.0, 1951632.0, 1951656.0, 1951680.0, 1951704.0, 1951728.0, 1951752.0, 1951776.0, 1951800.0, 1951824.0, 1951848.0, 1951872.0, 1951896.0, 1951920.0, 1951944.0, 1951968.0, 1951992.0, 1952016.0, 1952040.0, 1952064.0, 1952088.0, 1952112.0, 1952136.0, 1952160.0, 1952184.0, 1952208.0, 1952232.0, 1952256.0, 1952280.0, 1952304.0, 1952328.0, 1952352.0, 1952376.0, 1952400.0, 1952424.0, 1952448.0, 1952472.0, 1952496.0, 1952520.0, 1952544.0, 1952568.0, 1952592.0, 1952616.0, 1952640.0, 1952664.0, 1952688.0, 1952712.0, 1952736.0, 1952760.0, 1952784.0, 1952808.0, 1952832.0, 1952856.0, 1952880.0, 1952904.0, 1952928.0, 1952952.0, 1952976.0, 1953000.0, 1953024.0, 1953048.0, 1953072.0, 1953096.0, 1953120.0, 1953144.0, 1953168.0, 1953192.0, 1953216.0, 1953240.0, 1953264.0, 1953288.0, 1953312.0, 1953336.0, 1953360.0, 1953384.0, 1953408.0, 1953432.0, 1953456.0, 1953480.0, 1953504.0, 1953528.0, 1953552.0, 1953576.0, 1953600.0, 1953624.0, 1953648.0, 1953672.0, 1953696.0, 1953720.0, 1953744.0, 1953768.0, 1953792.0, 1953816.0, 1953840.0, 1953864.0, 1953888.0, 1953912.0, 1953936.0, 1953960.0, 1953984.0, 1954008.0, 1954032.0, 1954056.0, 1954080.0, 1954104.0, 1954128.0, 1954152.0, 1954176.0, 1954200.0, 1954224.0, 1954248.0, 1954272.0, 1954296.0, 1954320.0, 1954344.0, 1954368.0, 1954392.0, 1954416.0, 1954440.0, 1954464.0, 1954488.0, 1954512.0, 1954536.0, 1954560.0, 1954584.0, 1954608.0, 1954632.0, 1954656.0, 1954680.0, 1954704.0, 1954728.0, 1954752.0

uwnd.level[1]
850.0

uwnd.lat[3]
27.5, 25.0, 22.5

uwnd.lon[3]
85.0, 87.5, 90.0


