Dataset {
    Grid {
     ARRAY:
        Float32 uwnd[time = 365][level = 1][lat = 3][lon = 3];
     MAPS:
        Float64 time[time = 365];
        Float32 level[level = 1];
        Float32 lat[lat = 3];
        Float32 lon[lon = 3];
    } uwnd;
} Datasets/ncep.reanalysis.dailyavgs/pressure/uwnd.2021.nc;
---------------------------------------------
uwnd.uwnd[365][1][3][3]
[0][0][0], 3.675, 2.75, 0.65000004
[0][0][1], 1.3, 0.725, -0.625
[0][0][2], -0.20000002, 0.57500005, 0.52500004
[1][0][0], 4.2500005, 3.5000007, 1.0750008
[1][0][1], 1.8500007, 1.2500008, -0.47499925
[1][0][2], 0.15000075, 0.7500008, 0.15000078
[2][0][0], 1.8500009, 1.9000008, 0.5000008
[2][0][1], 0.7000007, 0.95000076, -0.024999231
[2][0][2], -0.29999924, 0.3250008, 0.050000787
[3][0][0], 1.5500011, 1.3500011, -0.32499886
[3][0][1], -0.7999989, -0.09999886, -0.6499989
[3][0][2], -1.4249989, 0.32500115, 0.92500114
[4][0][0], 2.2750008, 2.8250008, 1.7750008
[4][0][1], -0.124999255, 0.45000076, -0.099999204
[4][0][2], -0.84999925, 0.37500077, 0.6750007
[5][0][0], 4.2750015, 3.7000012, 1.9500015
[5][0][1], 2.1250014, 1.7750015, 0.55000156
[5][0][2], 1.0500015, 1.3750015, 1.1250014
[6][0][0], 6.1000013, 5.0750012, 2.9750013
[6][0][1], 3.3250015, 2.2750015, 0.3500015
[6][0][2], 0.17500153, 0.025001526, -0.5999985
[7][0][0], 7.2500005, 5.4250007, 2.4500008
[7][0][1], 3.5250008, 2.0250008, -0.07499921
[7][0][2], -1.5499992, -1.5749993, -1.4499992
[8][0][0], 6.8500013, 5.0750012, 2.025001
[8][0][1], 3.3750012, 1.9750012, -0.27499884
[8][0][2], 0.67500114, 1.1250012, 0.97500116
[9][0][0], 6.925001, 4.825001, 2.1250012
[9][0][1], 3.900001, 1.8000011, -0.59999883
[9][0][2], 2.6750011, 2.725001, 2.225001
[10][0][0], 8.300001, 6.250001, 2.8500013
[10][0][1], 5.0750012, 3.525001, 1.5500011
[10][0][2], 2.4000013, 1.9750011, 1.4750012
[11][0][0], 6.7250013, 4.850002, 2.2500017
[11][0][1], 5.8250017, 3.8000016, 1.0750016
[11][0][2], 2.8000016, 2.4000015, 1.3500015
[12][0][0], 5.800001, 2.650001, -0.42499888
[12][0][1], 6.2250013, 3.6250012, 0.65000117
[12][0][2], 4.3500013, 3.7500012, 2.3000011
[13][0][0], 2.6500022, 0.12500231, -2.9249976
[13][0][1], 2.6250024, 1.1000023, -0.8499977
[13][0][2], 2.9500024, 3.1250021, 2.9000022
[14][0][0], 2.7000012, 0.025001228, -2.8499987
[14][0][1], 2.0500011, -0.22499883, -2.2999988
[14][0][2], 2.8000011, 2.0750012, 1.4750011
[15][0][0], 2.8000004, 1.5000004, 0.050000377
[15][0][1], 2.4750004, 0.6500004, -1.3749996
[15][0][2], 1.7500004, 1.1250005, -0.09999962
[16][0][0], -1.225, -2.05, -3.025
[16][0][1], -1.65, -2.625, -3.35
[16][0][2], -0.10000001, -0.85, -1.45
[17][0][0], 1.425, 0.6750001, -1.1000001
[17][0][1], -0.575, -1.125, -2.175
[17][0][2], 0.35000002, 0.35000002, 0.025000095
[18][0][0], 5.7750015, 4.5500016, 2.9000015
[18][0][1], 4.2500014, 2.7500014, 1.6250015
[18][0][2], 4.1500015, 3.8000016, 3.9250016
[19][0][0], 7.1500006, 4.7750006, 2.6500006
[19][0][1], 8.175001, 6.8500004, 5.425
[19][0][2], 6.6000004, 7.15, 7.225
[20][0][0], 2.4750004, 0.8250003, 0.2000004
[20][0][1], 5.675, 3.7750006, 2.3000004
[20][0][2], 6.2, 5.525, 4.4750004
[21][0][0], 4.4750004, 2.8500004, -0.6999997
[21][0][1], 1.8250004, 1.0000004, -1.4999996
[21][0][2], 2.9750004, 3.5750003, 2.6750004
[22][0][0], 7.375001, 7.8750014, 4.775001
[22][0][1], 4.000001, 4.2250013, 2.1250012
[22][0][2], 2.7500012, 3.9250011, 4.275001
[23][0][0], 6.5, 6.5249996, 4.15
[23][0][1], 3.2749999, 4.375, 3.375
[23][0][2], 2.725, 4.325, 4.825
[24][0][0], 4.2750006, 4.9000006, 3.2500005
[24][0][1], 1.9750004, 2.5250003, 1.4250004
[24][0][2], 2.3750005, 2.6250002, 1.9500004
[25][0][0], 4.7, 4.1499996, 1.9499999
[25][0][1], 3.9499998, 3.8000002, 2.1
[25][0][2], 3.6000001, 3.9499998, 3.35
[26][0][0], 4.325001, 4.500001, 2.1500008
[26][0][1], 3.2500007, 3.3750005, 1.6250007
[26][0][2], 2.7750008, 3.2750008, 2.925001
[27][0][0], 3.4000003, 2.8250003, 0.8500004
[27][0][1], 2.4500003, 1.5250003, -0.27499962
[27][0][2], 2.2250004, 2.2000003, 1.8500004
[28][0][0], 4.000001, 2.9250011, 0.9500011
[28][0][1], 3.4500012, 2.025001, -0.024998844
[28][0][2], 3.625001, 3.0750012, 2.350001
[29][0][0], 3.6000016, 2.8250017, 1.9750015
[29][0][1], 4.2000012, 4.3250012, 4.1500015
[29][0][2], 4.800001, 5.7750015, 6.3500013
[30][0][0], 4.5000014, 2.850001, 0.8250011
[30][0][1], 4.1500015, 3.225001, 1.5500011
[30][0][2], 3.8000011, 4.150001, 3.8250012
[31][0][0], 4.925, 3.45, 0.70000005
[31][0][1], 5.05, 3.475, 0.67499995
[31][0][2], 4.225, 3.5000002, 2.0500002
[32][0][0], 2.6999998, 1.975, 0.625
[32][0][1], 2.55, 1.2750001, -0.40000004
[32][0][2], 1.75, 0.925, -0.125
[33][0][0], 4.3999996, 4.5499997, 2.95
[33][0][1], 1.9750001, 2.075, 1.0749999
[33][0][2], -0.14999998, 0.375, 0.55
[34][0][0], 3.4750004, 2.4750004, 0.7250003
[34][0][1], 1.1000004, -0.024999619, -1.2499996
[34][0][2], -1.1249996, -1.2499996, -0.99999964
[35][0][0], 4.1, 2.6749997, 1.075
[35][0][1], 1.85, 0.024999976, -1.0500001
[35][0][2], -0.34999996, -0.75, -0.22499996
[36][0][0], 4.725, 4.05, 2.275
[36][0][1], 3.975, 2.9, 1.325
[36][0][2], 1.5, 1.025, 1.25
[37][0][0], 0.65, 1.325, 1.325
[37][0][1], 3.45, 3.375, 3.075
[37][0][2], 3.175, 2.9500003, 2.9750001
[38][0][0], 0.4750011, 0.3500011, -0.57499886
[38][0][1], 2.500001, 1.1500012, -0.5749988
[38][0][2], 2.7000012, 1.1500012, -0.17499885
[39][0][0], 2.2, 2.075, 1.9
[39][0][1], 3.15, 2.35, 1.5500001
[39][0][2], 2.4499998, 1.125, 0.10000005
[40][0][0], 2.9999998, 2.25, 0.95
[40][0][1], 3.9249997, 4.0, 3.1
[40][0][2], 3.5500002, 4.325, 4.15
[41][0][0], 2.8249998, 1.875, 0.85
[41][0][1], 3.0500002, 2.3249998, 1.525
[41][0][2], 2.0249999, 2.15, 2.35
[42][0][0], 4.425, 4.4250007, 2.8000004
[42][0][1], 3.4500003, 2.8500004, 0.87500036
[42][0][2], 1.2000004, 0.95000035, 0.07500037
[43][0][0], 4.2750006, 3.2250004, 1.4000003
[43][0][1], 3.0500004, 2.2000003, 0.8000004
[43][0][2], 1.5500004, 1.2750003, 0.6500004
[44][0][0], 4.925, 4.2250004, 2.6250005
[44][0][1], 2.7250004, 2.3750005, 1.3500004
[44][0][2], 1.6000004, 2.1750002, 1.7500005
[45][0][0], 3.9000003, 3.0000002, 1.7250004
[45][0][1], 3.975, 3.0500004, 1.6750004
[45][0][2], 3.6000004, 3.5500002, 2.7500005
[46][0][0], 7.0750003, 6.875001, 5.125001
[46][0][1], 5.3500004, 5.000001, 3.625001
[46][0][2], 2.9750009, 2.8500009, 2.375001
[47][0][0], 1.5750011, 0.77500117, -0.024998844
[47][0][1], 3.5000012, 1.8500011, -0.12499887
[47][0][2], 3.100001, 1.6250012, -0.27499884
[48][0][0], 0.7000008, 0.0750007, -0.5749992
[48][0][1], 1.0250008, -0.8749992, -1.8499992
[48][0][2], -0.42499924, -1.6249993, -1.5249993
[49][0][0], 0.07500069, -0.124999225, -0.02499932
[49][0][1], -0.024999231, -1.2499993, -1.4499993
[49][0][2], -1.5499992, -1.7249993, -0.7749992
[50][0][0], 2.4500017, 2.4500017, 1.6500015
[50][0][1], 2.9750013, 3.1750016, 2.8750014
[50][0][2], 0.7250015, 1.9000015, 2.5500016
[51][0][0], 3.5250006, 2.1500008, 0.6250007
[51][0][1], 2.6750007, 1.9250008, 1.1000007
[51][0][2], 0.8750008, 1.5250008, 2.1000009
[52][0][0], 2.5500004, 0.15000036, -1.6749996
[52][0][1], 4.1500006, 2.3750005, 0.87500036
[52][0][2], 3.8000004, 3.4750004, 2.9750004
[53][0][0], 3.8500018, 2.3000019, 0.025001913
[53][0][1], 3.0250018, 1.8750019, 0.30000192
[53][0][2], 3.550002, 3.0250018, 2.300002
[54][0][0], 6.1250005, 4.6000004, 1.8500004
[54][0][1], 4.0250006, 3.0000005, 1.1500003
[54][0][2], 4.4750004, 4.3500004, 3.6500003
[55][0][0], 7.0000005, 4.700001, 2.0000007
[55][0][1], 7.000001, 4.600001, 2.425001
[55][0][2], 6.625001, 5.750001, 4.775001
[56][0][0], 7.1250014, 5.5250015, 2.7000012
[56][0][1], 5.9250016, 4.5500016, 3.0000014
[56][0][2], 5.800001, 5.3750014, 5.3750014
[57][0][0], 10.375001, 7.775001, 3.7750008
[57][0][1], 6.8750005, 4.6000004, 1.4750009
[57][0][2], 4.1500006, 4.1500006, 3.5750008
[58][0][0], 10.000001, 8.550001, 5.9000015
[58][0][1], 5.7000012, 4.4500012, 2.7250013
[58][0][2], 2.8000011, 2.7750013, 2.6500013
[59][0][0], 9.925001, 8.525002, 5.925001
[59][0][1], 5.675001, 3.9750013, 1.9500012
[59][0][2], 3.0500011, 2.1750011, 1.1000012
[60][0][0], 6.300001, 4.475001, 3.475001
[60][0][1], 5.250001, 3.725001, 2.850001
[60][0][2], 4.150001, 3.525001, 2.8500013
[61][0][0], 5.600001, 3.5500011, 1.6250012
[61][0][1], 3.6750011, 2.725001, 2.2000012
[61][0][2], 3.1000013, 3.3250012, 3.8000014
[62][0][0], 6.4750004, 5.3500004, 3.5500004
[62][0][1], 5.5000005, 5.175, 4.7250004
[62][0][2], 4.200001, 4.7750006, 5.5750003
[63][0][0], 7.7999997, 5.975, 3.975
[63][0][1], 7.6000004, 6.225, 5.475
[63][0][2], 7.2, 6.625, 6.7000003
[64][0][0], 6.000001, 4.800001, 3.9250011
[64][0][1], 5.250001, 4.8500013, 4.825001
[64][0][2], 4.550001, 5.4500012, 6.050001
[65][0][0], 4.525001, 3.550001, 1.6500013
[65][0][1], 1.6000012, 1.6750011, 1.4500012
[65][0][2], 1.7250012, 2.9000013, 3.6750011
[66][0][0], 3.2000003, 2.1750002, 1.1000004
[66][0][1], 1.4750004, 1.6500003, 2.3000002
[66][0][2], 1.4000003, 2.7000003, 4.4750004
[67][0][0], 2.8, 2.875, 2.575
[67][0][1], 3.25, 3.825, 4.175
[67][0][2], 5.025, 5.85, 6.2749996
[68][0][0], 5.4500017, 4.850002, 3.575002
[68][0][1], 4.450002, 4.650002, 4.400002
[68][0][2], 3.250002, 3.900002, 4.400002
[69][0][0], 3.3250008, 3.8000007, 3.5500007
[69][0][1], 1.8000007, 3.1750007, 4.375001
[69][0][2], 1.2000008, 2.2250006, 3.7000008
[70][0][0], 1.9250019, 2.400002, 1.7500019
[70][0][1], 1.0500019, 2.375002, 3.000002
[70][0][2], 0.47500184, 1.700002, 2.825002
[71][0][0], 4.4500012, 4.375001, 3.3250012
[71][0][1], 4.025001, 4.500001, 4.2750015
[71][0][2], 2.9250011, 3.6250012, 3.8750014
[72][0][0], 6.125002, 5.2500014, 3.5000014
[72][0][1], 5.9000015, 6.1000013, 5.625002
[72][0][2], 3.6500015, 4.3500013, 5.0250015
[73][0][0], 5.3500004, 4.85, 3.9250002
[73][0][1], 4.5, 5.275, 5.725
[73][0][2], 3.325, 4.2749996, 4.875
[74][0][0], 6.0499997, 4.675, 2.3
[74][0][1], 5.075, 4.825, 3.425
[74][0][2], 3.425, 3.65, 2.95
[75][0][0], 5.850001, 4.250001, 2.0250008
[75][0][1], 4.1500006, 3.9250007, 3.175001
[75][0][2], 2.5250006, 2.9000008, 2.9500008
[76][0][0], 5.950001, 4.8500013, 2.525001
[76][0][1], 3.9250011, 3.9250011, 3.1750011
[76][0][2], 3.025001, 3.850001, 4.4500012
[77][0][0], 5.7000012, 3.8500009, 1.7500007
[77][0][1], 4.325001, 3.4000006, 2.2000008
[77][0][2], 3.3500009, 3.8250008, 3.9500008
[78][0][0], 6.3500004, 5.5500007, 4.2500005
[78][0][1], 6.3500004, 5.7500005, 4.925
[78][0][2], 4.6500006, 4.2250004, 3.7000003
[79][0][0], 4.400001, 3.8250008, 3.0000007
[79][0][1], 5.2250013, 5.2750006, 5.2250004
[79][0][2], 3.9500008, 3.5250006, 3.525001
[80][0][0], 4.975001, 4.500001, 3.6750007
[80][0][1], 4.3000007, 4.000001, 3.6000009
[80][0][2], 1.0750008, 1.0250007, 1.3250008
[81][0][0], 5.325001, 4.675001, 3.6000009
[81][0][1], 5.825001, 5.250001, 4.425001
[81][0][2], 3.8750007, 3.1000009, 2.9000008
[82][0][0], 6.0250006, 6.550001, 5.9750013
[82][0][1], 6.450001, 7.175001, 7.075001
[82][0][2], 3.9750013, 4.350001, 4.275001
[83][0][0], 9.075001, 8.825001, 6.6750007
[83][0][1], 8.000001, 7.950001, 7.200001
[83][0][2], 2.3500009, 2.5000007, 3.4500008
[84][0][0], 4.475, 4.475, 3.9499998
[84][0][1], 6.925, 6.625, 5.8250003
[84][0][2], 4.95, 4.925, 4.9249997
[85][0][0], 3.2250004, 3.0750005, 2.4250002
[85][0][1], 4.425, 4.3750005, 4.1000004
[85][0][2], 3.3250005, 3.3750005, 3.3750002
[86][0][0], 3.5500014, 3.6250014, 2.7250013
[86][0][1], 2.6250014, 2.5750015, 2.4000015
[86][0][2], 2.4750013, 2.6000013, 2.9750013
[87][0][0], 3.4250002, 3.4, 3.15
[87][0][1], 3.45, 3.325, 3.575
[87][0][2], 5.1, 5.55, 6.1249995
[88][0][0], 7.425, 5.875, 3.525
[88][0][1], 6.9750004, 5.2250004, 3.9250002
[88][0][2], 8.65, 8.05, 8.225
[89][0][0], 8.800001, 6.950001, 5.250001
[89][0][1], 8.450001, 6.6500006, 5.550001
[89][0][2], 7.650001, 7.6500006, 8.175001
[90][0][0], 9.700001, 7.050001, 4.7000012
[90][0][1], 6.9750013, 5.8250012, 5.5000014
[90][0][2], 4.025001, 5.200001, 7.400001
[91][0][0], 7.700001, 6.5500007, 4.625001
[91][0][1], 3.9750009, 3.7250009, 3.0750008
[91][0][2], 1.3750008, 2.5750005, 3.5250006
[92][0][0], 5.425001, 5.225001, 3.7500005
[92][0][1], 1.4000008, 2.3750007, 2.4000006
[92][0][2], 0.17500074, 1.7500007, 2.7250009
[93][0][0], 3.375002, 3.2250018, 2.375002
[93][0][1], 3.3500018, 3.4750018, 3.025002
[93][0][2], 2.1500018, 2.075002, 1.7500019
[94][0][0], 1.6500005, 1.7000004, 1.3500004
[94][0][1], -0.19999963, 0.075000376, 0.37500042
[94][0][2], -0.049999624, -0.27499962, -0.5249996
[95][0][0], 0.625, 0.675, 0.79999995
[95][0][1], 1.4901161E-8, 0.35000002, 1.375
[95][0][2], 1.8000001, 1.95, 2.45
[96][0][0], 1.5250007, 1.8250006, 2.5750008
[96][0][1], 0.25000083, 0.6250008, 2.3750007
[96][0][2], 2.8000007, 2.4250007, 3.4750009
[97][0][0], 3.5249999, 3.775, 3.2
[97][0][1], 2.775, 3.6499999, 4.425
[97][0][2], 4.275, 5.325, 6.5
[98][0][0], 6.6000004, 5.9750004, 4.4750004
[98][0][1], 4.675, 4.8500004, 4.5
[98][0][2], 3.1000004, 4.4250007, 5.1250005
[99][0][0], 7.2000012, 6.7000012, 5.300001
[99][0][1], 3.7000012, 4.3500013, 4.750001
[99][0][2], 1.1250012, 3.1750011, 4.9750013
[100][0][0], 6.350001, 5.5000005, 4.4750004
[100][0][1], 3.9750004, 3.9000003, 4.3500004
[100][0][2], 2.4000003, 2.9500003, 4.1500006
[101][0][0], 5.950001, 5.700001, 5.225001
[101][0][1], 4.700001, 4.750001, 4.7250004
[101][0][2], 2.625001, 2.7750008, 2.900001
[102][0][0], 6.35, 4.95, 3.6
[102][0][1], 5.25, 4.6, 4.2749996
[102][0][2], 3.325, 3.975, 4.75
[103][0][0], 5.950001, 5.025001, 3.7250009
[103][0][1], 4.500001, 4.075001, 3.5750008
[103][0][2], 4.4000006, 5.100001, 5.650001
[104][0][0], 6.0000014, 4.5750017, 2.7750015
[104][0][1], 5.2000017, 4.300001, 3.3000016
[104][0][2], 5.0750017, 5.2000017, 5.3000016
[105][0][0], 3.8750007, 2.9500008, 1.5750008
[105][0][1], 4.3000007, 4.0250006, 3.2750008
[105][0][2], 3.8250008, 4.1750007, 4.3000007
[106][0][0], 4.1750007, 4.500001, 3.7000008
[106][0][1], 2.7750008, 3.0000007, 2.4750009
[106][0][2], 3.0000007, 2.7750006, 1.9500008
[107][0][0], 5.7000017, 5.350002, 4.4500017
[107][0][1], 4.5250015, 5.4250016, 5.9750013
[107][0][2], 3.9250014, 5.4250016, 6.775001
[108][0][0], 7.575001, 6.725001, 5.025001
[108][0][1], 6.675001, 6.5250006, 5.8000007
[108][0][2], 4.700001, 5.700001, 6.225001
[109][0][0], 5.0000014, 4.7500014, 3.3250015
[109][0][1], 4.3250017, 4.2500014, 3.5000014
[109][0][2], 3.1000016, 3.6250017, 3.7500017
[110][0][0], 3.2250013, 3.525001, 3.3500013
[110][0][1], 2.9750013, 3.475001, 4.025001
[110][0][2], 4.7000012, 5.050001, 5.250001
[111][0][0], 3.5250006, 3.5250003, 2.7000003
[111][0][1], 2.6500006, 3.2500005, 3.6500006
[111][0][2], 2.4750004, 2.9750004, 3.7250004
[112][0][0], 4.9000015, 4.900001, 4.525001
[112][0][1], 3.6500013, 3.7750013, 3.975001
[112][0][2], 0.925001, 2.0250013, 3.0500011
[113][0][0], 5.025, 4.8500004, 4.0
[113][0][1], 5.0, 4.0, 3.25
[113][0][2], 3.475, 2.7, 2.5749998
[114][0][0], 0.25000143, -0.39999855, -0.64999855
[114][0][1], 3.8500016, 2.9500017, 2.2750015
[114][0][2], 4.1250014, 4.1000013, 3.8000016
[115][0][0], 2.4250002, 1.7500005, 1.4250004
[115][0][1], 3.5000005, 3.4, 3.5250003
[115][0][2], 3.5500002, 4.1250005, 4.5250006
[116][0][0], 4.15, 2.975, 1.95
[116][0][1], 3.7000003, 3.55, 3.4499998
[116][0][2], 2.9250002, 3.175, 3.55
[117][0][0], 1.6500005, 0.100000374, -1.2749996
[117][0][1], 1.4250003, 0.85000044, 0.7000004
[117][0][2], 2.2250004, 2.0750003, 2.3250003
[118][0][0], 2.500002, 2.0500019, 1.0000019
[118][0][1], 1.700002, 1.8000019, 1.8000019
[118][0][2], 2.775002, 2.200002, 2.175002
[119][0][0], 1.4000008, 1.8750008, 1.5500009
[119][0][1], 1.8750007, 2.5750008, 3.0750008
[119][0][2], 3.1750007, 3.4750009, 3.8500006
[120][0][0], 1.0500011, 1.2000011, 1.8000011
[120][0][1], 1.575001, 1.6750011, 2.350001
[120][0][2], 2.7500012, 2.5500011, 2.5750012
[121][0][0], 1.2249999, 0.62500006, 0.7
[121][0][1], 3.075, 2.675, 2.8000002
[121][0][2], 4.375, 4.925, 5.025
[122][0][0], 3.0750003, 2.2750003, 2.4000003
[122][0][1], 5.9500003, 5.9, 6.1000004
[122][0][2], 5.1000004, 5.9250007, 6.1500006
[123][0][0], 2.6500006, 2.5250006, 3.2750003
[123][0][1], 3.9750004, 5.0250006, 5.475001
[123][0][2], 3.7000005, 5.1500006, 4.950001
[124][0][0], 3.2000012, 3.125001, 3.150001
[124][0][1], 2.8750012, 3.775001, 4.500001
[124][0][2], 2.625001, 3.5500011, 4.1000013
[125][0][0], 3.2250016, 3.6500015, 3.4500015
[125][0][1], 1.6250015, 2.1750014, 2.5500016
[125][0][2], 1.6000016, 2.1000013, 2.4250014
[126][0][0], 3.8500009, 4.375001, 3.800001
[126][0][1], 3.2250009, 4.125001, 4.350001
[126][0][2], 3.6500008, 4.600001, 4.9750004
[127][0][0], 3.5500014, 3.7500017, 3.2250016
[127][0][1], 3.6750014, 3.9500017, 4.1500015
[127][0][2], 3.5250018, 4.0000014, 4.4250016
[128][0][0], 3.350001, 4.0000014, 3.9500012
[128][0][1], 3.9750009, 5.050001, 5.5750012
[128][0][2], 3.6500013, 4.9750013, 5.675001
[129][0][0], 3.5000005, 3.0000005, 2.9250002
[129][0][1], 3.6750004, 4.1250005, 4.95
[129][0][2], 3.4500003, 4.0250006, 4.6500006
[130][0][0], 4.55, 4.3999996, 4.1
[130][0][1], 4.875, 5.425, 5.525
[130][0][2], 4.325, 4.9500003, 4.975
[131][0][0], 5.625001, 4.6000013, 3.2250013
[131][0][1], 4.900001, 5.1250014, 5.250001
[131][0][2], 4.050001, 4.775001, 5.675001
[132][0][0], 4.3000007, 4.750001, 4.3750005
[132][0][1], 3.175001, 4.5500007, 5.4750004
[132][0][2], 4.050001, 5.725001, 7.1000004
[133][0][0], 2.3250008, 2.5750008, 2.8000007
[133][0][1], 2.9750006, 3.8750007, 4.600001
[133][0][2], 5.325001, 6.700001, 7.375001
[134][0][0], 1.4749999, 2.1, 2.6999998
[134][0][1], 0.675, 2.1, 3.775
[134][0][2], 2.9499998, 4.65, 5.975
[135][0][0], 4.275, 4.475, 4.3250003
[135][0][1], 2.725, 3.9, 4.925
[135][0][2], 2.775, 4.675, 5.925
[136][0][0], 4.4500017, 4.4250016, 4.3250017
[136][0][1], 2.9750018, 4.2000017, 5.0250015
[136][0][2], 3.1750016, 5.0000014, 5.625002
[137][0][0], 5.7000003, 5.85, 5.7999997
[137][0][1], 3.825, 5.75, 6.8500004
[137][0][2], 3.725, 6.1749997, 7.2250004
[138][0][0], 6.9000006, 7.7250013, 7.500001
[138][0][1], 3.0000014, 5.0750012, 7.250001
[138][0][2], 1.2000011, 3.225001, 6.0250015
[139][0][0], 3.8000004, 5.4000006, 6.9250007
[139][0][1], 1.5000005, 2.8750005, 5.3
[139][0][2], 3.0750003, 3.7750006, 5.6250005
[140][0][0], 3.3000011, 3.9750013, 4.150001
[140][0][1], 2.950001, 4.3250012, 5.2000012
[140][0][2], 3.6250014, 5.2500014, 6.1250014
[141][0][0], 3.0250003, 2.9750004, 4.1250005
[141][0][1], 2.0250006, 2.4750004, 3.9000003
[141][0][2], 0.25000033, 0.5750004, 1.3250004
[142][0][0], 4.2500014, 3.8000014, 3.9250014
[142][0][1], 0.95000154, -0.049998492, 0.32500157
[142][0][2], -2.3749983, -3.9999986, -3.7749987
[143][0][0], 5.8250012, 3.9750013, 3.0000012
[143][0][1], 2.0000012, -1.0749989, -2.399999
[143][0][2], -3.6749988, -7.049999, -8.124999
[144][0][0], -0.675, -3.325, -3.6499999
[144][0][1], -7.9750004, -12.7, -13.349999
[144][0][2], -8.65, -12.474999, -12.549999
[145][0][0], -4.6249995, -6.2249994, -4.7249994
[145][0][1], -12.625, -15.474998, -13.624999
[145][0][2], -7.825, -10.15, -9.574999
[146][0][0], -4.275, -3.6499999, -1.175
[146][0][1], -5.175, -4.7499995, -2.4
[146][0][2], 0.79999995, 0.5, 0.75
[147][0][0], -1.45, -2.25, -1.625
[147][0][1], -0.3, -0.5000001, 0.47500002
[147][0][2], 1.9, 1.95, 2.475
[148][0][0], 1.8750005, 1.7750003, 2.2250004
[148][0][1], 1.8000004, 2.1750004, 2.9500005
[148][0][2], 1.8750004, 3.0000002, 3.4750004
[149][0][0], 2.5250015, 3.2750015, 4.6500015
[149][0][1], 4.6000013, 5.6250014, 7.125002
[149][0][2], 4.6250014, 5.725002, 6.5750017
[150][0][0], 3.1500006, 3.1000009, 3.8000007
[150][0][1], 3.5500011, 4.025001, 5.450001
[150][0][2], 3.8250008, 4.825001, 6.200001
[151][0][0], 3.2750015, 3.6250014, 4.0000014
[151][0][1], 2.4000015, 3.5750017, 5.4500017
[151][0][2], 1.8000014, 4.0000014, 6.800001
[152][0][0], 5.350001, 6.225001, 6.4000006
[152][0][1], 4.1500006, 5.8500004, 7.275001
[152][0][2], 2.3500006, 4.5250006, 6.825001
[153][0][0], 3.725, 4.4, 5.1000004
[153][0][1], 3.85, 4.75, 6.225
[153][0][2], 2.6750002, 3.8, 5.6000004
[154][0][0], 4.9750013, 5.0250015, 5.1500015
[154][0][1], 5.6000013, 6.125001, 7.025001
[154][0][2], 4.925001, 6.000001, 7.100001
[155][0][0], 5.0750017, 5.2500014, 5.675002
[155][0][1], 6.8750014, 7.1750016, 7.7000017
[155][0][2], 6.8250017, 7.6000013, 8.050001
[156][0][0], 7.500001, 6.075001, 4.7750006
[156][0][1], 10.000001, 9.6, 9.075001
[156][0][2], 7.5500007, 8.425, 8.950001
[157][0][0], 7.1500015, 6.8500013, 6.5750017
[157][0][1], 9.825002, 9.875001, 10.225002
[157][0][2], 7.550001, 7.550002, 7.925001
[158][0][0], 3.9500012, 3.650001, 3.750001
[158][0][1], 7.9500012, 7.7750015, 7.9500012
[158][0][2], 7.550001, 7.175001, 6.950001
[159][0][0], 0.92500037, -0.14999956, -0.97499967
[159][0][1], 1.9250004, 1.2000004, 1.6500003
[159][0][2], 3.4250004, 3.0500007, 3.8500004
[160][0][0], -0.4749984, -1.2499985, -1.9999986
[160][0][1], -0.8499985, -1.4749984, -0.69999844
[160][0][2], 2.1500015, 1.6500015, 2.5750015
[161][0][0], 0.50000113, 0.27500114, 0.10000116
[161][0][1], -0.4749989, -1.5249989, -1.4249988
[161][0][2], 0.9500011, 0.07500114, 0.40000114
[162][0][0], -1.3249981, -1.3999982, -1.524998
[162][0][1], -3.074998, -3.849998, -3.9249983
[162][0][2], -0.5999981, -1.1499981, -1.2249981
[163][0][0], -0.52499914, -1.8999993, -2.074999
[163][0][1], -2.749999, -3.049999, -2.5249991
[163][0][2], 0.27500075, 1.5250008, 2.5250006
[164][0][0], -0.6999992, -1.3249991, -0.42499924
[164][0][1], -1.5249993, -2.3999994, -0.7499991
[164][0][2], 2.4000008, 2.0000007, 3.3750007
[165][0][0], 0.8500004, -1.0249996, -1.0249996
[165][0][1], 2.7750003, 0.7750004, 0.6000004
[165][0][2], 7.4750004, 6.8, 6.7250004
[166][0][0], 1.5500004, -1.2499996, -2.0749996
[166][0][1], 2.8500004, 0.9250003, 0.52500033
[166][0][2], 7.65, 7.6250005, 7.700001
[167][0][0], -0.5249992, -1.8499992, -1.7249992
[167][0][1], -1.6499991, -2.2999992, -1.5749992
[167][0][2], 3.3500009, 3.650001, 4.500001
[168][0][0], -1.0749993, -1.7499992, -0.74999917
[168][0][1], -0.07499927, -1.2249992, -0.22499925
[168][0][2], 6.450001, 5.725001, 6.175001
[169][0][0], 1.3000008, 0.02500081, 0.77500075
[169][0][1], 5.500001, 3.5250008, 3.125001
[169][0][2], 10.525002, 9.200001, 8.300001
[170][0][0], 4.500002, 3.250002, 2.6750019
[170][0][1], 6.1500015, 4.9500017, 4.3250017
[170][0][2], 7.500002, 7.500002, 7.675002
[171][0][0], 2.7250009, 2.3750007, 2.5750008
[171][0][1], 5.075001, 4.0250006, 3.7250009
[171][0][2], 5.7750006, 5.225001, 5.2250004
[172][0][0], 1.4750011, 0.50000113, 0.5750011
[172][0][1], 2.650001, 1.7750012, 1.7500012
[172][0][2], 3.625001, 3.200001, 3.200001
[173][0][0], 0.72500116, 0.62500113, 1.5500011
[173][0][1], 1.0750011, 0.45000118, 1.4250011
[173][0][2], 3.5250013, 3.7000012, 4.525001
[174][0][0], 1.650002, 0.9750018, 1.700002
[174][0][1], 2.025002, 1.3750019, 1.900002
[174][0][2], 2.500002, 2.9500017, 3.600002
[175][0][0], -0.22499964, 0.2750004, 1.8250003
[175][0][1], -1.8249996, -1.6249996, 0.075000405
[175][0][2], 0.9750004, 1.5000004, 2.8000004
[176][0][0], 0.5000007, 0.9000008, 2.2500007
[176][0][1], -1.0749992, -0.07499924, 2.3000007
[176][0][2], -1.6999993, 0.025000773, 2.4750009
[177][0][0], 0.84999996, 1.8500001, 3.975
[177][0][1], 0.024999991, 2.025, 5.625
[177][0][2], -0.7, 1.7, 5.1
[178][0][0], 3.8500004, 3.8250003, 4.8750005
[178][0][1], 3.0750003, 4.8, 8.1
[178][0][2], 2.4000003, 5.2250004, 9.15
[179][0][0], 5.4750004, 5.6250005, 6.175
[179][0][1], 6.950001, 7.6500006, 9.35
[179][0][2], 7.625, 9.050001, 11.225
[180][0][0], 4.625001, 4.125001, 5.4250007
[180][0][1], 7.0250006, 6.150001, 7.7750006
[180][0][2], 7.6000013, 7.700001, 9.500001
[181][0][0], 5.700001, 4.325001, 4.000001
[181][0][1], 6.500001, 5.225001, 5.4000006
[181][0][2], 7.250001, 7.275001, 8.050001
[182][0][0], 7.1500006, 6.450001, 5.750001
[182][0][1], 6.800001, 6.700001, 7.500001
[182][0][2], 6.5250006, 7.1000013, 8.475
[183][0][0], 6.7, 6.2000003, 5.95
[183][0][1], 6.075001, 6.075001, 6.75
[183][0][2], 5.1750007, 6.1500006, 7.7250004
[184][0][0], 4.575001, 4.3000007, 4.125001
[184][0][1], 2.9500008, 2.6000009, 3.0250006
[184][0][2], 2.8250008, 2.7000008, 3.375001
[185][0][0], 4.125001, 3.7750013, 3.7500012
[185][0][1], 2.4750013, 1.8750012, 2.3500013
[185][0][2], 2.3000011, 1.4750011, 1.900001
[186][0][0], 3.4500003, 2.9000003, 3.0000002
[186][0][1], 3.4000006, 3.4500003, 4.925
[186][0][2], 3.5750003, 4.3, 6.3250003
[187][0][0], 3.65, 2.2, 1.4750001
[187][0][1], 4.025, 2.3999999, 2.0249999
[187][0][2], 4.0, 3.325, 3.65
[188][0][0], 4.3750005, 1.5250005, -0.07499961
[188][0][1], 1.1250005, -2.4249997, -3.0999997
[188][0][2], -0.49999964, -2.3499997, -1.2749996
[189][0][0], -0.97499883, -0.8999989, -0.09999883
[189][0][1], -3.099999, -3.9249988, -3.4999988
[189][0][2], -0.84999883, -1.2499988, -0.9249988
[190][0][0], -2.174998, -2.624998, -2.174998
[190][0][1], -3.3249981, -4.774998, -4.574998
[190][0][2], -1.9749981, -3.024998, -2.8499982
[191][0][0], 0.17500108, 1.4250011, 2.0500011
[191][0][1], -2.924999, -1.5249989, -0.4999988
[191][0][2], -6.074999, -5.024999, -3.6499991
[192][0][0], 0.47500077, 1.1750008, 1.5750008
[192][0][1], -4.724999, -3.4249992, -1.4499993
[192][0][2], -7.549999, -6.2249994, -3.6499991
[193][0][0], -0.17499927, 1.9250007, 3.7750006
[193][0][1], -5.774999, -3.249999, -0.09999919
[193][0][2], -5.25, -3.0249996, -0.19999933
[194][0][0], -1.2499988, 1.1750011, 3.4250011
[194][0][1], -2.6249988, -0.14999887, 1.9750012
[194][0][2], -1.674999, 0.45000115, 1.7750012
[195][0][0], -1.3999997, 0.22500032, 1.9500003
[195][0][1], -1.9749995, 0.37500042, 2.5250003
[195][0][2], -1.3999996, 0.90000033, 2.2750006
[196][0][0], 2.0000012, 1.7750012, 1.9000012
[196][0][1], 2.775001, 3.5500011, 4.425001
[196][0][2], 2.600001, 4.050001, 4.675001
[197][0][0], 5.750001, 4.3500013, 3.025001
[197][0][1], 5.000001, 4.050001, 3.775001
[197][0][2], 2.4500012, 3.0500011, 3.6000013
[198][0][0], 4.450001, 2.8250008, 2.3000007
[198][0][1], 4.6750007, 4.200001, 4.375001
[198][0][2], 3.4250007, 4.500001, 5.000001
[199][0][0], 4.2750006, 2.5750003, 1.5750004
[199][0][1], 4.3500004, 3.6250002, 3.4000006
[199][0][2], 4.3250003, 5.0250006, 5.425
[200][0][0], 6.4000006, 4.375001, 2.6750007
[200][0][1], 5.0000005, 2.2250009, 0.8750008
[200][0][2], 3.3000007, 1.0750008, 0.8000008
[201][0][0], 3.3000011, 2.2000012, 1.4750011
[201][0][1], 0.77500117, -1.4499989, -2.0499988
[201][0][2], 1.2500011, -1.6249988, -2.349999
[202][0][0], 0.07500154, 0.07500153, 1.5348196E-6
[202][0][1], -5.474998, -5.574999, -4.349999
[202][0][2], -5.974999, -6.1749988, -4.1999984
[203][0][0], -3.5499995, -3.2249994, -1.7499992
[203][0][1], -8.474999, -8.15, -5.424999
[203][0][2], -4.5749993, -4.2249994, -1.6499993
[204][0][0], -2.825, -0.87499994, 1.625
[204][0][1], -3.8, -2.675, 0.17500001
[204][0][2], 1.3, 0.9, 2.45
[205][0][0], -1.3249997, -0.049999654, 1.2750003
[205][0][1], -0.67499965, -0.6249996, 0.5750004
[205][0][2], 4.9500003, 3.4750004, 3.4500005
[206][0][0], 0.07500005, -0.75, -0.775
[206][0][1], 3.0, 0.975, 0.5500001
[206][0][2], 8.7, 5.8500004, 4.8
[207][0][0], -2.35, -4.3250003, -4.4750004
[207][0][1], 0.75, -1.1249999, -0.8249999
[207][0][2], 7.1, 6.2999997, 7.05
[208][0][0], 0.70000005, -2.8999999, -4.125
[208][0][1], 1.375, -2.375, -3.0
[208][0][2], 6.35, 4.2000003, 4.4249997
[209][0][0], -1.0999997, -4.6749997, -5.325
[209][0][1], 0.7500005, -3.3249996, -4.424999
[209][0][2], 6.425, 4.0000005, 2.9500005
[210][0][0], -2.3749983, -4.1999984, -3.2999983
[210][0][1], 0.5750016, -2.5749984, -2.0499985
[210][0][2], 7.350002, 4.5000014, 4.0500016
[211][0][0], -3.8249996, -2.7249994, -0.3749996
[211][0][1], -0.19999966, -0.62499964, 1.3250004
[211][0][2], 7.2250004, 5.05, 4.9000006
[212][0][0], -1.7999984, 0.07500154, 2.0250015
[212][0][1], -0.07499847, 0.07500154, 2.0750015
[212][0][2], 5.8250017, 3.7000015, 4.2250013
[213][0][0], 0.2000016, 0.3000015, 0.4500016
[213][0][1], 1.6250014, -0.22499841, -0.6499985
[213][0][2], 6.4000015, 3.8750014, 3.4750013
[214][0][0], 1.6750015, 0.5750015, -0.4499985
[214][0][1], 4.3000016, 1.1250015, -1.0999985
[214][0][2], 8.675002, 5.600002, 3.6750016
[215][0][0], 1.4000015, 0.30000153, -0.7249984
[215][0][1], 2.6250014, -0.24999851, -1.9999986
[215][0][2], 6.2750015, 3.4750018, 1.7250016
[216][0][0], 3.1250005, 2.2250004, 0.8750004
[216][0][1], 2.5250006, 0.32500038, -1.3499995
[216][0][2], 3.4500003, 1.1750004, 0.15000036
[217][0][0], 0.92500114, 0.7250011, 0.42500114
[217][0][1], 1.0750011, 0.20000117, 0.025001138
[217][0][2], 3.8250012, 2.8250012, 2.7750013
[218][0][0], 0.3750012, 0.32500112, 0.85000116
[218][0][1], 1.4000012, 0.70000124, 1.0000012
[218][0][2], 5.7250013, 5.4000015, 5.425001
[219][0][0], 1.9250015, 2.4000015, 3.3750014
[219][0][1], 3.8500016, 3.9500015, 4.7250013
[219][0][2], 6.250002, 6.375002, 6.6250014
[220][0][0], 2.8750012, 3.6750011, 5.2250013
[220][0][1], 5.325001, 4.675001, 5.250001
[220][0][2], 7.2750015, 6.1000013, 5.750001
[221][0][0], 3.7250018, 3.525002, 4.675002
[221][0][1], 5.6000023, 4.850002, 5.300002
[221][0][2], 5.9000015, 5.175002, 4.9750023
[222][0][0], 3.0500019, 2.4250019, 3.3250017
[222][0][1], 2.3000019, 1.1250019, 1.9750018
[222][0][2], 3.2000017, 2.6750019, 3.375002
[223][0][0], 5.2000003, 3.7750003, 3.4250004
[223][0][1], 4.3, 3.0250003, 3.2750006
[223][0][2], 3.5750003, 3.3250003, 3.9250004
[224][0][0], 5.0, 5.2, 5.8
[224][0][1], 5.4, 5.625, 7.25
[224][0][2], 3.3999999, 4.225, 6.5499997
[225][0][0], 5.2750015, 5.875001, 7.0250015
[225][0][1], 4.750001, 4.875001, 6.800001
[225][0][2], 2.475001, 2.5500011, 4.4500012
[226][0][0], 6.1499996, 5.4, 5.2
[226][0][1], 3.3500001, 2.6, 3.225
[226][0][2], -0.85, -1.2249999, -0.49999997
[227][0][0], 3.6499999, 3.575, 3.6000001
[227][0][1], -0.75000006, -0.62499994, 1.1
[227][0][2], -3.9250002, -3.475, -1.175
[228][0][0], 0.50000113, 0.40000114, 1.5500011
[228][0][1], -4.024999, -3.0999987, 0.17500111
[228][0][2], -2.7999988, -0.6499988, 3.150001
[229][0][0], -2.099998, -1.1249981, 1.2500019
[229][0][1], -0.9749981, 0.850002, 3.9750018
[229][0][2], 3.900002, 5.875002, 8.075002
[230][0][0], -1.1249988, 0.30000114, 2.3000011
[230][0][1], -0.3499989, 1.5500011, 3.7750013
[230][0][2], 3.8000014, 4.550001, 4.900001
[231][0][0], 1.0000011, 2.6750011, 3.750001
[231][0][1], 0.90000117, 2.775001, 4.6000013
[231][0][2], 2.1750011, 2.875001, 4.050001
[232][0][0], 3.125, 4.3, 4.55
[232][0][1], 2.3249998, 4.2, 5.275
[232][0][2], 3.0249999, 4.175, 5.175
[233][0][0], 4.625001, 5.1250014, 5.550001
[233][0][1], 6.375001, 7.875001, 8.975001
[233][0][2], 6.925001, 8.050001, 8.575001
[234][0][0], 5.8000007, 4.600001, 4.200001
[234][0][1], 8.35, 8.000001, 8.500001
[234][0][2], 7.7750015, 7.725001, 8.525001
[235][0][0], 7.700001, 7.2250004, 6.8000007
[235][0][1], 9.200001, 9.125001, 9.475
[235][0][2], 8.200001, 7.775001, 8.075001
[236][0][0], 6.925, 5.8500004, 5.3
[236][0][1], 9.175, 7.4750004, 6.375
[236][0][2], 7.375, 5.9749994, 4.8749995
[237][0][0], 6.175, 3.625, 1.7249999
[237][0][1], 7.125, 4.525, 2.8500001
[237][0][2], 6.35, 4.35, 3.5
[238][0][0], 4.8000007, 3.2750006, 2.2750006
[238][0][1], 1.9500008, 7.599592E-7, -1.1249992
[238][0][2], 1.3250008, -0.7749992, -2.3249993
[239][0][0], 2.4250002, 1.9750003, 2.2500005
[239][0][1], -2.7249997, -2.9249997, -1.3249996
[239][0][2], -3.7749999, -3.9999998, -2.6999996
[240][0][0], 0.47500077, 0.8000008, 1.6250007
[240][0][1], -4.5249996, -3.2499993, -1.0249993
[240][0][2], -5.174999, -3.5749993, -1.4499992
[241][0][0], -0.57499963, 1.4250004, 2.6000004
[241][0][1], -4.1749997, -1.0499996, 1.4250004
[241][0][2], -4.825, -2.5749996, -0.5749997
[242][0][0], 2.175, 3.4999998, 4.275
[242][0][1], -0.725, 1.3, 3.5249999
[242][0][2], -2.25, -1.2750001, 0.325
[243][0][0], 3.2000005, 4.3, 4.6000004
[243][0][1], 3.4500003, 4.4500003, 5.1000004
[243][0][2], 2.7500005, 2.7750003, 3.0000005
[244][0][0], 4.5250006, 4.3, 3.9250007
[244][0][1], 4.325001, 4.3750005, 4.425
[244][0][2], 2.4500003, 2.4500003, 2.5750003
[245][0][0], 3.5500011, 3.225001, 3.1750011
[245][0][1], 2.3250012, 2.0500011, 2.7500012
[245][0][2], 1.0250012, 0.87500113, 1.650001
[246][0][0], 3.6500015, 2.4500017, 1.9000015
[246][0][1], 2.9000015, 1.5750015, 1.2500015
[246][0][2], 1.0750016, 1.5050173E-6, -0.07499845
[247][0][0], 0.30000153, -0.2749985, -0.3249985
[247][0][1], -0.69999844, -2.1499984, -2.4749985
[247][0][2], -2.3749986, -4.2999983, -5.0999985
[248][0][0], -2.5499988, -2.599999, -1.349999
[248][0][1], -7.8999987, -7.799999, -5.349999
[248][0][2], -10.399999, -10.174999, -7.3999987
[249][0][0], -3.1249986, -0.19999844, 1.8750014
[249][0][1], -7.6749983, -4.2499986, -0.77499855
[249][0][2], -6.7749987, -3.9249985, -0.6499984
[250][0][0], 0.3, 2.15, 2.875
[250][0][1], 1.25, 2.375, 2.975
[250][0][2], 1.75, 1.725, 2.075
[251][0][0], -1.9749999, -0.77500004, 0.325
[251][0][1], -1.8500001, -2.2250001, -1.4
[251][0][2], 2.9802322E-8, -2.2, -2.3500001
[252][0][0], -2.0749989, -1.799999, -1.5749989
[252][0][1], -3.8749988, -4.3249984, -3.799999
[252][0][2], -4.874999, -6.649999, -6.124999
[253][0][0], -2.5749984, -1.3499985, -0.7999984
[253][0][1], -6.1499987, -6.1499987, -5.2499986
[253][0][2], -6.224999, -7.874998, -7.4749985
[254][0][0], -2.7249997, -2.7749996, -1.8749995
[254][0][1], -6.325, -7.1749997, -5.825
[254][0][2], -3.9749997, -4.9999995, -3.6499996
[255][0][0], -7.45, -6.3499994, -3.9999998
[255][0][1], -10.975, -9.875, -6.749999
[255][0][2], -3.7499995, -3.5249996, -1.9499996
[256][0][0], -9.549999, -5.874999, -2.1249993
[256][0][1], -9.824999, -5.7749996, -1.7499993
[256][0][2], -1.5249993, 0.87500066, 2.900001
[257][0][0], -6.7749996, -3.7249994, -0.9499993
[257][0][1], -5.124999, -3.2999992, -1.4499992
[257][0][2], 1.9000008, 1.0000007, 0.42500073
[258][0][0], -5.5249996, -3.3749995, -0.57499963
[258][0][1], -1.9499995, -1.6749995, -0.2249996
[258][0][2], 4.6500006, 2.8000004, 2.1000004
[259][0][0], -2.5249996, -0.2249996, 1.7750005
[259][0][1], -0.97499955, -0.49999958, 0.7500003
[259][0][2], 2.4500003, 0.77500033, 0.75000036
[260][0][0], -0.97499925, -0.4499992, -0.17499922
[260][0][1], 0.20000076, 0.3000008, 0.90000075
[260][0][2], 2.0750008, 1.7250009, 2.0500007
[261][0][0], -0.87499964, -0.5749996, -0.42499962
[261][0][1], 0.15000035, 0.65000033, 1.9000003
[261][0][2], 2.5500004, 2.5750003, 3.7500005
[262][0][0], -3.6499991, -3.0749993, -2.3999991
[262][0][1], -3.2999992, -3.0999992, -2.0249991
[262][0][2], 0.82500076, 0.82500076, 1.6000007
[263][0][0], -1.5999985, -0.9749984, -0.14999849
[263][0][1], -4.4749985, -3.1249986, -1.6249986
[263][0][2], -2.9749985, -1.0499985, 0.40000153
[264][0][0], -2.4249985, -1.6999984, -1.2749984
[264][0][1], -5.4499984, -3.2249987, -1.4249985
[264][0][2], -3.6499987, -1.3249985, 0.40000153
[265][0][0], -2.099999, -0.12499884, 1.1750011
[265][0][1], -2.1749988, -0.47499883, 0.5000012
[265][0][2], -0.27499878, 0.67500114, 0.8750012
[266][0][0], -2.6999993, -1.5749993, -0.67499924
[266][0][1], -2.4249992, -1.9999993, -1.5999992
[266][0][2], 0.02500081, 0.10000074, -0.049999237
[267][0][0], 1.7000015, 0.17500156, -0.62499845
[267][0][1], 0.9000015, -0.6749985, -1.1499984
[267][0][2], -1.1249985, -1.7499983, -1.0749985
[268][0][0], -1.9999988, -1.6749989, -1.6249989
[268][0][1], -7.5499988, -6.6499987, -5.049999
[268][0][2], -10.524999, -8.924999, -6.2499986
[269][0][0], -4.1749983, -2.8499985, -1.9749985
[269][0][1], -8.574999, -5.8499985, -3.6249986
[269][0][2], -10.249998, -6.4249983, -3.2999983
[270][0][0], -3.5499992, -3.3999994, -3.0999992
[270][0][1], -6.674999, -5.049999, -3.3499992
[270][0][2], -5.6999993, -3.4249992, -1.2999991
[271][0][0], -2.3499992, -0.89999926, 0.2750008
[271][0][1], -3.324999, -1.9249992, -0.47499925
[271][0][2], -0.92499924, -0.64999926, 0.07500076
[272][0][0], -3.7999992, -1.499999, 0.6250008
[272][0][1], -1.7249993, 0.40000078, 2.0250008
[272][0][2], 1.2500007, 2.3750007, 2.8500009
[273][0][0], -2.7999997, -1.7499996, 0.37500042
[273][0][1], -0.024999619, 1.2250004, 2.8500004
[273][0][2], 3.2000003, 4.2250004, 4.6500006
[274][0][0], 1.9750004, 1.3500004, 1.2500004
[274][0][1], 4.6000004, 4.0250006, 3.6750002
[274][0][2], 6.6000004, 6.7750006, 6.625
[275][0][0], 2.650001, 2.525001, 2.775001
[275][0][1], 5.5750012, 5.450001, 5.125001
[275][0][2], 7.150001, 7.4750013, 6.875001
[276][0][0], 1.400001, 1.9250011, 2.600001
[276][0][1], 3.200001, 2.850001, 2.3000011
[276][0][2], 4.6000013, 3.825001, 2.7500012
[277][0][0], 0.82500046, 1.1500003, 1.3750005
[277][0][1], 0.7250004, 0.8500004, 0.6000003
[277][0][2], 1.7000004, 1.5000005, 1.0250003
[278][0][0], -0.27499965, 0.30000037, 1.4000003
[278][0][1], 0.20000038, 0.62500036, 1.4250004
[278][0][2], 1.2250004, 2.0250006, 2.5000005
[279][0][0], -2.0999992, -1.624999, -0.124999225
[279][0][1], 0.25000077, 0.32500073, 1.2500008
[279][0][2], 3.175001, 3.0750008, 3.3500009
[280][0][0], 2.7250013, 2.0250013, 1.9250011
[280][0][1], 3.1500013, 2.1000013, 1.8500011
[280][0][2], 3.400001, 2.7000012, 2.6000013
[281][0][0], 1.4000013, 1.0750011, 1.6750011
[281][0][1], 1.4250011, 0.7750011, 0.9500011
[281][0][2], 2.6750011, 1.8750012, 1.5500013
[282][0][0], 1.0750015, 0.95000154, 1.5000015
[282][0][1], 1.0250015, 1.0000014, 1.4750016
[282][0][2], 1.3250015, 1.5750015, 1.8000016
[283][0][0], -1.75, -1.575, -1.275
[283][0][1], -0.39999998, -0.75, -1.225
[283][0][2], 0.8, 0.575, 0.07500002
[284][0][0], -1.3749999, -1.2, -0.7
[284][0][1], -1.525, -1.45, -1.5
[284][0][2], -0.40000004, 0.22500001, 0.099999994
[285][0][0], -1.9249985, -2.0249984, -0.99999845
[285][0][1], -1.3999984, -2.2499986, -2.2999985
[285][0][2], 0.6500015, -0.22499847, -1.0249985
[286][0][0], -2.3999994, -1.8499993, -0.19999924
[286][0][1], -3.2499995, -3.6249993, -2.8499992
[286][0][2], -1.9249992, -2.9249992, -3.4499993
[287][0][0], -2.6249988, -2.174999, -1.224999
[287][0][1], -4.6749988, -4.3999987, -3.9249988
[287][0][2], -4.499999, -4.0499988, -3.649999
[288][0][0], -3.9249995, -2.2499995, -0.5249996
[288][0][1], -7.174999, -6.25, -4.825
[288][0][2], -6.075, -6.174999, -5.8999996
[289][0][0], -4.025, -2.875, -1.5500001
[289][0][1], -6.1, -5.175, -4.7
[289][0][2], -2.275, -1.6750001, -2.4249997
[290][0][0], -6.1999984, -4.649998, -2.174998
[290][0][1], -6.149998, -5.5999975, -4.174998
[290][0][2], 0.075001955, -0.5499981, -0.7249981
[291][0][0], -3.4749982, -3.274998, -1.1499981
[291][0][1], -1.0999981, -1.799998, -0.9499981
[291][0][2], 3.775002, 2.1000018, 1.2250018
[292][0][0], 4.850001, 3.2250009, 1.9250007
[292][0][1], 6.1000004, 5.125001, 3.9000008
[292][0][2], 6.825001, 6.325001, 5.3000007
[293][0][0], 3.5500011, 2.7000012, 2.1500013
[293][0][1], 6.3250012, 5.675001, 5.0250015
[293][0][2], 6.500001, 6.6000013, 6.300001
[294][0][0], 2.6750004, 1.6500003, 0.9250003
[294][0][1], 3.5750005, 1.8500003, 0.7750004
[294][0][2], 5.15, 3.5500002, 2.1750004
[295][0][0], 2.8250015, 2.3000016, 1.2500015
[295][0][1], 2.4000015, 1.2750015, -0.14999849
[295][0][2], 1.5750016, 0.90000147, 0.1500015
[296][0][0], 1.0750004, 1.0750004, 1.2250004
[296][0][1], -0.09999962, -0.34999964, -0.27499962
[296][0][2], -0.34999964, -0.29999965, -0.24999963
[297][0][0], 1.5000007, 0.82500076, 0.22500075
[297][0][1], 0.6250008, -0.07499923, -0.7749992
[297][0][2], 0.72500074, 1.0000007, 0.77500075
[298][0][0], 0.90000075, -0.3499992, -0.6499992
[298][0][1], 0.40000078, -0.7749992, -1.1749992
[298][0][2], -1.4999993, -1.0999992, -0.39999923
[299][0][0], 2.5749998, 2.275, 1.6750001
[299][0][1], 1.375, 1.05, 0.65
[299][0][2], -3.1000001, -2.075, -0.925
[300][0][0], -2.124999, -1.9999993, -1.5499994
[300][0][1], 0.20000078, -0.32499924, -0.6999993
[300][0][2], -0.54999924, -0.42499924, -0.39999923
[301][0][0], -1.7499985, -1.5249984, -1.4999985
[301][0][1], -1.2749984, -1.5749984, -1.2999984
[301][0][2], -0.4499985, -0.4749984, 0.025001526
[302][0][0], 3.125001, 2.3750012, 0.77500117
[302][0][1], 3.375001, 2.6000013, 1.4750011
[302][0][2], 1.0750011, 0.97500116, 1.1750011
[303][0][0], 2.175001, 2.1250007, 1.1500008
[303][0][1], 4.5250006, 4.325001, 3.175001
[303][0][2], 3.300001, 3.5250008, 3.4250007
[304][0][0], 0.47500125, 1.3250012, 1.0250012
[304][0][1], 2.6750011, 3.550001, 2.9250011
[304][0][2], 2.4000013, 3.125001, 2.650001
[305][0][0], 2.1500015, 3.7500014, 3.1750016
[305][0][1], 3.3250017, 4.175001, 3.1500015
[305][0][2], 1.0250015, 2.0000014, 2.0000014
[306][0][0], 2.225001, 2.150001, 1.275001
[306][0][1], 2.3750012, 2.6000013, 2.1750011
[306][0][2], 0.7250011, 2.0000012, 2.900001
[307][0][0], 1.7750015, 1.7250016, 0.9000015
[307][0][1], 2.2750015, 2.2000017, 1.5000015
[307][0][2], 1.9250016, 2.6000013, 2.6750016
[308][0][0], 1.1250012, 0.67500114, -0.32499883
[308][0][1], 2.350001, 1.650001, 0.32500112
[308][0][2], 2.375001, 2.6000013, 2.0000012
[309][0][0], 3.3750012, 2.275001, 0.55000114
[309][0][1], 3.5500011, 2.8000011, 1.0750012
[309][0][2], 2.3250012, 2.8000011, 2.1750011
[310][0][0], 2.025001, 1.9250011, 1.2500011
[310][0][1], 1.6750011, 1.1250012, 0.47500113
[310][0][2], 1.5250012, 1.1250012, 0.55000114
[311][0][0], -0.07499925, -1.0249991, -1.7749993
[311][0][1], 1.4750007, 0.6250008, -0.64999914
[311][0][2], 1.8000007, 2.2750008, 1.8500009
[312][0][0], 0.15000191, -1.5249981, -2.599998
[312][0][1], 1.5750018, 0.8750019, 0.27500188
[312][0][2], 2.6750019, 3.3000019, 3.4750018
[313][0][0], 1.0750008, 0.050000787, -0.7499993
[313][0][1], 1.0750008, 0.7500008, 0.40000075
[313][0][2], 1.3250008, 2.2000008, 2.6500006
[314][0][0], 2.500002, 2.450002, 1.3250018
[314][0][1], 2.3500018, 2.900002, 2.300002
[314][0][2], 1.825002, 3.3500018, 3.500002
[315][0][0], 4.850001, 5.4250007, 4.700001
[315][0][1], 3.7750008, 5.125001, 5.1500006
[315][0][2], 1.2500007, 3.2750006, 4.1750007
[316][0][0], 3.1500013, 3.5500011, 3.225001
[316][0][1], 3.775001, 5.050001, 5.050001
[316][0][2], 2.3500013, 4.4750013, 5.400001
[317][0][0], 2.8250003, 2.9000003, 2.0250006
[317][0][1], 3.0250006, 3.6500003, 3.1000004
[317][0][2], 3.1750004, 4.6250005, 4.825001
[318][0][0], 4.7750015, 4.7750015, 3.7000017
[318][0][1], 4.0500016, 4.250002, 3.2250013
[318][0][2], 3.2250013, 4.4750013, 4.0000014
[319][0][0], 2.6750019, 1.6250019, 0.40000194
[319][0][1], 3.825002, 2.875002, 1.6750019
[319][0][2], 2.000002, 2.325002, 1.975002
[320][0][0], -0.30000007, -1.2249999, -1.6499999
[320][0][1], 1.15, 0.625, 0.049999952
[320][0][2], 1.775, 1.9, 1.425
[321][0][0], 0.9250008, 0.52500075, -0.32499918
[321][0][1], 2.0250008, 2.3500009, 1.9500008
[321][0][2], 2.2750008, 4.175001, 4.600001
[322][0][0], 4.0, 4.5250006, 3.6500003
[322][0][1], 3.1250002, 4.9, 5.2000003
[322][0][2], 1.8000004, 5.175, 6.6000004
[323][0][0], 5.6750007, 5.575001, 4.3500004
[323][0][1], 3.7500007, 4.7500005, 4.9250007
[323][0][2], 1.1750008, 3.7750006, 5.425001
[324][0][0], 6.8750005, 6.450001, 5.0750003
[324][0][1], 4.55, 4.25, 3.4500003
[324][0][2], 3.1500006, 3.8750002, 4.0250006
[325][0][0], 6.35, 4.7000003, 3.075
[325][0][1], 8.3, 6.275, 4.225
[325][0][2], 6.425, 5.3, 3.7
[326][0][0], 2.25, 1.725, 1.725
[326][0][1], 6.175, 5.275, 4.675
[326][0][2], 4.55, 3.775, 3.25
[327][0][0], 2.3250008, 1.6750008, 0.75000083
[327][0][1], 2.375001, 1.6250007, 0.9250008
[327][0][2], 1.3500007, 1.3750008, 1.3750008
[328][0][0], 3.3500016, 2.8000016, 1.9500016
[328][0][1], 4.5000014, 3.2000015, 1.3500016
[328][0][2], 2.5500014, 2.1000016, 1.3250015
[329][0][0], 1.3750012, 0.87500113, 0.20000115
[329][0][1], 1.6750011, 0.5750011, -0.024998844
[329][0][2], 1.3500011, 1.025001, 1.0500011
[330][0][0], -0.59999925, -1.4249992, -2.0249991
[330][0][1], 0.85000074, 0.22500075, -0.27499923
[330][0][2], 1.6000009, 2.4000006, 2.675001
[331][0][0], 2.0000012, 0.92500114, -0.27499884
[331][0][1], 1.2000012, 0.8250011, 0.07500112
[331][0][2], 1.5500011, 2.350001, 1.8250011
[332][0][0], 1.2500014, -0.34999847, -1.4499985
[332][0][1], 1.7750015, 0.9000016, 0.22500154
[332][0][2], 2.9250016, 2.8750014, 1.8250016
[333][0][0], -1.35, -2.9, -3.025
[333][0][1], -1.4749999, -3.0, -3.85
[333][0][2], 0.57500005, 0.075, -1.225
[334][0][0], -0.22499844, -0.5499985, -1.2749984
[334][0][1], -1.7499985, -2.1499984, -2.5499985
[334][0][2], -0.9499985, -1.0249985, -1.0499984
[335][0][0], -1.0999997, -0.22499964, 0.2250004
[335][0][1], -1.7749996, -0.94999963, -0.44999957
[335][0][2], 0.05000043, 0.55000037, 0.50000036
[336][0][0], 0.42500192, 1.7500019, 1.8750019
[336][0][1], -1.3249981, 0.27500188, 1.325002
[336][0][2], -2.924998, -1.4999981, 0.2500019
[337][0][0], -1.0749992, -0.27499926, -0.24999924
[337][0][1], -2.5499992, -1.6999993, -0.49999923
[337][0][2], -4.8749995, -3.3249993, -0.6249993
[338][0][0], -2.7499993, -1.7249992, -0.9999993
[338][0][1], -4.499999, -2.9999993, -0.7749992
[338][0][2], -4.499999, -3.0999994, -0.2749992
[339][0][0], 1.650001, 1.5500011, 0.92500114
[339][0][1], 1.2250011, 1.5250012, 1.3250012
[339][0][2], 1.6000011, 2.400001, 2.350001
[340][0][0], 0.82500076, 0.9000008, 0.9000008
[340][0][1], 1.7500008, 1.9500008, 2.2250009
[340][0][2], 0.5500008, 2.175001, 3.375001
[341][0][0], 0.07500154, -1.0749985, -1.6999985
[341][0][1], -0.79999846, -0.7499985, -0.07499844
[341][0][2], -1.7999984, -0.7249985, 0.6000015
[342][0][0], 2.6750011, 2.2500012, 0.90000117
[342][0][1], 2.0500011, 2.1250012, 1.7250011
[342][0][2], 0.9500012, 1.7500012, 2.1500013
[343][0][0], 2.750001, 1.7750012, 1.2500012
[343][0][1], 5.125001, 3.225001, 1.7000011
[343][0][2], 4.150001, 3.2000012, 2.125001
[344][0][0], -1.4249988, -2.0749989, -2.099999
[344][0][1], 0.97500116, -0.29999888, -0.6249988
[344][0][2], 2.100001, 1.1500012, 0.5750011
[345][0][0], -1.5, -1.325, -1.55
[345][0][1], 0.325, -0.6750001, -1.55
[345][0][2], 1.275, 0.17500004, -0.65
[346][0][0], -0.24999997, -0.35000002, -1.5
[346][0][1], 2.125, 0.975, -0.7
[346][0][2], 3.0749998, 2.15, 1.075
[347][0][0], 1.975, 1.925, 0.77500004
[347][0][1], 2.875, 2.3, 1.15
[347][0][2], 2.55, 2.35, 2.15
[348][0][0], 3.375001, 2.675001, 1.1750008
[348][0][1], 4.1500006, 3.2250009, 1.5500007
[348][0][2], 3.5000007, 3.8250008, 3.3750007
[349][0][0], 4.5000014, 3.3000016, 1.2500014
[349][0][1], 2.8750014, 1.5500015, 0.12500152
[349][0][2], 0.7250015, 0.9750016, 1.0000014
[350][0][0], 4.525001, 3.275001, 1.825001
[350][0][1], 1.2750012, -0.47499895, -1.9499987
[350][0][2], -0.7249989, -0.97499883, -1.4999988
[351][0][0], 4.975002, 3.3250017, 1.4750019
[351][0][1], 6.100002, 3.700002, 0.95000196
[351][0][2], 2.950002, 1.900002, 0.47500193
[352][0][0], -0.72499955, -0.9249996, -0.8999997
[352][0][1], 3.5750005, 1.7000004, 0.3000004
[352][0][2], 4.1000004, 2.6250005, 1.5500003
[353][0][0], -3.924999, -4.324999, -3.6999986
[353][0][1], -0.29999876, -2.099999, -2.774999
[353][0][2], 3.350001, 1.2500012, -0.34999883
[354][0][0], -0.09999883, -1.3749987, -2.5999987
[354][0][1], 2.3000011, -0.12499893, -1.8999988
[354][0][2], 4.125001, 2.1000013, 0.55000114
[355][0][0], 1.375, 0.9000001, -0.07500005
[355][0][1], 2.875, 0.425, -1.8750001
[355][0][2], 3.525, 1.575, 0.0
[356][0][0], 2.9500015, 2.3750014, 0.6000016
[356][0][1], 3.3000016, 1.6250014, -0.37499845
[356][0][2], 3.6500015, 1.8250015, 0.5500015
[357][0][0], 3.1750002, 3.275, 1.375
[357][0][1], 2.925, 1.875, -0.35000005
[357][0][2], 3.525, 1.375, -0.87499994
[358][0][0], 1.0500011, 2.0000012, 1.6250011
[358][0][1], 2.3500013, 2.1000013, 0.7000011
[358][0][2], 4.0250015, 2.7000012, 0.7000012
[359][0][0], 0.2000004, 0.17500043, -0.4249996
[359][0][1], 0.20000039, 0.075000405, -0.74999964
[359][0][2], 2.1250005, 2.2000003, 1.6250005
[360][0][0], 2.4000015, 3.0250015, 2.7000015
[360][0][1], 1.4750016, 1.8250016, 1.5500016
[360][0][2], 2.7000017, 2.7500017, 2.3000016
[361][0][0], 0.10000115, 0.37500113, -0.19999886
[361][0][1], 1.2500012, 1.4250011, 0.9750011
[361][0][2], 2.600001, 2.725001, 2.4750013
[362][0][0], 2.1500015, 1.1000016, 0.15000159
[362][0][1], 2.8250015, 0.9750015, -0.94999844
[362][0][2], 4.125001, 2.3500013, 0.45000154
[363][0][0], 1.0500016, 1.2500015, 0.9500016
[363][0][1], 3.4500015, 2.7750015, 0.7750015
[363][0][2], 4.3750014, 3.9750016, 1.6750015
[364][0][0], -0.099998504, -0.47499847, -1.0999984
[364][0][1], 2.2750015, 1.5250015, 0.5500015
[364][0][2], 4.3250017, 3.7500014, 2.6250014

uwnd.time[365]
1937256.0, 1937280.0, 1937304.0, 1937328.0, 1937352.0, 1937376.0, 1937400.0, 1937424.0, 1937448.0, 1937472.0, 1937496.0, 1937520.0, 1937544.0, 1937568.0, 1937592.0, 1937616.0, 1937640.0, 1937664.0, 1937688.0, 1937712.0, 1937736.0, 1937760.0, 1937784.0, 1937808.0, 1937832.0, 1937856.0, 1937880.0, 1937904.0, 1937928.0, 1937952.0, 1937976.0, 1938000.0, 1938024.0, 1938048.0, 1938072.0, 1938096.0, 1938120.0, 1938144.0, 1938168.0, 1938192.0, 1938216.0, 1938240.0, 1938264.0, 1938288.0, 1938312.0, 1938336.0, 1938360.0, 1938384.0, 1938408.0, 1938432.0, 1938456.0, 1938480.0, 1938504.0, 1938528.0, 1938552.0, 1938576.0, 1938600.0, 1938624.0, 1938648.0, 1938672.0, 1938696.0, 1938720.0, 1938744.0, 1938768.0, 1938792.0, 1938816.0, 1938840.0, 1938864.0, 1938888.0, 1938912.0, 1938936.0, 1938960.0, 1938984.0, 1939008.0, 1939032.0, 1939056.0, 1939080.0, 1939104.0, 1939128.0, 1939152.0, 1939176.0, 1939200.0, 1939224.0, 1939248.0, 1939272.0, 1939296.0, 1939320.0, 1939344.0, 1939368.0, 1939392.0, 1939416.0, 1939440.0, 1939464.0, 1939488.0, 1939512.0, 1939536.0, 1939560.0, 1939584.0, 1939608.0, 1939632.0, 1939656.0, 1939680.0, 1939704.0, 1939728.0, 1939752.0, 1939776.0, 1939800.0, 1939824.0, 1939848.0, 1939872.0, 1939896.0, 1939920.0, 1939944.0, 1939968.0, 1939992.0, 1940016.0, 1940040.0, 1940064.0, 1940088.0, 1940112.0, 1940136.0, 1940160.0, 1940184.0, 1940208.0, 1940232.0, 1940256.0, 1940280.0, 1940304.0, 1940328.0, 1940352.0, 1940376.0, 1940400.0, 1940424.0, 1940448.0, 1940472.0, 1940496.0, 1940520.0, 1940544.0, 1940568.0, 1940592.0, 1940616.0, 1940640.0, 1940664.0, 1940688.0, 1940712.0, 1940736.0, 1940760.0, 1940784.0, 1940808.0, 1940832.0, 1940856.0, 1940880.0, 1940904.0, 1940928.0, 1940952.0, 1940976.0, 1941000.0, 1941024.0, 1941048.0, 1941072.0, 1941096.0, 1941120.0, 1941144.0, 1941168.0, 1941192.0, 1941216.0, 1941240.0, 1941264.0, 1941288.0, 1941312.0, 1941336.0, 1941360.0, 1941384.0, 1941408.0, 1941432.0, 1941456.0, 1941480.0, 1941504.0, 1941528.0, 1941552.0, 1941576.0, 1941600.0, 1941624.0, 1941648.0, 1941672.0, 1941696.0, 1941720.0, 1941744.0, 1941768.0, 1941792.0, 1941816.0, 1941840.0, 1941864.0, 1941888.0, 1941912.0, 1941936.0, 1941960.0, 1941984.0, 1942008.0, 1942032.0, 1942056.0, 1942080.0, 1942104.0, 1942128.0, 1942152.0, 1942176.0, 1942200.0, 1942224.0, 1942248.0, 1942272.0, 1942296.0, 1942320.0, 1942344.0, 1942368.0, 1942392.0, 1942416.0, 1942440.0, 1942464.0, 1942488.0, 1942512.0, 1942536.0, 1942560.0, 1942584.0, 1942608.0, 1942632.0, 1942656.0, 1942680.0, 1942704.0, 1942728.0, 1942752.0, 1942776.0, 1942800.0, 1942824.0, 1942848.0, 1942872.0, 1942896.0, 1942920.0, 1942944.0, 1942968.0, 1942992.0, 1943016.0, 1943040.0, 1943064.0, 1943088.0, 1943112.0, 1943136.0, 1943160.0, 1943184.0, 1943208.0, 1943232.0, 1943256.0, 1943280.0, 1943304.0, 1943328.0, 1943352.0, 1943376.0, 1943400.0, 1943424.0, 1943448.0, 1943472.0, 1943496.0, 1943520.0, 1943544.0, 1943568.0, 1943592.0, 1943616.0, 1943640.0, 1943664.0, 1943688.0, 1943712.0, 1943736.0, 1943760.0, 1943784.0, 1943808.0, 1943832.0, 1943856.0, 1943880.0, 1943904.0, 1943928.0, 1943952.0, 1943976.0, 1944000.0, 1944024.0, 1944048.0, 1944072.0, 1944096.0, 1944120.0, 1944144.0, 1944168.0, 1944192.0, 1944216.0, 1944240.0, 1944264.0, 1944288.0, 1944312.0, 1944336.0, 1944360.0, 1944384.0, 1944408.0, 1944432.0, 1944456.0, 1944480.0, 1944504.0, 1944528.0, 1944552.0, 1944576.0, 1944600.0, 1944624.0, 1944648.0, 1944672.0, 1944696.0, 1944720.0, 1944744.0, 1944768.0, 1944792.0, 1944816.0, 1944840.0, 1944864.0, 1944888.0, 1944912.0, 1944936.0, 1944960.0, 1944984.0, 1945008.0, 1945032.0, 1945056.0, 1945080.0, 1945104.0, 1945128.0, 1945152.0, 1945176.0, 1945200.0, 1945224.0, 1945248.0, 1945272.0, 1945296.0, 1945320.0, 1945344.0, 1945368.0, 1945392.0, 1945416.0, 1945440.0, 1945464.0, 1945488.0, 1945512.0, 1945536.0, 1945560.0, 1945584.0, 1945608.0, 1945632.0, 1945656.0, 1945680.0, 1945704.0, 1945728.0, 1945752.0, 1945776.0, 1945800.0, 1945824.0, 1945848.0, 1945872.0, 1945896.0, 1945920.0, 1945944.0, 1945968.0, 1945992.0

uwnd.level[1]
850.0

uwnd.lat[3]
27.5, 25.0, 22.5

uwnd.lon[3]
85.0, 87.5, 90.0


