Dataset {
    Grid {
     ARRAY:
        Float32 uwnd[time = 365][level = 1][lat = 3][lon = 3];
     MAPS:
        Float64 time[time = 365];
        Float32 level[level = 1];
        Float32 lat[lat = 3];
        Float32 lon[lon = 3];
    } uwnd;
} Datasets/ncep.reanalysis.dailyavgs/pressure/uwnd.2023.nc;
---------------------------------------------
uwnd.uwnd[365][1][3][3]
[0][0][0], 2.2750008, 1.4500008, 0.30000076
[0][0][1], 0.57500076, -0.37499923, -1.4499993
[0][0][2], 1.750001, 1.2000008, 0.3500008
[1][0][0], 1.3500007, 1.4250008, 0.45000076
[1][0][1], 0.7500008, 0.8250007, 7.599592E-7
[1][0][2], 1.1500007, 1.0500007, 0.3250007
[2][0][0], 2.0250008, 2.1000009, 0.8000008
[2][0][1], 1.4500008, 0.8750007, -0.99999917
[2][0][2], 1.6750008, 1.0750008, -0.5749992
[3][0][0], 0.57500106, 0.72500104, -0.22499886
[3][0][1], 2.5500011, 1.3250011, -1.0749989
[3][0][2], 3.200001, 2.5000012, 0.6250012
[4][0][0], -2.149999, -3.6749988, -4.574999
[4][0][1], 1.6750011, -0.24999887, -1.9749988
[4][0][2], 2.4250011, 1.4000012, 0.15000114
[5][0][0], -3.5249999, -4.8, -5.05
[5][0][1], -1.225, -2.425, -2.7
[5][0][2], 1.35, 0.95, 0.84999996
[6][0][0], -0.99999964, -2.2749996, -2.7499995
[6][0][1], -1.5999997, -2.6749997, -2.6249998
[6][0][2], 0.15000033, -0.099999666, 0.2500004
[7][0][0], 2.3000016, 0.15000153, -1.6749983
[7][0][1], -0.17499849, -1.5999984, -2.1749985
[7][0][2], -1.8499985, -1.7999985, -1.0249984
[8][0][0], 2.4750013, 0.47500116, -1.4499989
[8][0][1], 0.62500113, -0.6999988, -1.5249989
[8][0][2], -0.89999884, -0.84999883, -0.34999886
[9][0][0], 4.4500012, 3.425001, 1.5250012
[9][0][1], 3.350001, 1.8750012, 0.22500113
[9][0][2], 1.8750011, 1.2250011, 0.4000011
[10][0][0], 2.7000008, 1.3500009, -0.6249993
[10][0][1], 3.800001, 2.4750009, 0.9000008
[10][0][2], 4.6250005, 3.9000006, 2.8500009
[11][0][0], 3.0500007, 2.8250008, 1.1750007
[11][0][1], 3.4250007, 2.3500009, 0.22500077
[11][0][2], 5.7750006, 5.150001, 3.3000007
[12][0][0], 3.025001, 3.8500013, 2.9250011
[12][0][1], 2.750001, 2.6500013, 0.9000011
[12][0][2], 5.325001, 5.325001, 3.6750011
[13][0][0], 6.8750014, 8.175001, 7.750001
[13][0][1], 4.9500012, 5.5250006, 4.275001
[13][0][2], 5.800001, 6.050001, 4.300001
[14][0][0], 7.625001, 6.925001, 5.2250004
[14][0][1], 6.4250007, 5.7500005, 3.8250008
[14][0][2], 6.375001, 6.6250005, 5.325001
[15][0][0], 5.3250017, 5.900002, 5.025002
[15][0][1], 4.150002, 4.0750017, 2.3500018
[15][0][2], 5.525002, 5.7000017, 3.9000018
[16][0][0], 4.075001, 3.8250008, 2.4750009
[16][0][1], 4.075001, 3.4000006, 1.5000008
[16][0][2], 5.500001, 5.200001, 3.6000009
[17][0][0], 3.9750016, 3.6250014, 1.6500015
[17][0][1], 4.725002, 3.6500015, 0.87500155
[17][0][2], 5.750002, 5.0000014, 2.7250016
[18][0][0], 4.4750004, 4.625, 2.9750004
[18][0][1], 2.2000003, 1.5750004, -0.17499962
[18][0][2], 2.8750005, 2.2750006, 0.77500033
[19][0][0], 4.300001, 4.4500012, 2.900001
[19][0][1], 2.0750012, 0.8250011, -1.6999989
[19][0][2], 2.325001, 1.3250011, -0.64999884
[20][0][0], 5.075, 5.075, 3.3000002
[20][0][1], 3.575, 2.4250002, -0.3
[20][0][2], 2.3249998, 1.775, -0.099999994
[21][0][0], 3.9499998, 4.425, 3.525
[21][0][1], 1.6500001, 1.2499999, -0.24999999
[21][0][2], 0.4, 0.5, -0.275
[22][0][0], 4.1, 4.725, 3.4250002
[22][0][1], 1.7499998, 1.95, 0.65
[22][0][2], 1.025, 1.325, 0.62500006
[23][0][0], 1.0500011, 2.5750012, 2.2250013
[23][0][1], 0.5500012, 1.0750012, 0.025001138
[23][0][2], 1.8750013, 1.7750012, 0.7000012
[24][0][0], 2.425, 3.6000001, 2.8
[24][0][1], 2.1, 2.4500003, 0.9999999
[24][0][2], 2.75, 2.95, 2.0
[25][0][0], 3.125, 3.05, 1.5500001
[25][0][1], 1.75, 1.5500001, 0.075
[25][0][2], 1.8, 2.475, 1.8500001
[26][0][0], 5.2250013, 5.050002, 3.9000015
[26][0][1], 5.5750012, 4.8500013, 3.2250016
[26][0][2], 3.6250014, 2.7750015, 1.4750016
[27][0][0], 3.9250004, 2.1750004, -0.049999654
[27][0][1], 5.500001, 3.4000006, 0.62500036
[27][0][2], 4.0250006, 2.7500005, 0.8000004
[28][0][0], 0.4249999, 0.025000006, -1.625
[28][0][1], 0.7, 0.87500006, -0.24999999
[28][0][2], -0.725, 0.5, 0.7
[29][0][0], -0.27499962, 0.17500037, 3.7625432E-7
[29][0][1], -0.9749996, -0.34999958, -0.42499965
[29][0][2], -0.32499963, 0.55000037, 0.30000037
[30][0][0], 3.8750024, 3.2000024, 2.3000023
[30][0][1], 3.3000023, 3.0500026, 2.2500024
[30][0][2], 1.7500023, 2.0000024, 1.3500023
[31][0][0], 3.300001, 3.375001, 3.0000007
[31][0][1], 4.500001, 4.1500006, 3.050001
[31][0][2], 2.6250007, 2.7000008, 1.9000008
[32][0][0], 2.150001, 0.9250011, -0.42499876
[32][0][1], 4.275001, 3.200001, 1.9250011
[32][0][2], 3.0500011, 2.8000011, 2.5000012
[33][0][0], 5.1250014, 3.125001, 0.80000114
[33][0][1], 7.000001, 5.075001, 2.2750013
[33][0][2], 4.775001, 4.500001, 3.5500014
[34][0][0], 5.1250014, 3.1250014, 1.4750016
[34][0][1], 7.5250015, 5.0750012, 2.1500015
[34][0][2], 5.975002, 4.8000016, 2.9500015
[35][0][0], 4.875001, 3.025001, 1.0500011
[35][0][1], 6.175001, 4.150001, 1.6750011
[35][0][2], 5.5000014, 4.750001, 3.4250011
[36][0][0], 7.000001, 5.725001, 3.3750007
[36][0][1], 6.725001, 5.6000004, 3.6500008
[36][0][2], 5.5500007, 5.575001, 5.1000004
[37][0][0], 5.525, 4.775, 4.075
[37][0][1], 7.125, 5.9750004, 4.525
[37][0][2], 7.125, 6.325, 5.1
[38][0][0], 3.8250008, 3.1000009, 2.425001
[38][0][1], 5.525001, 4.6750007, 3.650001
[38][0][2], 6.6500006, 5.6500006, 4.1250005
[39][0][0], 5.050001, 4.250001, 2.6250007
[39][0][1], 4.100001, 3.4000008, 1.6750007
[39][0][2], 4.500001, 3.9250007, 2.4250007
[40][0][0], 6.8, 7.5250006, 6.05
[40][0][1], 5.125, 5.6250005, 4.8500004
[40][0][2], 4.6750007, 5.1000004, 4.9750004
[41][0][0], 10.1, 10.7, 8.9
[41][0][1], 9.275, 9.1, 7.5
[41][0][2], 7.75, 7.1, 6.45
[42][0][0], 12.450001, 11.525001, 8.975001
[42][0][1], 12.200001, 11.150001, 8.250001
[42][0][2], 9.150002, 8.775001, 6.950001
[43][0][0], 4.25, 1.9, 0.19999999
[43][0][1], 7.45, 4.5750003, 1.75
[43][0][2], 10.725, 9.325, 6.55
[44][0][0], 2.8750007, 1.7000006, 0.32500076
[44][0][1], 3.7000005, 2.3500009, 0.47500074
[44][0][2], 6.4250007, 5.625001, 3.7500007
[45][0][0], -0.35000002, -2.2749999, -3.1249998
[45][0][1], 2.55, -0.32500002, -1.875
[45][0][2], 5.8500004, 3.9250002, 2.6000001
[46][0][0], -1.0749997, -1.9749997, -2.4249995
[46][0][1], -1.8749996, -2.8499997, -2.7999997
[46][0][2], 1.1000004, 1.0750003, 1.7250004
[47][0][0], -0.624998, -1.2749981, -2.2749977
[47][0][1], -2.224998, -1.9749981, -1.599998
[47][0][2], 1.1500019, 2.125002, 2.9750018
[48][0][0], 1.0500019, 0.47500193, -0.099998236
[48][0][1], 0.70000196, 0.3750019, 0.2500019
[48][0][2], 2.9000018, 3.1000018, 3.3500018
[49][0][0], 3.9000008, 3.0000007, 1.8000007
[49][0][1], 3.1250007, 2.2250009, 1.2750007
[49][0][2], 3.9500008, 3.5250006, 3.0250008
[50][0][0], 5.125001, 4.4250007, 2.6000009
[50][0][1], 3.6000006, 2.8000007, 1.6000009
[50][0][2], 3.7000005, 3.125001, 2.3500006
[51][0][0], 5.800001, 5.625001, 4.3500004
[51][0][1], 5.600001, 4.7750006, 3.2750008
[51][0][2], 5.1000004, 4.450001, 3.5250006
[52][0][0], 6.9750004, 6.825001, 5.8250003
[52][0][1], 6.825001, 6.025, 4.7500005
[52][0][2], 6.4000006, 5.075001, 3.8250003
[53][0][0], 6.550001, 5.9750013, 5.0750012
[53][0][1], 7.2750006, 5.650001, 4.0250015
[53][0][2], 5.275001, 3.6750011, 2.4500012
[54][0][0], 3.475001, 2.850001, 3.0750012
[54][0][1], 5.375001, 4.550001, 4.1000013
[54][0][2], 3.7500012, 2.8750012, 1.9250011
[55][0][0], 4.325001, 2.500001, 0.85000074
[55][0][1], 3.8750007, 2.4000008, 1.4250007
[55][0][2], 2.7750008, 1.8000007, 1.4500008
[56][0][0], 3.4000008, 2.3000007, 1.0000008
[56][0][1], 3.1500008, 3.500001, 3.7500007
[56][0][2], 3.6750007, 4.500001, 5.425001
[57][0][0], 4.7750006, 3.4500005, 2.3500004
[57][0][1], 3.4750004, 3.1500003, 2.9250002
[57][0][2], 3.2750003, 4.2000003, 4.950001
[58][0][0], 6.05, 4.05, 1.9500003
[58][0][1], 4.3250003, 3.3500004, 2.2250004
[58][0][2], 2.4250004, 3.3250003, 3.9500008
[59][0][0], 6.0000005, 4.950001, 3.0750008
[59][0][1], 4.8000007, 4.4000006, 2.9000008
[59][0][2], 3.3500009, 3.5250008, 2.8000007
[60][0][0], 7.05, 5.0249996, 2.675
[60][0][1], 5.825, 4.35, 2.6750002
[60][0][2], 3.05, 2.2, 1.5250001
[61][0][0], 6.8000007, 4.500001, 2.4250007
[61][0][1], 6.7000012, 4.675001, 2.625001
[61][0][2], 4.6750007, 3.3500006, 2.1000006
[62][0][0], 5.425, 2.7500005, 0.62500036
[62][0][1], 5.0250006, 3.2250004, 1.5750004
[62][0][2], 4.4, 3.9750004, 3.4250004
[63][0][0], 7.375001, 5.2750006, 3.0250008
[63][0][1], 7.325001, 5.9750004, 4.200001
[63][0][2], 4.975001, 4.900001, 4.4750004
[64][0][0], 7.1000004, 6.15, 4.625
[64][0][1], 7.0, 5.625, 4.025
[64][0][2], 5.0249996, 3.75, 2.775
[65][0][0], 5.55, 4.35, 2.8
[65][0][1], 3.75, 2.65, 1.5500001
[65][0][2], 3.225, 2.8, 2.575
[66][0][0], 3.825001, 3.975001, 3.475001
[66][0][1], 2.2000012, 1.9500011, 1.6000011
[66][0][2], 2.1750011, 1.3250012, 1.1000011
[67][0][0], 4.25, 4.1499996, 3.4
[67][0][1], 3.6, 3.05, 2.375
[67][0][2], 2.925, 2.4, 2.025
[68][0][0], 1.725, 1.25, 0.97499996
[68][0][1], 4.725, 3.975, 3.1
[68][0][2], 3.925, 3.8250003, 3.875
[69][0][0], 2.975, 2.2749999, 1.7
[69][0][1], 4.2000003, 3.9, 2.975
[69][0][2], 1.425, 1.625, 1.6999999
[70][0][0], 2.3750014, 1.4750016, 0.92500156
[70][0][1], 2.3000016, 2.0750015, 2.2250016
[70][0][2], 0.70000154, 0.87500143, 1.8750015
[71][0][0], 3.9000013, 2.4500012, 1.2250012
[71][0][1], 2.8250012, 2.475001, 2.5500011
[71][0][2], 2.100001, 2.875001, 4.0750012
[72][0][0], 5.125001, 3.2000008, 1.9000007
[72][0][1], 4.6500006, 4.450001, 4.075001
[72][0][2], 3.5750008, 4.6750007, 5.1750007
[73][0][0], 5.2250013, 3.9500015, 2.6750016
[73][0][1], 6.175001, 5.0000014, 3.4500015
[73][0][2], 5.500002, 5.7500014, 5.0500016
[74][0][0], 2.8250008, 3.2500005, 3.6000009
[74][0][1], 1.7750009, 2.4000006, 3.3250008
[74][0][2], 3.2750008, 3.6750007, 4.375001
[75][0][0], 1.8000011, 2.975001, 3.3000011
[75][0][1], 1.4750011, 2.750001, 2.900001
[75][0][2], 3.175001, 3.9250011, 3.2500012
[76][0][0], 2.0250006, 2.1500008, 1.7250009
[76][0][1], 1.4750007, 2.1750007, 2.5000007
[76][0][2], 2.5750008, 3.7750008, 4.1500006
[77][0][0], 2.225001, 1.5250012, 0.2750011
[77][0][1], 0.9500012, 0.8750012, 0.42500114
[77][0][2], 2.7500012, 3.6750011, 4.150001
[78][0][0], 2.4250011, 1.9250011, 0.62500113
[78][0][1], 2.9750013, 3.8000011, 3.8000011
[78][0][2], 5.3500013, 7.025001, 7.9500012
[79][0][0], 4.3500013, 4.8500013, 4.3000016
[79][0][1], 4.9250016, 5.7750015, 5.6500015
[79][0][2], 5.1500015, 6.0500016, 6.5000014
[80][0][0], 7.2750015, 6.9750013, 5.7000012
[80][0][1], 6.600001, 6.4750013, 5.275001
[80][0][2], 5.800001, 5.750001, 5.025001
[81][0][0], 5.5750012, 3.9250011, 2.4500012
[81][0][1], 5.5000014, 3.725001, 1.9750012
[81][0][2], 4.3750014, 4.0000014, 3.0750012
[82][0][0], 3.9500008, 3.6750007, 2.5250006
[82][0][1], 2.3000007, 2.2500007, 0.8000008
[82][0][2], 1.8250008, 2.5500007, 1.4000008
[83][0][0], 3.150001, 3.6750011, 3.400001
[83][0][1], 1.8500012, 1.5000012, 0.55000114
[83][0][2], 3.6250012, 3.0250013, 1.5000012
[84][0][0], 6.7000012, 6.0500016, 4.6750016
[84][0][1], 5.2250013, 4.725002, 3.1750016
[84][0][2], 4.7500014, 4.7000017, 3.4000015
[85][0][0], 5.6500006, 4.55, 3.125
[85][0][1], 4.525, 3.5749998, 2.1
[85][0][2], 4.7, 4.3, 3.175
[86][0][0], 3.3500018, 2.575002, 1.8500018
[86][0][1], 2.3000019, 1.6500019, 1.0750018
[86][0][2], 2.9250019, 2.875002, 2.675002
[87][0][0], 2.5250003, 2.2750006, 1.7000004
[87][0][1], 1.8000004, 1.2250004, 0.3500004
[87][0][2], 3.5250003, 2.5250003, 1.0750003
[88][0][0], 1.8000008, 1.4250008, 0.25000077
[88][0][1], 1.9750009, 1.8250009, 1.1250007
[88][0][2], 3.3000007, 3.4250007, 3.050001
[89][0][0], 0.050000787, 0.65000075, 0.32500076
[89][0][1], -0.37499923, 0.8000007, 1.0750008
[89][0][2], 2.6500008, 3.650001, 3.625001
[90][0][0], 2.9250016, 2.1250014, 1.1000016
[90][0][1], 2.5250015, 2.3500013, 1.3250015
[90][0][2], 5.3500013, 6.0250015, 5.1500015
[91][0][0], 6.325001, 4.625001, 2.5750008
[91][0][1], 5.825001, 4.125001, 2.1500008
[91][0][2], 4.425001, 4.500001, 4.0500007
[92][0][0], 3.8250008, 2.625001, 1.2250007
[92][0][1], 5.150001, 4.325001, 3.0000007
[92][0][2], 4.8000007, 5.700001, 5.4250007
[93][0][0], 4.3000007, 3.6000009, 2.8750007
[93][0][1], 3.8000007, 3.2000008, 2.8500009
[93][0][2], 4.2750006, 4.450001, 4.325001
[94][0][0], 4.4250007, 4.4250007, 3.9500008
[94][0][1], 2.2500007, 2.4500008, 2.550001
[94][0][2], 1.3000008, 2.2500007, 2.6000009
[95][0][0], 3.4000015, 2.8000016, 1.5500015
[95][0][1], 2.5000014, 1.0250014, -0.5999985
[95][0][2], 2.4750016, 1.5750015, 0.45000148
[96][0][0], 2.8250003, 2.2000003, 1.1250004
[96][0][1], 2.7250004, 1.0250003, -0.84999967
[96][0][2], 2.2500002, 1.2500004, -0.074999616
[97][0][0], 2.8500001, 1.625, 0.45
[97][0][1], 3.125, 1.325, -0.24999997
[97][0][2], 3.6, 2.2, 0.625
[98][0][0], 4.325001, 2.6250005, 1.2500005
[98][0][1], 5.450001, 3.3000004, 1.8250003
[98][0][2], 4.3, 2.6250005, 1.5000004
[99][0][0], 6.3000016, 4.375002, 1.8750014
[99][0][1], 7.0750012, 5.425001, 3.1500015
[99][0][2], 4.7750015, 3.9000015, 2.5250015
[100][0][0], 4.7500005, 3.4000008, 1.7500007
[100][0][1], 5.9000006, 4.1250005, 2.2750008
[100][0][2], 5.800001, 4.475001, 2.5750008
[101][0][0], 4.1750007, 1.8500003, -0.3249996
[101][0][1], 5.125, 2.5000005, 0.15000033
[101][0][2], 5.575001, 4.2750006, 2.525
[102][0][0], 3.5500002, 1.2000004, -1.0499997
[102][0][1], 6.3500004, 3.3250003, 0.4000004
[102][0][2], 6.5000005, 4.450001, 2.2750003
[103][0][0], 2.3000007, 1.2750007, 0.57500076
[103][0][1], 4.475001, 2.5250008, 1.2500007
[103][0][2], 4.600001, 2.4000006, 0.6750008
[104][0][0], 0.30000076, -0.37499928, -0.37499923
[104][0][1], 2.1250007, 0.5500007, 0.12500073
[104][0][2], 4.1750007, 1.7250009, 0.050000764
[105][0][0], 3.3750005, 2.1500003, 0.9500004
[105][0][1], 4.0, 2.2500005, 1.0250003
[105][0][2], 4.4250007, 3.0500004, 2.1250005
[106][0][0], 4.0750003, 3.0500004, 2.1250002
[106][0][1], 5.8000007, 4.575, 3.5000002
[106][0][2], 4.9500003, 4.4500003, 3.9000003
[107][0][0], 1.75, 0.12500001, -0.8249999
[107][0][1], 3.775, 1.7, 0.8749999
[107][0][2], 5.325, 4.125, 3.4250002
[108][0][0], 3.4250007, 1.4000008, 0.25000077
[108][0][1], 6.0500007, 3.3750005, 1.4500008
[108][0][2], 6.9000006, 5.5250006, 3.800001
[109][0][0], 5.8250017, 3.6250014, 1.7250015
[109][0][1], 6.225002, 3.9750016, 1.7000015
[109][0][2], 6.5750012, 5.9500012, 4.4250016
[110][0][0], 5.4500012, 4.4000006, 3.0750008
[110][0][1], 6.550001, 5.125001, 3.375001
[110][0][2], 7.125001, 6.1500006, 4.650001
[111][0][0], 4.400001, 3.6250012, 2.2000012
[111][0][1], 4.4500012, 4.075001, 2.7500012
[111][0][2], 4.3250012, 4.8500013, 4.250001
[112][0][0], 1.4500008, 1.8500007, 1.0500008
[112][0][1], 3.5250006, 4.000001, 2.425001
[112][0][2], 4.500001, 4.9750004, 3.175001
[113][0][0], -1.5749999, -1.1, -0.97499996
[113][0][1], 0.0, 1.325, 1.3000001
[113][0][2], 2.0, 2.7749999, 1.75
[114][0][0], 1.6000011, 0.6000011, -0.5499989
[114][0][1], 2.8750012, 2.0500011, 1.0750011
[114][0][2], 3.5000012, 3.1000013, 2.4250011
[115][0][0], 1.6000011, 0.77500117, -0.29999888
[115][0][1], 2.6750014, 1.8000011, 0.67500114
[115][0][2], 4.1000013, 3.7000012, 2.8500013
[116][0][0], 3.225001, 1.6250012, 1.1324883E-6
[116][0][1], 2.0750012, 1.0000012, -0.024998851
[116][0][2], 2.8000014, 2.6000013, 2.2000012
[117][0][0], 4.2250013, 3.650001, 2.525001
[117][0][1], 3.9500012, 3.150001, 1.7750013
[117][0][2], 4.200001, 3.475001, 2.375001
[118][0][0], 4.175001, 2.8250017, 1.7250016
[118][0][1], 4.7250013, 3.3500013, 2.1750016
[118][0][2], 5.0250015, 3.9750016, 2.7500014
[119][0][0], 2.8250012, 2.025001, 1.6750011
[119][0][1], 4.150001, 3.0500011, 2.125001
[119][0][2], 4.5250006, 3.7500012, 2.8750012
[120][0][0], 2.6250014, 3.3750014, 2.8000016
[120][0][1], 3.5000014, 4.1500015, 3.7750015
[120][0][2], 4.3500013, 4.6500015, 4.2250013
[121][0][0], 1.4500004, 1.2500004, 0.47500038
[121][0][1], 1.1500003, 1.2000004, 1.0000005
[121][0][2], 2.2500005, 2.7750003, 3.1500006
[122][0][0], 1.7250011, 1.7750012, 1.0750011
[122][0][1], 1.2000012, 1.6500012, 1.5750011
[122][0][2], 2.450001, 3.2750013, 3.6750011
[123][0][0], 1.3500011, 0.8500011, -0.024998873
[123][0][1], 2.0000012, 1.450001, 0.32500115
[123][0][2], 4.675001, 5.175001, 4.400001
[124][0][0], 2.1000016, 1.6000016, 0.5250015
[124][0][1], 3.1750014, 3.0750017, 1.9250015
[124][0][2], 6.0000014, 6.4750013, 5.4500012
[125][0][0], 3.7000008, 2.1000006, 0.8750007
[125][0][1], 3.5250008, 1.9250007, 0.4000008
[125][0][2], 4.100001, 3.6250007, 2.4000008
[126][0][0], 6.150001, 5.425001, 3.6000009
[126][0][1], 5.425001, 5.250001, 3.9750013
[126][0][2], 4.5750012, 5.2250013, 4.450001
[127][0][0], 6.175, 5.4500003, 4.15
[127][0][1], 4.8500004, 4.3750005, 3.3750002
[127][0][2], 3.5750005, 3.4250007, 2.4500003
[128][0][0], 7.3500004, 6.5750003, 5.2750006
[128][0][1], 5.875, 5.0750003, 4.0000005
[128][0][2], 2.9250004, 2.7250001, 2.6000004
[129][0][0], 6.050001, 4.8500013, 3.375001
[129][0][1], 5.025001, 4.4750013, 3.5000012
[129][0][2], 3.3000014, 3.7250013, 3.4250011
[130][0][0], 1.5750004, 0.6500004, -0.14999965
[130][0][1], 2.7000003, 1.6250004, 0.7250003
[130][0][2], 2.6000004, 1.7500004, 0.87500036
[131][0][0], -1.7499993, -1.9499992, -2.1749992
[131][0][1], 1.0000008, -0.07499924, -0.3249992
[131][0][2], -0.22499925, -2.4249992, -2.8999991
[132][0][0], -1.7499995, -1.7999997, -1.6749996
[132][0][1], -0.9249996, -2.4749997, -3.6499996
[132][0][2], -2.8749995, -5.9999995, -8.349999
[133][0][0], -0.94999856, -3.4749985, -5.6499987
[133][0][1], -0.7999985, -4.274998, -7.2249985
[133][0][2], 1.1250015, -1.5249984, -3.5249987
[134][0][0], 2.925001, 1.4500008, 0.20000078
[134][0][1], 2.6750007, 1.6250007, 1.6250007
[134][0][2], 4.000001, 3.4000008, 4.200001
[135][0][0], 3.9750009, 2.5750008, 1.7500007
[135][0][1], 5.850001, 4.500001, 3.7250006
[135][0][2], 6.225001, 5.6250005, 5.250001
[136][0][0], 3.025001, 1.8000013, 1.2000011
[136][0][1], 4.2250013, 3.350001, 2.8000011
[136][0][2], 4.750001, 4.8750014, 4.525001
[137][0][0], 2.9000006, 1.4750009, 0.6250007
[137][0][1], 4.300001, 2.9250007, 1.8500007
[137][0][2], 6.300001, 6.0000005, 5.000001
[138][0][0], 4.9000006, 3.750001, 2.6000009
[138][0][1], 6.0500007, 4.575001, 3.2250009
[138][0][2], 5.700001, 5.125001, 4.1000004
[139][0][0], 4.3250012, 3.3000011, 2.700001
[139][0][1], 5.0500016, 3.575001, 2.5000014
[139][0][2], 4.8500013, 3.9250014, 2.7750013
[140][0][0], 3.0250006, 2.5250008, 2.2250006
[140][0][1], 4.825001, 3.8250008, 2.6750007
[140][0][2], 5.075001, 4.400001, 2.825001
[141][0][0], -0.6999985, -0.99999845, -0.24999847
[141][0][1], 2.3000014, 0.9750015, 0.75000155
[141][0][2], 5.850002, 4.8000016, 3.4500017
[142][0][0], 1.150001, -0.8749989, -1.6249988
[142][0][1], 2.650001, 1.1750011, 0.8500012
[142][0][2], 5.1000013, 5.1250014, 5.025001
[143][0][0], -1.2249987, -1.6249988, -1.2999989
[143][0][1], -0.72499883, -1.349999, -1.0249989
[143][0][2], 4.125001, 4.050001, 4.1000013
[144][0][0], 1.35, 0.55, 0.20000005
[144][0][1], 2.025, 1.075, 0.6000001
[144][0][2], 5.65, 5.1, 4.7000003
[145][0][0], 2.5750008, 2.000001, 1.1250007
[145][0][1], 1.5000007, 0.37500077, -0.29999924
[145][0][2], 3.6500006, 2.9000006, 2.5250008
[146][0][0], 2.775002, 0.95000196, -0.049998075
[146][0][1], 2.4750018, 0.7000019, -0.6249981
[146][0][2], 3.625002, 2.975002, 2.025002
[147][0][0], -0.39999926, -0.6499992, -0.4499992
[147][0][1], 0.55000067, 0.17500079, -0.024999231
[147][0][2], 1.0750006, 1.4750007, 1.5000008
[148][0][0], -1.7999989, -1.424999, -0.8999988
[148][0][1], -0.5499989, -0.9499988, -0.62499887
[148][0][2], 1.6500012, 1.3750012, 1.4500011
[149][0][0], 0.025000691, -0.124999285, -0.09999922
[149][0][1], 1.2250007, 0.52500075, -0.07499924
[149][0][2], 2.9750006, 2.5750008, 2.1500008
[150][0][0], 2.9500008, 2.4000008, 2.0000007
[150][0][1], 2.0750008, 1.0000008, 0.6000008
[150][0][2], 1.9000007, 1.5250008, 1.4250007
[151][0][0], 3.850001, 3.0500011, 2.4250011
[151][0][1], 3.250001, 2.1250012, 1.5500011
[151][0][2], 3.1750011, 2.700001, 2.4500012
[152][0][0], 5.7750015, 4.8250012, 4.0000014
[152][0][1], 3.7250016, 3.5750015, 3.8250015
[152][0][2], 1.4750015, 1.8750014, 2.5000014
[153][0][0], 4.8750005, 4.8, 4.175
[153][0][1], 2.2750003, 2.6500006, 2.7250004
[153][0][2], 0.5750004, 1.3250004, 1.6000004
[154][0][0], 3.5750017, 3.3000016, 2.7250016
[154][0][1], 1.1250015, 0.9250015, 1.3000015
[154][0][2], 0.12500152, 0.50000155, 1.2500017
[155][0][0], 2.1750007, 2.1750007, 2.5250006
[155][0][1], 0.85000074, 0.72500074, 1.5750008
[155][0][2], -0.29999924, -0.99999917, -0.59999925
[156][0][0], 3.0750015, 2.7500014, 2.8250015
[156][0][1], 2.4250014, 1.6500014, 1.2250016
[156][0][2], 1.6000016, 0.4250015, -0.5999985
[157][0][0], 1.9749999, 2.075, 1.9749999
[157][0][1], 0.39999998, 0.67499995, 1.05
[157][0][2], -0.15000004, -0.225, -0.37499997
[158][0][0], 2.975001, 2.400001, 1.8250012
[158][0][1], 1.5750012, 0.82500124, 0.32500115
[158][0][2], 0.025001168, -0.37499884, -0.5499989
[159][0][0], 3.225, 2.775, 2.35
[159][0][1], 2.375, 1.15, 0.22499996
[159][0][2], 1.8500001, 1.0250001, 0.225
[160][0][0], 1.2000011, 0.67500114, 0.9500011
[160][0][1], 0.9500011, -0.5999989, -0.99999887
[160][0][2], 2.900001, 1.5000011, 0.72500116
[161][0][0], 2.9500012, 2.4250011, 2.475001
[161][0][1], 3.3750012, 3.0000014, 3.3750014
[161][0][2], 3.0500011, 2.475001, 2.3750012
[162][0][0], 4.4249997, 2.0, 0.5
[162][0][1], 5.3, 2.975, 1.6
[162][0][2], 4.0249996, 2.7, 1.6500001
[163][0][0], 5.475001, 3.5250008, 2.7000008
[163][0][1], 6.525001, 4.475001, 2.9750009
[163][0][2], 7.050001, 5.6500006, 3.9500008
[164][0][0], 4.95, 2.8, 1.525
[164][0][1], 9.25, 7.0250006, 5.425
[164][0][2], 10.975, 9.6, 8.15
[165][0][0], 7.075, 5.425, 4.0000005
[165][0][1], 10.150001, 8.35, 6.375
[165][0][2], 9.3, 8.25, 6.35
[166][0][0], 7.450001, 6.4750013, 5.450001
[166][0][1], 8.200001, 7.075001, 5.925
[166][0][2], 6.500001, 6.575001, 5.9500003
[167][0][0], 5.525001, 5.0750012, 3.7000012
[167][0][1], 6.4000006, 5.775001, 4.825001
[167][0][2], 4.750001, 4.300001, 4.200001
[168][0][0], 5.9500012, 5.8250017, 4.5000014
[168][0][1], 6.7250013, 6.1750016, 4.800001
[168][0][2], 4.3250017, 4.0000014, 3.6000016
[169][0][0], 5.2250013, 5.175001, 4.300001
[169][0][1], 5.4750013, 5.2250013, 5.175001
[169][0][2], 3.9500012, 3.8000011, 4.375001
[170][0][0], 2.9500005, 3.2750006, 3.5500004
[170][0][1], 5.925, 5.4000006, 5.3500004
[170][0][2], 5.6000004, 5.0250006, 5.175
[171][0][0], 2.6500006, 2.950001, 2.4500008
[171][0][1], 5.0500007, 4.8750005, 4.250001
[171][0][2], 4.2750006, 3.8750007, 4.0250006
[172][0][0], 1.800001, 1.575001, 1.3750012
[172][0][1], 3.5500014, 2.4500012, 2.000001
[172][0][2], 3.525001, 2.3000011, 2.1750011
[173][0][0], -0.89999855, -2.1999984, -2.1499984
[173][0][1], 0.70000154, -1.5749984, -2.0499985
[173][0][2], 2.3500013, 0.87500155, 0.8250015
[174][0][0], 0.4750011, -1.2999988, -1.6749988
[174][0][1], -0.47499886, -1.7999988, -1.4499989
[174][0][2], 0.6750012, 0.025001109, 0.52500117
[175][0][0], -1.6499996, -2.7749996, -2.2749996
[175][0][1], -4.8999996, -5.1499996, -3.1749997
[175][0][2], -1.4999996, -1.2999996, 0.5750004
[176][0][0], -4.624999, -4.324999, -2.949999
[176][0][1], -5.5749993, -5.7249994, -4.124999
[176][0][2], 1.8750008, 1.4750009, 1.7250007
[177][0][0], -6.0749984, -4.0249987, -1.2749985
[177][0][1], -5.774998, -4.6999984, -2.4249985
[177][0][2], 3.9000015, 3.0250013, 2.5750015
[178][0][0], -4.2499995, -2.824999, -0.54999924
[178][0][1], -0.07499921, 0.40000075, 1.2250007
[178][0][2], 8.775002, 8.150001, 6.575001
[179][0][0], -0.99999803, -0.5999981, 0.8250019
[179][0][1], 2.700002, 2.3000019, 3.050002
[179][0][2], 8.325002, 6.950002, 5.950002
[180][0][0], 2.6750019, 2.3500018, 2.5500019
[180][0][1], 5.900002, 4.9750023, 4.6750016
[180][0][2], 7.7000017, 6.375002, 5.7250023
[181][0][0], 3.7, 3.325, 3.75
[181][0][1], 4.225, 2.75, 3.125
[181][0][2], 5.35, 2.875, 2.6249998
[182][0][0], 4.575001, 3.775001, 3.600001
[182][0][1], 5.800001, 4.3250012, 3.5500011
[182][0][2], 5.050001, 3.375001, 2.150001
[183][0][0], 3.5000005, 3.3250003, 3.2750006
[183][0][1], 4.6250005, 4.6500006, 4.675
[183][0][2], 2.2000003, 1.6750004, 1.3750005
[184][0][0], 1.4250008, 2.2500007, 3.000001
[184][0][1], 0.12500079, 0.37500077, 1.2750007
[184][0][2], -1.0999993, -1.6499993, -0.9499993
[185][0][0], 0.22500116, -0.3499989, -0.42499888
[185][0][1], -2.0499988, -3.0749989, -3.2999988
[185][0][2], -2.274999, -2.424999, -1.849999
[186][0][0], -2.225, -1.5999999, 0.35000002
[186][0][1], -3.975, -3.5500002, -1.7750001
[186][0][2], -1.125, -0.775, 0.05000001
[187][0][0], -2.524999, -0.9999988, 0.87500113
[187][0][1], -2.474999, -1.8499988, -0.27499887
[187][0][2], 1.650001, 0.60000116, 0.62500113
[188][0][0], -2.025, -1.3249999, -0.07499999
[188][0][1], -0.72499996, -1.3, -1.05
[188][0][2], 3.75, 2.375, 1.5500001
[189][0][0], -0.024998456, 0.6500015, 1.1250014
[189][0][1], 0.9000015, 0.8000015, 1.2250016
[189][0][2], 3.9000013, 3.3250017, 3.3500013
[190][0][0], 0.6500015, 1.5250015, 2.3000016
[190][0][1], 2.1500015, 2.7750015, 3.6500015
[190][0][2], 3.6000016, 3.9000015, 4.3750014
[191][0][0], 0.4250015, 1.5500015, 2.8000016
[191][0][1], 1.9250016, 2.8000016, 4.0500016
[191][0][2], 3.1000013, 3.1750016, 3.8500016
[192][0][0], 2.0500004, 3.4000006, 4.8500004
[192][0][1], 1.7000004, 2.6000004, 4.0250006
[192][0][2], 2.3250003, 1.9500003, 2.3500004
[193][0][0], 4.525001, 4.925001, 4.7000012
[193][0][1], 2.725001, 3.025001, 3.4250011
[193][0][2], 2.325001, 2.3750012, 2.5000012
[194][0][0], 1.8000011, 1.3000011, 1.6250012
[194][0][1], 3.4250011, 2.625001, 2.6750011
[194][0][2], 5.000001, 4.275001, 4.125001
[195][0][0], -0.3249981, -1.699998, -1.849998
[195][0][1], -0.24999812, -1.5499982, -1.4999981
[195][0][2], 1.8750019, 0.8250019, 0.87500185
[196][0][0], -2.049999, -1.7249992, -0.8499993
[196][0][1], -3.074999, -2.374999, -0.7249992
[196][0][2], 1.0500008, 1.0750008, 1.6750008
[197][0][0], -4.3999987, -4.074999, -2.599999
[197][0][1], -6.649999, -6.5499988, -4.6249986
[197][0][2], -1.6749989, -2.6499987, -2.249999
[198][0][0], -3.4499993, -2.2999995, -0.84999925
[198][0][1], -8.799999, -7.249999, -3.9749994
[198][0][2], -7.5749993, -6.9499993, -3.9249992
[199][0][0], -4.3999987, -3.799999, -2.4499989
[199][0][1], -8.399999, -6.874999, -3.874999
[199][0][2], -8.024999, -7.1499987, -4.499999
[200][0][0], -3.4749994, -2.7999992, -1.3749992
[200][0][1], -8.849998, -7.224999, -3.7499993
[200][0][2], -9.599999, -8.674999, -5.0999994
[201][0][0], -2.4499989, -2.024999, -1.6499989
[201][0][1], -7.874999, -6.499999, -4.2999988
[201][0][2], -10.449999, -8.949999, -5.7749987
[202][0][0], -1.7749988, -0.04999888, 0.80000114
[202][0][1], -8.474999, -5.874999, -3.3749988
[202][0][2], -10.649999, -8.149999, -5.0249987
[203][0][0], -1.0999999, 0.67499995, 1.725
[203][0][1], -4.875, -2.875, -0.9749999
[203][0][2], -5.2749996, -4.4750004, -3.175
[204][0][0], 2.3250012, 3.4750013, 3.650001
[204][0][1], -2.9749987, -1.8499987, 0.17500113
[204][0][2], -8.099998, -7.8499985, -5.149999
[205][0][0], 2.3, 1.9749999, 2.075
[205][0][1], -4.55, -4.125, -1.625
[205][0][2], -11.075001, -9.825, -5.25
[206][0][0], -0.2999977, -0.19999772, 0.8500023
[206][0][1], -6.8499975, -5.2499976, -1.8499978
[206][0][2], -9.999998, -7.0749974, -2.3249977
[207][0][0], -0.7499996, 0.35000038, 1.1250004
[207][0][1], -5.4999995, -3.3499997, -0.4249996
[207][0][2], -5.6499996, -2.9749997, 0.62500036
[208][0][0], -0.024999619, -0.12499964, 0.5750004
[208][0][1], -1.8249996, -1.3999996, 0.62500036
[208][0][2], -0.8999996, -0.37499964, 1.8500004
[209][0][0], 3.2500012, 1.525001, 1.0750011
[209][0][1], 1.4750011, -0.2249988, -0.12499885
[209][0][2], 0.5000012, -1.0499989, -0.69999886
[210][0][0], 3.4000018, 1.8000019, 1.5250019
[210][0][1], 2.175002, -0.8499981, -1.7749982
[210][0][2], 1.3750019, -2.1499982, -3.5499983
[211][0][0], 3.5250015, 1.5500016, 0.22500153
[211][0][1], 4.1500015, 1.2250016, -0.62499845
[211][0][2], 3.8250017, 0.82500154, -0.8499984
[212][0][0], -0.8999996, -3.4249995, -4.5999994
[212][0][1], 0.5750004, -3.9749994, -6.2
[212][0][2], 4.825001, 0.7000003, -1.4499997
[213][0][0], -5.824999, -6.0499988, -3.5999985
[213][0][1], -5.6749983, -7.8749986, -6.124998
[213][0][2], 4.3500013, 1.1000016, 0.6000016
[214][0][0], -5.5499983, -4.224999, -1.0999986
[214][0][1], -3.0999985, -2.8249986, -0.42499852
[214][0][2], 7.6500015, 6.3750014, 5.925001
[215][0][0], -4.225, -1.9249996, 0.77500033
[215][0][1], -1.7749996, -1.0499996, 1.0000004
[215][0][2], 6.9000006, 5.925, 5.9000006
[216][0][0], -0.47499895, -0.04999888, 1.9250011
[216][0][1], 2.900001, 3.000001, 4.4750013
[216][0][2], 9.350002, 9.150002, 9.150002
[217][0][0], 3.475001, 1.3500011, 1.1000011
[217][0][1], 7.175001, 6.3250012, 6.675001
[217][0][2], 11.300001, 11.575001, 11.900002
[218][0][0], 5.9500003, 2.8500004, 0.8500004
[218][0][1], 9.6, 6.450001, 4.7500005
[218][0][2], 11.675, 10.1, 9.549999
[219][0][0], 4.5750017, 2.1750016, 0.7250016
[219][0][1], 7.8000016, 5.6250014, 4.3000016
[219][0][2], 9.600001, 8.500002, 7.800001
[220][0][0], 4.150001, 2.275001, 1.4000012
[220][0][1], 6.175001, 4.150001, 3.275001
[220][0][2], 6.900001, 5.8250012, 5.700001
[221][0][0], 2.6750016, 1.9250016, 1.6250014
[221][0][1], 4.5000014, 3.5000014, 3.0500016
[221][0][2], 5.2750015, 5.0250015, 5.1250014
[222][0][0], 4.425001, 2.850001, 1.9500011
[222][0][1], 6.150001, 4.075001, 2.6000013
[222][0][2], 5.9250007, 4.625001, 3.600001
[223][0][0], 7.725001, 5.050001, 3.000001
[223][0][1], 9.350001, 6.775001, 5.2000012
[223][0][2], 8.200001, 6.850001, 6.275001
[224][0][0], 6.675001, 3.925001, 1.9250008
[224][0][1], 7.1500006, 4.150001, 1.8000008
[224][0][2], 5.5750003, 4.025001, 2.7000008
[225][0][0], 3.650002, 2.4750018, 1.8000019
[225][0][1], 2.950002, 1.3500018, 0.8750019
[225][0][2], 3.675002, 2.750002, 2.6750019
[226][0][0], 3.3750012, 2.650001, 2.7000012
[226][0][1], 4.0750012, 2.875001, 2.850001
[226][0][2], 4.500001, 4.0750012, 4.125001
[227][0][0], 2.900001, 1.7500012, 1.5250012
[227][0][1], 5.425001, 2.8750012, 1.0250012
[227][0][2], 5.9500012, 3.5500011, 1.4250011
[228][0][0], 1.4000015, -0.74999845, -1.2749984
[228][0][1], 1.4250015, -2.1249986, -3.7749984
[228][0][2], 2.0000017, -0.99999845, -2.6749983
[229][0][0], -4.0499988, -4.049999, -2.1249988
[229][0][1], -7.999999, -8.599998, -6.2749987
[229][0][2], -5.074999, -5.949999, -4.5249987
[230][0][0], -3.225, -1.3249999, 0.9
[230][0][1], -6.625, -4.35, -1.3
[230][0][2], -3.9, -2.25, -0.3
[231][0][0], -1.7499995, -0.62499964, 1.2500004
[231][0][1], -2.1499994, -0.9999996, 1.3000004
[231][0][2], 0.025000334, 0.8500004, 2.2500005
[232][0][0], 0.52500117, 0.35000113, 1.150001
[232][0][1], 1.0250012, 0.8500011, 1.8750012
[232][0][2], 2.500001, 2.4250011, 3.1250012
[233][0][0], 2.6250005, 1.7500005, 2.0000005
[233][0][1], 3.0250003, 2.6000004, 3.3000004
[233][0][2], 4.525, 4.2250004, 4.2750006
[234][0][0], 3.9750004, 1.9750004, 1.7250004
[234][0][1], 4.3250003, 2.2750003, 1.9500005
[234][0][2], 6.0, 3.9500003, 2.7750003
[235][0][0], 5.675001, 2.9500008, 1.2000008
[235][0][1], 7.375001, 4.075001, 2.3750007
[235][0][2], 9.000001, 6.3000007, 4.7500005
[236][0][0], 5.0, 1.8499999, 0.050000004
[236][0][1], 7.8, 3.775, 1.325
[236][0][2], 10.85, 7.675, 5.325
[237][0][0], 4.5, 2.25, 1.55
[237][0][1], 7.425, 5.625, 5.05
[237][0][2], 8.900001, 8.25, 8.15
[238][0][0], 5.375, 3.7000005, 3.2000003
[238][0][1], 7.7750006, 6.0750003, 5.6250005
[238][0][2], 7.8500004, 6.9750004, 7.0750003
[239][0][0], 5.950001, 4.8750005, 4.700001
[239][0][1], 7.800001, 6.225001, 5.2750006
[239][0][2], 6.075001, 4.625001, 3.6250007
[240][0][0], 3.9500003, 2.2250004, 1.4750004
[240][0][1], 4.6000004, 2.5000005, 1.1250004
[240][0][2], 3.3000004, 1.8500003, 0.5750004
[241][0][0], 3.0750003, 2.3750005, 2.0500004
[241][0][1], 2.8250003, 1.4750004, 0.62500036
[241][0][2], 0.45000038, -0.9499997, -1.6249996
[242][0][0], 2.4750013, 1.7000016, 1.3750015
[242][0][1], 2.6500015, 1.5250015, 0.9000015
[242][0][2], 0.82500154, 0.30000153, 1.5497208E-6
[243][0][0], 3.6500013, 1.8500011, 0.7250011
[243][0][1], 5.575001, 3.5250013, 2.3250012
[243][0][2], 3.9500012, 2.8000014, 2.2250013
[244][0][0], 2.3750014, 1.1500015, 0.4750015
[244][0][1], 4.2000012, 2.3750014, 1.0000015
[244][0][2], 3.9250016, 2.6750016, 1.5500015
[245][0][0], -0.17499846, -1.1999985, -1.0749985
[245][0][1], -0.37499845, -2.7499986, -3.5249984
[245][0][2], -0.79999846, -2.7499983, -3.5999985
[246][0][0], -3.474999, -3.474999, -2.6749988
[246][0][1], -4.999999, -5.874999, -5.349999
[246][0][2], -3.8499987, -5.1499987, -5.324999
[247][0][0], -7.449999, -5.324999, -2.7249985
[247][0][1], -8.699999, -7.574999, -5.249999
[247][0][2], -7.174999, -7.824999, -6.974999
[248][0][0], -7.749999, -5.824999, -3.4249988
[248][0][1], -9.149999, -8.249999, -6.349999
[248][0][2], -6.874999, -7.474999, -6.4999986
[249][0][0], -10.224999, -8.25, -5.0000005
[249][0][1], -9.1, -7.9, -5.8999996
[249][0][2], -1.5000002, -1.55, -1.85
[250][0][0], -10.549998, -7.349999, -3.2249987
[250][0][1], -6.524999, -3.8249989, -1.0999988
[250][0][2], 2.8000011, 3.4250011, 3.100001
[251][0][0], -5.274999, -2.8499992, 0.10000077
[251][0][1], -3.124999, -1.6999992, 0.07500079
[251][0][2], 2.6750007, 2.6750007, 2.1250007
[252][0][0], -2.6499994, -0.99999934, 0.6250008
[252][0][1], -1.2999992, -0.49999923, 0.37500077
[252][0][2], 1.8500009, 1.6000007, 1.4750007
[253][0][0], 0.37500113, 0.77500117, 0.7000011
[253][0][1], 1.3000011, 0.15000117, -0.14999878
[253][0][2], 0.85000116, -1.2499988, -1.7499989
[254][0][0], -0.62499964, -0.5749996, -0.9749996
[254][0][1], -0.3749996, -2.1499996, -2.6499996
[254][0][2], 3.874302E-7, -3.3999996, -4.2499995
[255][0][0], -3.425, -3.2999997, -2.425
[255][0][1], -4.75, -6.5750003, -6.1
[255][0][2], -3.1499999, -6.2999997, -6.625
[256][0][0], -8.975, -6.7000003, -2.9
[256][0][1], -10.950001, -9.6, -5.5499997
[256][0][2], -5.0, -5.025, -2.875
[257][0][0], -9.0, -5.2000003, -1.4499999
[257][0][1], -7.9500003, -5.2999997, -2.0749998
[257][0][2], 0.425, 0.099999964, 0.4
[258][0][0], -5.824999, -3.5499988, -1.2499989
[258][0][1], -2.674999, -1.9999988, -0.94999886
[258][0][2], 3.275001, 1.4500011, 0.12500113
[259][0][0], -3.3749993, -2.7249992, -1.6249992
[259][0][1], -0.64999926, -1.2249993, -1.1999993
[259][0][2], 2.6500008, 0.4750008, -1.1499991
[260][0][0], -2.9249997, -3.9499998, -3.5249996
[260][0][1], -2.0249996, -3.9999995, -4.8749995
[260][0][2], 0.07500039, -2.6749995, -4.7749996
[261][0][0], -4.0999994, -4.325, -2.0999997
[261][0][1], -5.6499996, -7.2249994, -6.2499995
[261][0][2], -2.6999998, -5.2, -6.1249995
[262][0][0], -7.0249996, -6.3499994, -2.9249997
[262][0][1], -7.0249996, -6.7999997, -3.7499995
[262][0][2], -1.9499998, -2.5999997, -1.7999997
[263][0][0], -5.3749976, -4.574998, -0.8499981
[263][0][1], -3.8999982, -3.599998, -0.8999982
[263][0][2], 2.2750018, 1.8750019, 1.8000019
[264][0][0], -2.7999988, -2.149999, -0.69999886
[264][0][1], -2.6249988, -1.974999, -0.7499988
[264][0][2], 3.7000012, 3.900001, 3.3250012
[265][0][0], -2.8749993, -2.2499993, -0.5499992
[265][0][1], 0.32500076, -0.09999924, -0.24999925
[265][0][2], 6.350001, 5.2500005, 3.1500006
[266][0][0], -1.3749992, -1.8499993, -1.4499993
[266][0][1], 0.7000008, -0.22499925, -0.9499992
[266][0][2], 4.9250007, 4.200001, 2.4750006
[267][0][0], 0.62500155, 0.95000154, 0.70000154
[267][0][1], -0.6249985, -0.024998471, 0.050001517
[267][0][2], 0.57500154, 1.0250015, 0.6000015
[268][0][0], -1.1249998, -0.39999962, 0.30000037
[268][0][1], -1.2499995, -1.1249996, -1.1249996
[268][0][2], 0.75000036, 0.8000003, 0.20000038
[269][0][0], -2.6249988, -2.6999989, -1.324999
[269][0][1], -1.5499988, -1.6749989, -0.7749988
[269][0][2], 0.9500011, 0.7500012, 0.4000011
[270][0][0], -3.349999, -3.8249989, -3.099999
[270][0][1], -1.7999989, -2.474999, -2.774999
[270][0][2], 0.80000114, 0.37500113, -0.8999988
[271][0][0], -4.5999994, -5.3749995, -4.674999
[271][0][1], -2.1999996, -4.075, -5.4249997
[271][0][2], 1.7750002, -0.32499963, -3.1249998
[272][0][0], -6.2249994, -6.8749986, -5.0249987
[272][0][1], -5.724999, -7.7999988, -7.2999988
[272][0][2], 0.025001138, -2.7499988, -4.0249987
[273][0][0], -3.9749994, -4.424999, -3.1749992
[273][0][1], -4.8249993, -5.874999, -5.3249993
[273][0][2], 0.15000081, -1.3249992, -2.424999
[274][0][0], -6.3749995, -6.8999996, -4.2
[274][0][1], -6.0499997, -7.325, -5.825
[274][0][2], -0.2999996, -1.9999998, -2.5999994
[275][0][0], -7.124999, -7.3499994, -4.549999
[275][0][1], -6.325, -7.0749993, -5.1
[275][0][2], 0.3250004, -0.12499961, 0.30000037
[276][0][0], -6.4249988, -6.999999, -3.7999988
[276][0][1], -4.0999985, -5.524999, -3.7249987
[276][0][2], 2.700001, 1.275001, 0.65000117
[277][0][0], -2.0999987, -2.5249987, -1.7749989
[277][0][1], -0.6999988, -1.0999988, -0.92499894
[277][0][2], 4.125001, 4.2250013, 3.275001
[278][0][0], -2.8749993, -3.6499991, -3.1249993
[278][0][1], 0.17500077, -0.09999922, -0.049999252
[278][0][2], 4.075001, 4.6750007, 3.9750006
[279][0][0], -0.3499993, -1.6249993, -1.3499993
[279][0][1], 0.5500008, 0.05000078, 0.82500076
[279][0][2], 1.7500008, 2.2000005, 2.775001
[280][0][0], 1.8000003, 0.9500004, 1.5000004
[280][0][1], 2.9500005, 2.0000005, 2.4000003
[280][0][2], 3.9000003, 2.9750004, 2.4750004
[281][0][0], 4.025, 2.4750001, 1.475
[281][0][1], 5.75, 3.9750001, 2.875
[281][0][2], 5.5499997, 4.2250004, 3.2
[282][0][0], 2.925002, 1.275002, 0.3250019
[282][0][1], 3.500002, 1.4500018, -0.0999981
[282][0][2], 3.675002, 2.3500018, 0.92500186
[283][0][0], 3.000001, 1.5500013, 0.5250011
[283][0][1], 4.7000012, 2.4250011, 1.0500011
[283][0][2], 3.4250011, 1.9500012, 1.4000012
[284][0][0], 2.0000002, 0.3000004, -0.87499964
[284][0][1], 5.625, 3.4000006, 1.5000005
[284][0][2], 4.4500003, 2.9250004, 1.8000003
[285][0][0], 1.4250004, 0.20000035, -0.74999964
[285][0][1], 3.4250002, 2.1750004, 1.1250004
[285][0][2], 3.1250002, 2.4250004, 2.0500004
[286][0][0], 1.5500015, 0.07500152, -0.8499985
[286][0][1], 3.8000016, 2.4500017, 1.4250016
[286][0][2], 4.8250017, 4.100002, 3.3500013
[287][0][0], 3.275001, 1.4500008, 0.32500076
[287][0][1], 3.2000008, 1.7750008, 0.60000074
[287][0][2], 3.3750007, 2.8000007, 1.8000008
[288][0][0], 0.47500074, -0.64999926, -1.2499993
[288][0][1], 0.37500077, -1.3249992, -2.699999
[288][0][2], 1.6250007, 0.8500008, -0.4499992
[289][0][0], 2.1250007, 1.1250007, 0.4250008
[289][0][1], 0.30000073, -0.67499924, -1.1999992
[289][0][2], 0.8500008, 0.27500078, -0.39999926
[290][0][0], 2.1500018, 1.1750016, 0.5250015
[290][0][1], 2.7500014, 1.5000015, 0.37500155
[290][0][2], 1.7750015, 1.1000015, 0.57500154
[291][0][0], 2.275001, 1.6500012, 1.4000012
[291][0][1], 2.5000012, 1.4250011, 1.0500011
[291][0][2], 0.7750011, -0.27499884, -0.27499887
[292][0][0], -1.2499993, -1.2499993, -0.9999993
[292][0][1], 0.7000008, 0.025000766, -0.29999924
[292][0][2], 0.72500074, 7.4505806E-7, -0.17499922
[293][0][0], -3.6249995, -4.549999, -4.1499996
[293][0][1], -0.6749996, -2.5499995, -3.1749997
[293][0][2], 0.4000004, -0.6499996, -0.7999996
[294][0][0], -2.7999995, -3.2499995, -2.4249997
[294][0][1], -1.9749997, -2.9999995, -2.7249994
[294][0][2], -2.3999996, -3.2749996, -2.9749997
[295][0][0], -3.1999984, -3.4749985, -2.7749987
[295][0][1], -3.9249985, -5.3249984, -4.7249985
[295][0][2], -4.7749987, -6.2499986, -5.1499987
[296][0][0], -4.649999, -5.774999, -5.124999
[296][0][1], -2.374999, -4.949999, -5.9249988
[296][0][2], -0.4249989, -2.574999, -3.6249988
[297][0][0], -1.474999, -2.6749988, -2.9999988
[297][0][1], 0.40000117, -0.9249989, -1.3249989
[297][0][2], 1.6000012, 0.80000114, 0.7750011
[298][0][0], 0.8000008, 0.6750008, 0.7500008
[298][0][1], 2.7500007, 1.6500007, 1.3500007
[298][0][2], 1.7500008, 0.72500074, 0.3750008
[299][0][0], -0.59999883, -0.6749989, -0.84999883
[299][0][1], 1.2000012, 0.60000116, 0.10000114
[299][0][2], 1.7250011, 1.1000012, 0.5750011
[300][0][0], -1.9749985, -2.6249986, -2.6999984
[300][0][1], 0.30000153, -0.74999845, -1.3749985
[300][0][2], 1.9500015, 1.2000015, 0.5000015
[301][0][0], -2.05, -3.2, -3.45
[301][0][1], -0.425, -1.4, -1.55
[301][0][2], 0.72499996, -0.050000012, -0.425
[302][0][0], -2.699998, -3.874998, -3.874998
[302][0][1], -1.2749982, -2.6499982, -2.7249982
[302][0][2], -0.42499807, -1.4749981, -1.7499981
[303][0][0], -3.9749985, -3.8999984, -3.1249986
[303][0][1], -3.2249985, -3.1499984, -2.1999986
[303][0][2], -1.6999985, -1.5999984, -0.7749985
[304][0][0], -2.2, -1.6999999, -1.35
[304][0][1], -0.79999995, -0.6000001, -0.525
[304][0][2], -0.12500003, 0.10000001, 0.275
[305][0][0], -1.2499981, -1.099998, -0.5499981
[305][0][1], 0.72500193, 0.67500186, 0.5250019
[305][0][2], 1.5750018, 1.750002, 1.625002
[306][0][0], 1.2250016, 1.5500015, 1.6000016
[306][0][1], 1.4000015, 1.1250015, 0.95000154
[306][0][2], 1.0750016, 0.3500015, 0.17500153
[307][0][0], 2.9500017, 3.3500013, 2.6750016
[307][0][1], 3.7000015, 3.5000014, 2.5500014
[307][0][2], 2.2000015, 1.7750015, 1.1750016
[308][0][0], -0.24999923, -0.8749993, -1.4499992
[308][0][1], 1.0250008, 0.8750008, 0.60000074
[308][0][2], -0.42499924, 0.22500077, 0.52500075
[309][0][0], -0.79999965, -1.5999997, -2.0749996
[309][0][1], 0.9250003, 0.12500039, -0.5999996
[309][0][2], 0.27500036, 0.7000004, 0.7250004
[310][0][0], 1.7250004, -0.14999962, -1.9249996
[310][0][1], 3.3500006, 1.1250004, -1.0749997
[310][0][2], 2.6750004, 2.2500005, 1.3750004
[311][0][0], 2.6000023, 0.5750023, -0.97499776
[311][0][1], 3.9250023, 1.5500022, -0.12499771
[311][0][2], 3.0750024, 2.0250025, 1.5000024
[312][0][0], 4.4500012, 2.2500012, 1.1324883E-6
[312][0][1], 3.8000011, 1.5750012, -0.22499885
[312][0][2], 1.2000012, -0.12499887, -0.72499883
[313][0][0], 2.6250012, 0.30000114, -2.024999
[313][0][1], 1.7000012, -0.24999887, -1.849999
[313][0][2], -0.14999886, -0.19999886, -0.12499887
[314][0][0], 3.1250012, 1.3500011, -1.0249989
[314][0][1], 2.5500011, 1.0500011, -0.72499883
[314][0][2], -0.3499989, -0.44999883, -0.27499887
[315][0][0], -1.6249986, -2.5999985, -3.0999982
[315][0][1], 1.5500016, -0.44999844, -1.8499985
[315][0][2], 1.3500015, -0.024998426, -0.6999985
[316][0][0], -1.8249985, -3.0249984, -3.7249985
[316][0][1], -1.1249985, -2.7499986, -3.4249983
[316][0][2], 1.5348196E-6, -0.9749985, -0.9999984
[317][0][0], -1.5249989, -2.0749989, -2.624999
[317][0][1], -1.6999989, -2.349999, -2.974999
[317][0][2], -0.77499884, -0.87499887, -0.7749988
[318][0][0], -1.4999993, -2.3999991, -2.5999992
[318][0][1], -0.59999925, -0.8749992, -0.6249993
[318][0][2], -1.0999992, -0.97499925, -0.44999924
[319][0][0], -5.499999, -5.299999, -3.9749992
[319][0][1], -7.999999, -8.95, -7.5249987
[319][0][2], -6.974999, -8.2, -7.299999
[320][0][0], -4.749999, -5.924999, -5.674999
[320][0][1], -4.399999, -6.399999, -7.049999
[320][0][2], -2.0499992, -2.6499994, -2.9749992
[321][0][0], -1.0999995, -1.4999995, -1.4749995
[321][0][1], -0.7499996, -1.8999996, -1.7499996
[321][0][2], -1.0749996, -1.6749996, -0.6749996
[322][0][0], -1.549999, -2.6499987, -2.749999
[322][0][1], -0.89999884, -2.5499988, -2.899999
[322][0][2], -1.8249989, -2.374999, -1.8499987
[323][0][0], 0.62500155, -0.44999853, -1.5499985
[323][0][1], 0.8500016, 1.5050173E-6, -0.7249985
[323][0][2], -0.17499846, 0.7750015, 1.4500015
[324][0][0], 0.57500154, -0.74999845, -1.2249985
[324][0][1], 3.2750013, 2.2250016, 1.8500015
[324][0][2], 2.8750014, 3.4500017, 3.6500015
[325][0][0], -0.8999984, -1.9499985, -2.6999984
[325][0][1], 3.2250016, 1.9250015, 1.1000016
[325][0][2], 3.9500017, 3.5000014, 3.3000016
[326][0][0], -2.95, -3.325, -4.0750003
[326][0][1], -0.19999999, -0.8, -1.5
[326][0][2], 2.0249999, 1.6999999, 1.3999999
[327][0][0], -1.8499992, -1.6749992, -2.3999991
[327][0][1], -0.34999925, -1.2749993, -2.2249994
[327][0][2], 1.2750008, 0.5500008, 0.35000077
[328][0][0], -5.2749996, -5.7249994, -5.3999996
[328][0][1], -2.0499992, -2.7749991, -2.9999993
[328][0][2], 1.3000008, 1.0750008, 0.57500076
[329][0][0], -5.549999, -5.1249995, -4.549999
[329][0][1], -4.8499994, -4.799999, -4.049999
[329][0][2], -1.8999991, -2.2249992, -1.8999994
[330][0][0], -6.449999, -5.1749988, -3.7249987
[330][0][1], -3.6749988, -3.099999, -2.399999
[330][0][2], 0.30000114, 0.17500113, 0.025001146
[331][0][0], -1.3249989, -0.59999883, -0.04999885
[331][0][1], -0.4749989, -1.0249989, -1.1499989
[331][0][2], 1.1500012, 0.02500115, -0.8249988
[332][0][0], 0.35000157, 0.67500156, 0.7750015
[332][0][1], 0.8250015, 0.20000155, -0.17499845
[332][0][2], -0.3999985, -0.32499847, -0.099998474
[333][0][0], 0.75000036, 0.52500033, 0.1750004
[333][0][1], -1.2749996, -1.7249997, -1.6249996
[333][0][2], -3.2749996, -2.6749997, -1.4749997
[334][0][0], 0.8000023, 0.52500224, 0.22500232
[334][0][1], -0.7999977, -1.3249977, -1.5749977
[334][0][2], -2.3499978, -1.7749976, -0.8749977
[335][0][0], 0.025001526, -0.54999846, -0.9499985
[335][0][1], 0.30000153, -0.074998476, -0.32499847
[335][0][2], -1.2249985, -0.12499851, 0.95000154
[336][0][0], 1.4000013, 1.4500012, 0.95000106
[336][0][1], 0.9000011, 0.8500012, 0.2250011
[336][0][2], -2.1999989, -0.94999886, -0.29999885
[337][0][0], 1.3750014, 0.7500016, 0.05000156
[337][0][1], 1.8000016, 1.5500016, 0.9250015
[337][0][2], -2.1249983, -0.17499846, 1.0250015
[338][0][0], 2.3500009, 2.1000009, 1.3000008
[338][0][1], 3.2750008, 4.2750006, 4.225001
[338][0][2], -3.049999, 0.37500075, 2.8750007
[339][0][0], -0.5, 0.29999998, -0.575
[339][0][1], -3.4250002, -2.15, -1.275
[339][0][2], -5.5250006, -3.6000001, -1.05
[340][0][0], -1.65, -2.575, -3.3500001
[340][0][1], -1.0000002, -1.3749998, -1.5
[340][0][2], 1.8, 2.2, 2.7749999
[341][0][0], -1.2, -2.7250001, -3.1750002
[341][0][1], 0.825, 0.42500004, 1.225
[341][0][2], 3.4499998, 4.4500003, 6.175
[342][0][0], 2.9500017, 1.1000016, -0.8249985
[342][0][1], 3.9250016, 2.3500016, 0.8250015
[342][0][2], 3.6000013, 3.2000017, 2.9500015
[343][0][0], 2.0750017, 0.8250015, -0.22499847
[343][0][1], 3.6500015, 1.7250015, -0.024998456
[343][0][2], 4.0500016, 2.8000016, 1.3500016
[344][0][0], -2.0999982, -3.6999981, -5.0749984
[344][0][1], 0.85000193, -0.92499816, -2.749998
[344][0][2], 2.825002, 1.450002, 0.10000191
[345][0][0], -1.3499987, -2.3249989, -3.0749989
[345][0][1], -0.42499885, -1.9249988, -2.649999
[345][0][2], 2.125001, 0.92500114, 0.50000113
[346][0][0], 1.4000005, 0.6000004, -0.3499996
[346][0][1], 2.1750004, 1.5750004, 1.2000004
[346][0][2], 3.8250005, 4.075001, 4.425
[347][0][0], 4.2, 2.325, -0.67499995
[347][0][1], 2.025, 0.47500002, -1.675
[347][0][2], 2.05, 2.775, 2.825
[348][0][0], 2.0250013, 0.9750011, -0.6749989
[348][0][1], -0.29999882, -1.1499989, -2.499999
[348][0][2], 0.8250011, 1.1000011, 0.65000117
[349][0][0], 2.825001, 1.8250012, -0.19999886
[349][0][1], 0.32500118, -1.1999989, -2.7749987
[349][0][2], 0.5000012, -0.29999885, -0.52499884
[350][0][0], -0.074998856, 0.32500112, 0.12500113
[350][0][1], -1.4499989, -2.0499988, -2.4499989
[350][0][2], -0.37499884, -0.97499883, -0.9749988
[351][0][0], 0.77500117, -0.049998857, -0.89999884
[351][0][1], 1.525001, 0.20000114, -0.59999883
[351][0][2], 0.8750012, 0.67500114, 0.90000117
[352][0][0], -0.84999883, -2.1249988, -3.6249988
[352][0][1], 1.9500012, 0.5750011, -0.9249989
[352][0][2], 2.0750012, 1.5500013, 1.150001
[353][0][0], -1.4999996, -2.5499995, -3.7999995
[353][0][1], -1.0249996, -2.0999997, -3.0499997
[353][0][2], 0.80000037, 0.15000038, -0.4499996
[354][0][0], -2.5249991, -3.1999993, -3.7249994
[354][0][1], -1.0999992, -2.2749991, -2.8249993
[354][0][2], 0.85000074, 0.025000751, -0.024999235
[355][0][0], -2.6499991, -3.949999, -4.524999
[355][0][1], -0.6499992, -1.8499993, -2.499999
[355][0][2], 0.7500007, 0.47500074, 0.45000076
[356][0][0], -3.8249996, -4.475, -4.9999995
[356][0][1], -3.0249996, -2.8499997, -2.4999995
[356][0][2], -0.09999962, 0.42500037, 0.5750004
[357][0][0], -0.12499888, -0.29999885, -0.22499889
[357][0][1], -0.5749989, -0.74999887, -0.44999886
[357][0][2], 0.6000011, 0.35000116, 0.17500114
[358][0][0], -0.5999988, -1.5749989, -1.3999988
[358][0][1], -0.29999888, -1.724999, -1.9749988
[358][0][2], 0.65000117, 0.12500113, 1.1473894E-6
[359][0][0], 0.37500003, -1.7249999, -2.85
[359][0][1], 0.14999999, -1.775, -2.5000002
[359][0][2], 0.775, 0.075, -0.050000012
[360][0][0], 0.57500076, -0.6249992, -1.9749993
[360][0][1], 0.37500077, -1.0249993, -2.0999994
[360][0][2], 0.90000075, 0.70000076, 0.65000075
[361][0][0], -0.87499964, -1.0249996, -1.3499995
[361][0][1], -0.24999961, -1.4499996, -1.8499997
[361][0][2], 0.32500038, -0.62499964, -0.39999965
[362][0][0], -1.8499992, -2.1249993, -2.8999991
[362][0][1], -1.0249993, -1.8999991, -2.0999992
[362][0][2], -0.9999992, -1.4499992, -0.6999992
[363][0][0], 0.82500154, 0.1750015, -1.4249985
[363][0][1], 0.67500156, -0.27499846, -1.2999985
[363][0][2], 0.025001511, -0.47499847, -0.34999847
[364][0][0], 0.8250012, 0.17500116, -1.2499989
[364][0][1], 1.8500011, 0.55000114, -1.0249988
[364][0][2], 1.0000012, 0.12500115, -0.29999888

uwnd.time[365]
1954776.0, 1954800.0, 1954824.0, 1954848.0, 1954872.0, 1954896.0, 1954920.0, 1954944.0, 1954968.0, 1954992.0, 1955016.0, 1955040.0, 1955064.0, 1955088.0, 1955112.0, 1955136.0, 1955160.0, 1955184.0, 1955208.0, 1955232.0, 1955256.0, 1955280.0, 1955304.0, 1955328.0, 1955352.0, 1955376.0, 1955400.0, 1955424.0, 1955448.0, 1955472.0, 1955496.0, 1955520.0, 1955544.0, 1955568.0, 1955592.0, 1955616.0, 1955640.0, 1955664.0, 1955688.0, 1955712.0, 1955736.0, 1955760.0, 1955784.0, 1955808.0, 1955832.0, 1955856.0, 1955880.0, 1955904.0, 1955928.0, 1955952.0, 1955976.0, 1956000.0, 1956024.0, 1956048.0, 1956072.0, 1956096.0, 1956120.0, 1956144.0, 1956168.0, 1956192.0, 1956216.0, 1956240.0, 1956264.0, 1956288.0, 1956312.0, 1956336.0, 1956360.0, 1956384.0, 1956408.0, 1956432.0, 1956456.0, 1956480.0, 1956504.0, 1956528.0, 1956552.0, 1956576.0, 1956600.0, 1956624.0, 1956648.0, 1956672.0, 1956696.0, 1956720.0, 1956744.0, 1956768.0, 1956792.0, 1956816.0, 1956840.0, 1956864.0, 1956888.0, 1956912.0, 1956936.0, 1956960.0, 1956984.0, 1957008.0, 1957032.0, 1957056.0, 1957080.0, 1957104.0, 1957128.0, 1957152.0, 1957176.0, 1957200.0, 1957224.0, 1957248.0, 1957272.0, 1957296.0, 1957320.0, 1957344.0, 1957368.0, 1957392.0, 1957416.0, 1957440.0, 1957464.0, 1957488.0, 1957512.0, 1957536.0, 1957560.0, 1957584.0, 1957608.0, 1957632.0, 1957656.0, 1957680.0, 1957704.0, 1957728.0, 1957752.0, 1957776.0, 1957800.0, 1957824.0, 1957848.0, 1957872.0, 1957896.0, 1957920.0, 1957944.0, 1957968.0, 1957992.0, 1958016.0, 1958040.0, 1958064.0, 1958088.0, 1958112.0, 1958136.0, 1958160.0, 1958184.0, 1958208.0, 1958232.0, 1958256.0, 1958280.0, 1958304.0, 1958328.0, 1958352.0, 1958376.0, 1958400.0, 1958424.0, 1958448.0, 1958472.0, 1958496.0, 1958520.0, 1958544.0, 1958568.0, 1958592.0, 1958616.0, 1958640.0, 1958664.0, 1958688.0, 1958712.0, 1958736.0, 1958760.0, 1958784.0, 1958808.0, 1958832.0, 1958856.0, 1958880.0, 1958904.0, 1958928.0, 1958952.0, 1958976.0, 1959000.0, 1959024.0, 1959048.0, 1959072.0, 1959096.0, 1959120.0, 1959144.0, 1959168.0, 1959192.0, 1959216.0, 1959240.0, 1959264.0, 1959288.0, 1959312.0, 1959336.0, 1959360.0, 1959384.0, 1959408.0, 1959432.0, 1959456.0, 1959480.0, 1959504.0, 1959528.0, 1959552.0, 1959576.0, 1959600.0, 1959624.0, 1959648.0, 1959672.0, 1959696.0, 1959720.0, 1959744.0, 1959768.0, 1959792.0, 1959816.0, 1959840.0, 1959864.0, 1959888.0, 1959912.0, 1959936.0, 1959960.0, 1959984.0, 1960008.0, 1960032.0, 1960056.0, 1960080.0, 1960104.0, 1960128.0, 1960152.0, 1960176.0, 1960200.0, 1960224.0, 1960248.0, 1960272.0, 1960296.0, 1960320.0, 1960344.0, 1960368.0, 1960392.0, 1960416.0, 1960440.0, 1960464.0, 1960488.0, 1960512.0, 1960536.0, 1960560.0, 1960584.0, 1960608.0, 1960632.0, 1960656.0, 1960680.0, 1960704.0, 1960728.0, 1960752.0, 1960776.0, 1960800.0, 1960824.0, 1960848.0, 1960872.0, 1960896.0, 1960920.0, 1960944.0, 1960968.0, 1960992.0, 1961016.0, 1961040.0, 1961064.0, 1961088.0, 1961112.0, 1961136.0, 1961160.0, 1961184.0, 1961208.0, 1961232.0, 1961256.0, 1961280.0, 1961304.0, 1961328.0, 1961352.0, 1961376.0, 1961400.0, 1961424.0, 1961448.0, 1961472.0, 1961496.0, 1961520.0, 1961544.0, 1961568.0, 1961592.0, 1961616.0, 1961640.0, 1961664.0, 1961688.0, 1961712.0, 1961736.0, 1961760.0, 1961784.0, 1961808.0, 1961832.0, 1961856.0, 1961880.0, 1961904.0, 1961928.0, 1961952.0, 1961976.0, 1962000.0, 1962024.0, 1962048.0, 1962072.0, 1962096.0, 1962120.0, 1962144.0, 1962168.0, 1962192.0, 1962216.0, 1962240.0, 1962264.0, 1962288.0, 1962312.0, 1962336.0, 1962360.0, 1962384.0, 1962408.0, 1962432.0, 1962456.0, 1962480.0, 1962504.0, 1962528.0, 1962552.0, 1962576.0, 1962600.0, 1962624.0, 1962648.0, 1962672.0, 1962696.0, 1962720.0, 1962744.0, 1962768.0, 1962792.0, 1962816.0, 1962840.0, 1962864.0, 1962888.0, 1962912.0, 1962936.0, 1962960.0, 1962984.0, 1963008.0, 1963032.0, 1963056.0, 1963080.0, 1963104.0, 1963128.0, 1963152.0, 1963176.0, 1963200.0, 1963224.0, 1963248.0, 1963272.0, 1963296.0, 1963320.0, 1963344.0, 1963368.0, 1963392.0, 1963416.0, 1963440.0, 1963464.0, 1963488.0, 1963512.0

uwnd.level[1]
850.0

uwnd.lat[3]
27.5, 25.0, 22.5

uwnd.lon[3]
85.0, 87.5, 90.0


