Dataset {
    Grid {
     ARRAY:
        Float32 uwnd[time = 76][level = 1][lat = 3][lon = 3];
     MAPS:
        Float64 time[time = 76];
        Float32 level[level = 1];
        Float32 lat[lat = 3];
        Float32 lon[lon = 3];
    } uwnd;
} Datasets/ncep.reanalysis.dailyavgs/pressure/uwnd.2026.nc;
---------------------------------------------
uwnd.uwnd[76][1][3][3]
[0][0][0], 0.92500156, 0.52500147, -0.79999846
[0][0][1], 1.6250014, 2.1500015, 1.3250015
[0][0][2], 2.9250016, 3.8000016, 3.1750016
[1][0][0], 2.85, 1.4499999, -0.225
[1][0][1], 3.4250002, 1.9999999, 0.075
[1][0][2], 4.3500004, 4.175, 2.95
[2][0][0], 1.6500019, 1.1000019, 0.12500189
[2][0][1], 3.400002, 2.475002, 0.6500019
[2][0][2], 4.300002, 4.100002, 2.775002
[3][0][0], 1.4500004, 0.10000038, -2.1499996
[3][0][1], 3.5250006, 2.5250003, 0.27500036
[3][0][2], 4.425, 4.6250005, 3.5000002
[4][0][0], 0.8500008, -0.42499924, -2.0249991
[4][0][1], 1.3750008, -0.14999926, -2.2499993
[4][0][2], 3.7750008, 2.9750006, 0.97500086
[5][0][0], 0.57500076, -0.47499925, -1.4749992
[5][0][1], -0.099999234, -1.4499992, -2.7249994
[5][0][2], 1.3250006, 0.57500076, -0.29999924
[6][0][0], 0.7250004, 0.05000037, -0.8999996
[6][0][1], 1.4000005, -0.6499996, -2.5249996
[6][0][2], 1.9500004, 0.10000038, -1.6499996
[7][0][0], 0.7750015, -1.2999985, -3.0249984
[7][0][1], 1.9750016, -0.7999985, -3.5499985
[7][0][2], 1.9000014, 0.45000154, -1.5249984
[8][0][0], 0.12500075, -0.24999925, -1.0249993
[8][0][1], -0.24999925, -0.84999925, -1.0499992
[8][0][2], 1.3000008, 0.7750008, 0.22500077
[9][0][0], 1.8250004, 0.5500004, -0.87499964
[9][0][1], 1.6750004, -0.049999624, -1.1249995
[9][0][2], 2.1500006, 1.3500004, 0.67500037
[10][0][0], 2.0500011, 1.525001, 0.8500011
[10][0][1], 4.125001, 1.9500011, -0.57499886
[10][0][2], 4.025001, 2.650001, 0.55000114
[11][0][0], -2.65, -3.825, -3.925
[11][0][1], -0.099999994, -1.55, -2.0
[11][0][2], 2.625, 1.7750001, 1.375
[12][0][0], 1.1500008, -0.47499925, -1.9749993
[12][0][1], 2.0500007, -0.6999992, -2.9249992
[12][0][2], 3.8500009, 2.0500007, 0.37500077
[13][0][0], 1.0500008, -0.19999924, -1.2499993
[13][0][1], 2.5500007, 0.10000077, -1.1999992
[13][0][2], 3.5750008, 1.0750008, -0.32499927
[14][0][0], 0.025001168, -1.1999987, -1.8749988
[14][0][1], 2.4250011, 0.075001135, -1.7999989
[14][0][2], 4.6500015, 2.8000011, 0.85000116
[15][0][0], -1.0499988, -2.0499988, -2.6749988
[15][0][1], -0.049998894, -1.1749989, -2.024999
[15][0][2], 1.925001, 1.2250011, 0.37500116
[16][0][0], 1.6250014, 0.05000153, -1.8249985
[16][0][1], 0.3500015, -0.8749984, -2.2499986
[16][0][2], 1.2750015, 0.75000155, -0.1999985
[17][0][0], 2.6749997, 2.65, 1.225
[17][0][1], 0.37500006, 0.3, -0.425
[17][0][2], 0.025000006, 0.024999991, -0.1
[18][0][0], 4.05, 4.75, 3.35
[18][0][1], 1.4749999, 1.9499999, 0.84999996
[18][0][2], 0.65000004, 0.72499996, -7.4505806E-9
[19][0][0], 4.275001, 3.6750014, 2.150001
[19][0][1], 1.6000011, 0.80000114, -0.84999883
[19][0][2], -0.6499989, -0.8499989, -1.6999989
[20][0][0], 4.4500003, 4.025, 2.025
[20][0][1], 4.125, 3.75, 1.5999999
[20][0][2], 0.975, 1.075, -0.3
[21][0][0], 1.7750012, 0.47500113, -0.94999886
[21][0][1], 2.0500011, 0.9250011, -0.72499883
[21][0][2], 1.1250011, 0.80000114, -0.29999885
[22][0][0], -3.649999, -2.6749988, -2.5499988
[22][0][1], -2.224999, -1.2499988, -0.99999887
[22][0][2], 0.07500118, 0.8250011, 0.67500114
[23][0][0], 2.3750005, 3.1000004, 1.7000004
[23][0][1], -0.07499961, 0.5500004, -0.39999962
[23][0][2], 0.72500026, 1.8750004, 1.5750004
[24][0][0], 3.025, 1.8249999, 0.15
[24][0][1], 3.25, 2.25, 0.049999997
[24][0][2], 1.5, 2.0249999, 1.0749999
[25][0][0], 3.2, 2.975, 1.375
[25][0][1], 3.55, 2.9, 0.75
[25][0][2], 1.3249999, 1.225, -0.024999999
[26][0][0], 1.275, 0.725, -0.65
[26][0][1], 1.6499999, 1.5, -0.024999999
[26][0][2], 0.90000004, 1.6, 1.025
[27][0][0], 3.475, 2.8, 0.825
[27][0][1], 2.975, 2.2, 0.275
[27][0][2], 1.925, 1.4250001, 0.75000006
[28][0][0], 4.275, 5.275, 4.425
[28][0][1], 4.05, 4.1, 2.8500001
[28][0][2], 2.1999998, 2.025, 1.25
[29][0][0], 2.2000003, 2.2750003, 1.1500005
[29][0][1], 3.2000005, 3.7000003, 2.1750004
[29][0][2], 2.3750002, 3.0250003, 1.6250004
[30][0][0], 1.5500011, 1.4500011, 0.07500115
[30][0][1], 1.9250011, 1.8750012, 0.15000117
[30][0][2], 1.3250011, 1.4750011, -0.02499885
[31][0][0], 1.6250007, 0.7000007, -0.52499926
[31][0][1], 1.4000008, 1.0500008, -0.37499923
[31][0][2], 0.05000075, 0.4750007, -0.22499922
[32][0][0], 3.6500013, 2.8250015, 1.1750014
[32][0][1], 1.4000015, 0.5500015, -1.0249984
[32][0][2], -0.9499985, -0.29999846, -0.34999847
[33][0][0], 1.9000016, 0.75000155, -0.4249985
[33][0][1], -0.5749985, -1.0249985, -1.6499984
[33][0][2], -1.9999983, -0.9249984, -0.37499845
[34][0][0], 3.9000015, 3.6000013, 2.4500015
[34][0][1], 2.8500013, 2.5750017, 1.2750015
[34][0][2], 0.22500151, 1.2250016, 1.0250015
[35][0][0], 3.8999999, 4.25, 3.4
[35][0][1], 6.125, 5.45, 3.45
[35][0][2], 3.1999998, 3.0249999, 1.725
[36][0][0], 3.8250008, 3.1750007, 2.1750007
[36][0][1], 5.9500003, 4.4250007, 2.2500007
[36][0][2], 6.5250006, 5.075001, 2.4750009
[37][0][0], 4.675001, 2.6750011, 0.8250012
[37][0][1], 6.175001, 4.2000012, 1.2500012
[37][0][2], 5.975001, 5.1000013, 2.2250013
[38][0][0], 2.0, 1.8000001, 1.0
[38][0][1], 3.8, 2.65, 0.47499996
[38][0][2], 3.85, 2.925, 0.87500006
[39][0][0], -0.425, -1.1, -2.225
[39][0][1], 1.95, 1.15, -0.875
[39][0][2], 3.3, 2.9, 1.475
[40][0][0], 1.65, 0.7, 0.375
[40][0][1], 2.1750002, 0.77500004, -0.625
[40][0][2], 2.025, 1.2250001, -0.17500001
[41][0][0], 4.225001, 3.5500007, 2.1500008
[41][0][1], 4.075001, 2.2750008, -0.14999923
[41][0][2], 1.5500008, 0.5000008, -0.8999992
[42][0][0], 1.9500009, 0.72500074, 0.050000757
[42][0][1], 3.6250007, 2.0250008, 0.67500067
[42][0][2], 1.5250008, 1.2750007, 0.7500008
[43][0][0], 0.7750019, -0.8249981, -1.574998
[43][0][1], 4.125002, 1.7500019, -0.37499806
[43][0][2], 4.450002, 3.450002, 1.725002
[44][0][0], 4.1500006, 2.5000007, 0.5250008
[44][0][1], 5.6250005, 3.9250007, 1.2500007
[44][0][2], 3.7500007, 2.8500009, 0.97500074
[45][0][0], 4.4250016, 2.2750015, 0.17500156
[45][0][1], 5.125002, 3.4500017, 1.1750015
[45][0][2], 2.7750015, 2.3250015, 1.2000015
[46][0][0], 0.7750004, 0.9500004, 0.30000037
[46][0][1], 1.3000004, 0.9500004, -0.27499965
[46][0][2], 0.8500004, 0.2500004, -0.7749997
[47][0][0], -0.4749989, -1.0499988, -1.8499988
[47][0][1], 0.22500114, -0.9249989, -2.3999987
[47][0][2], 1.150001, -0.22499888, -2.0499988
[48][0][0], 0.825, -0.12500001, -1.225
[48][0][1], 0.5, -0.82500005, -2.525
[48][0][2], -0.875, -0.9250001, -1.525
[49][0][0], 0.87500113, 0.45000118, -0.17499885
[49][0][1], -0.32499883, -0.64999884, -0.84999883
[49][0][2], -1.3499988, -0.7749989, -0.17499888
[50][0][0], 2.850001, 2.2250013, 1.0000012
[50][0][1], 2.7250013, 1.9250011, 0.7000011
[50][0][2], 1.0750011, 1.1750011, 1.1750011
[51][0][0], 5.6250014, 5.050001, 3.5000014
[51][0][1], 5.5750012, 4.7250013, 3.0250015
[51][0][2], 2.5250015, 1.8750014, 0.9000015
[52][0][0], 4.975002, 5.4000015, 4.550002
[52][0][1], 4.275002, 3.8500018, 2.275002
[52][0][2], 2.2250018, 1.7250018, 0.6750019
[53][0][0], 1.4750009, 1.7500007, 1.9250007
[53][0][1], 2.5000007, 2.5250006, 2.1250007
[53][0][2], 1.4750007, 1.1500008, 0.60000074
[54][0][0], 1.1750015, 0.6000016, -0.17499846
[54][0][1], 3.3500016, 1.8000016, -0.14999847
[54][0][2], 3.7000017, 1.9000015, -0.47499847
[55][0][0], 2.0000007, 1.7000008, 1.0750008
[55][0][1], 2.7500007, 2.050001, 1.0250008
[55][0][2], 3.0750008, 2.8250008, 1.9250008
[56][0][0], 3.7000015, 2.4250016, 1.5250015
[56][0][1], 3.9750016, 2.8250015, 2.0500016
[56][0][2], 2.7000015, 2.4500015, 1.9750016
[57][0][0], 4.05, 2.4250004, 1.2000004
[57][0][1], 3.9750004, 2.9500003, 1.7750003
[57][0][2], 4.15, 4.6000004, 3.7750003
[58][0][0], 5.4000006, 4.000001, 2.8250008
[58][0][1], 4.700001, 3.5500007, 2.4250007
[58][0][2], 3.800001, 3.625001, 2.8500006
[59][0][0], 6.375, 4.8500004, 2.5
[59][0][1], 5.8999996, 5.4, 4.2
[59][0][2], 3.2, 2.8, 2.2
[60][0][0], 3.6750007, 3.0500007, 2.5250008
[60][0][1], 4.4500012, 3.9750009, 3.750001
[60][0][2], 4.5500007, 4.475001, 3.8250005
[61][0][0], 2.3500009, 1.0000007, 0.37500077
[61][0][1], 4.450001, 2.5500007, 1.4750009
[61][0][2], 4.725001, 3.2750006, 1.8000008
[62][0][0], -1.6749996, -2.3999996, -2.0249996
[62][0][1], 1.8500004, 0.2750004, -0.3499996
[62][0][2], 5.2250004, 3.9750004, 2.8500004
[63][0][0], -1.1249986, -1.6249985, -1.0249984
[63][0][1], -0.124998465, -1.3249984, -0.9499985
[63][0][2], 2.2000015, 1.1750015, 0.8500015
[64][0][0], -1.9249985, -1.4499986, -0.14999847
[64][0][1], -3.3749988, -3.8749983, -2.9249983
[64][0][2], -1.0499985, -1.3499985, -1.2999985
[65][0][0], -1.4999986, -1.3749985, -0.5749985
[65][0][1], -2.2499986, -2.1749983, -1.4749986
[65][0][2], -0.17499845, 0.17500153, 0.3500015
[66][0][0], 1.5750004, 1.1750004, 0.9750004
[66][0][1], -0.32499963, -1.2249995, -1.4499997
[66][0][2], 0.22500038, -0.59999967, -1.4249996
[67][0][0], -1.7499999, -2.475, -1.5250001
[67][0][1], -1.3000001, -2.55, -2.1250002
[67][0][2], 0.67499995, -0.20000002, -0.55
[68][0][0], 0.30000007, 0.32499993, 0.675
[68][0][1], -0.575, -0.95, -0.9499999
[68][0][2], 0.17500001, 0.425, 0.65
[69][0][0], 1.775, 1.45, 1.75
[69][0][1], 0.72499996, -0.099999994, 0.17500001
[69][0][2], 2.55, 2.075, 1.9250001
[70][0][0], 2.0750003, 0.67500037, 0.12500037
[70][0][1], 1.0250003, -0.7249996, -1.6249996
[70][0][2], 3.1250002, 2.9500005, 2.5000005
[71][0][0], 5.875002, 4.475002, 2.4000015
[71][0][1], 3.4750016, 3.0500016, 1.8500016
[71][0][2], 3.2500017, 4.5500016, 4.7000017
[72][0][0], 4.875001, 3.8750007, 3.375001
[72][0][1], 3.9000006, 3.750001, 4.0250006
[72][0][2], 4.700001, 5.500001, 6.1500006
[73][0][0], 3.7750006, 6.3000007, 7.100001
[73][0][1], 1.6750008, 4.5500007, 6.050001
[73][0][2], 3.6750007, 5.575001, 6.4750004
[74][0][0], 2.8000016, 4.1750016, 4.4250016
[74][0][1], 3.0500016, 4.3500013, 4.475002
[74][0][2], 6.6500015, 7.8000016, 7.625002
[75][0][0], 4.675, 5.1000004, 4.425
[75][0][1], 5.25, 5.9250007, 5.125
[75][0][2], 7.7250004, 8.55, 7.725001

uwnd.time[76]
1981080.0, 1981104.0, 1981128.0, 1981152.0, 1981176.0, 1981200.0, 1981224.0, 1981248.0, 1981272.0, 1981296.0, 1981320.0, 1981344.0, 1981368.0, 1981392.0, 1981416.0, 1981440.0, 1981464.0, 1981488.0, 1981512.0, 1981536.0, 1981560.0, 1981584.0, 1981608.0, 1981632.0, 1981656.0, 1981680.0, 1981704.0, 1981728.0, 1981752.0, 1981776.0, 1981800.0, 1981824.0, 1981848.0, 1981872.0, 1981896.0, 1981920.0, 1981944.0, 1981968.0, 1981992.0, 1982016.0, 1982040.0, 1982064.0, 1982088.0, 1982112.0, 1982136.0, 1982160.0, 1982184.0, 1982208.0, 1982232.0, 1982256.0, 1982280.0, 1982304.0, 1982328.0, 1982352.0, 1982376.0, 1982400.0, 1982424.0, 1982448.0, 1982472.0, 1982496.0, 1982520.0, 1982544.0, 1982568.0, 1982592.0, 1982616.0, 1982640.0, 1982664.0, 1982688.0, 1982712.0, 1982736.0, 1982760.0, 1982784.0, 1982808.0, 1982832.0, 1982856.0, 1982880.0

uwnd.level[1]
850.0

uwnd.lat[3]
27.5, 25.0, 22.5

uwnd.lon[3]
85.0, 87.5, 90.0


