Dataset {
    Grid {
     ARRAY:
        Float32 uwnd[time = 365][level = 1][lat = 3][lon = 3];
     MAPS:
        Float64 time[time = 365];
        Float32 level[level = 1];
        Float32 lat[lat = 3];
        Float32 lon[lon = 3];
    } uwnd;
} Datasets/ncep.reanalysis.dailyavgs/pressure/uwnd.2025.nc;
---------------------------------------------
uwnd.uwnd[365][1][3][3]
[0][0][0], 0.47500074, -0.9999993, -2.6499991
[0][0][1], 0.35000074, -0.9499993, -2.4999993
[0][0][2], 1.8000008, 1.1250007, 0.32500076
[1][0][0], -0.29999924, -1.7749993, -3.4249992
[1][0][1], -0.49999923, -1.3499993, -2.1999993
[1][0][2], 1.1750008, 0.8750008, 0.6750007
[2][0][0], -2.55, -2.825, -2.7250001
[2][0][1], -1.5, -2.4, -2.95
[2][0][2], 0.95000005, 0.625, -0.325
[3][0][0], -2.9249992, -3.449999, -3.6999993
[3][0][1], -3.0749993, -3.5249994, -3.2249992
[3][0][2], 0.32500076, 0.37500077, 0.57500076
[4][0][0], -2.4749997, -2.4749997, -2.7499995
[4][0][1], -3.4249997, -3.1249995, -2.9999998
[4][0][2], -0.8499996, -0.49999964, -0.57499963
[5][0][0], -0.9249996, -1.4249996, -1.6499995
[5][0][1], -0.6749996, -0.8749996, -0.69999963
[5][0][2], 1.2000003, 1.0000005, 1.1750003
[6][0][0], 3.15, 2.675, 2.175
[6][0][1], 5.075, 3.3, 1.5
[6][0][2], 3.925, 2.9499998, 1.625
[7][0][0], 2.1000004, 2.0500004, 1.8000004
[7][0][1], 3.5000005, 2.9250002, 2.1000004
[7][0][2], 3.4750001, 3.1250005, 2.1750002
[8][0][0], 2.4500003, 1.6750003, 0.07500039
[8][0][1], 1.4250004, 0.6000004, -1.5999997
[8][0][2], 0.4500004, 0.30000043, -1.5499996
[9][0][0], -0.6999988, -1.4749987, -3.024999
[9][0][1], -0.44999886, -0.79999876, -2.1999989
[9][0][2], 0.47500116, 0.65000117, -0.19999887
[10][0][0], -3.0499988, -2.099999, -1.8999988
[10][0][1], -2.849999, -2.499999, -1.7999988
[10][0][2], -0.64999884, -0.82499886, -0.24999885
[11][0][0], -3.399999, -1.8999989, 0.025001168
[11][0][1], -1.9749988, -1.8499988, -1.0249989
[11][0][2], 1.825001, 0.80000114, 0.050001174
[12][0][0], 1.5250012, 2.1750014, 1.9250011
[12][0][1], 3.400001, 2.775001, 2.0750012
[12][0][2], 3.0750012, 1.900001, 1.1750011
[13][0][0], -0.97499883, -0.69999886, -1.3999989
[13][0][1], 0.15000117, 0.1000011, -0.47499883
[13][0][2], 1.5250012, 1.0000012, 0.45000115
[14][0][0], -1.3749988, -1.7999988, -2.649999
[14][0][1], -1.5249989, -2.0749989, -2.8249989
[14][0][2], 0.6250012, 0.30000114, -0.39999884
[15][0][0], -2.724999, -1.8249989, -1.3499988
[15][0][1], -2.1999989, -2.4499989, -2.8749988
[15][0][2], 0.25000113, -0.44999886, -1.2749989
[16][0][0], 0.35000077, 0.30000076, -0.67499924
[16][0][1], 1.0250008, 0.9000008, -0.67499924
[16][0][2], 0.12500073, 0.70000076, -0.09999925
[17][0][0], 2.7000005, 2.0000005, 0.20000036
[17][0][1], 0.6500004, 0.3750004, -0.4499996
[17][0][2], -0.57499963, 0.20000038, 0.6000004
[18][0][0], 5.525001, 4.350001, 1.6750008
[18][0][1], 4.125001, 2.8250008, 0.72500074
[18][0][2], 1.5750006, 1.5250008, 1.0750008
[19][0][0], 4.975001, 3.9250014, 1.8500012
[19][0][1], 5.1250014, 4.400001, 2.3750012
[19][0][2], 4.175001, 4.7500014, 4.2750015
[20][0][0], 6.7750015, 6.4750013, 4.175001
[20][0][1], 6.5250015, 6.100001, 3.7500012
[20][0][2], 3.1750014, 4.000001, 3.650001
[21][0][0], 3.7000008, 5.100001, 4.3500004
[21][0][1], 4.525001, 5.3000007, 4.1750007
[21][0][2], 3.8500009, 4.875001, 4.650001
[22][0][0], 4.400001, 6.000001, 5.5000005
[22][0][1], 4.8000007, 5.950001, 5.075001
[22][0][2], 3.8000004, 4.8500004, 4.375001
[23][0][0], 4.4000006, 5.05, 4.6000004
[23][0][1], 7.3, 7.45, 6.05
[23][0][2], 6.2500005, 6.5250006, 5.175
[24][0][0], 6.450001, 4.375001, 1.3750008
[24][0][1], 7.675001, 6.450001, 4.2500005
[24][0][2], 6.3250012, 5.9000006, 4.500001
[25][0][0], -0.525, -1.8750001, -3.4
[25][0][1], 0.77500004, -0.6999999, -2.425
[25][0][2], 3.975, 3.025, 1.375
[26][0][0], 1.425, 0.6, -0.32499996
[26][0][1], 1.3249999, 0.02500002, -1.475
[26][0][2], 4.375, 3.3250003, 1.7249999
[27][0][0], 0.70000005, -0.54999995, -1.425
[27][0][1], 1.3499999, -0.5, -1.95
[27][0][2], 3.4250002, 2.4250002, 1.425
[28][0][0], 1.8249999, 2.15, 0.875
[28][0][1], 0.22500002, -0.025000013, -1.2249999
[28][0][2], 2.0, 2.4499998, 2.1999998
[29][0][0], 6.7000012, 6.975001, 5.7750006
[29][0][1], 6.675001, 5.6000013, 3.3250008
[29][0][2], 5.6000004, 4.950001, 3.7500007
[30][0][0], 6.6500025, 7.300002, 6.5250025
[30][0][1], 5.325002, 5.6250024, 4.425002
[30][0][2], 3.9000025, 4.7750025, 4.4000025
[31][0][0], 5.0250006, 6.325001, 5.0750003
[31][0][1], 4.5250006, 5.0750003, 3.3250003
[31][0][2], 4.125, 5.05, 4.0500007
[32][0][0], 7.975, 8.05, 5.8999996
[32][0][1], 6.9249997, 6.85, 4.9249997
[32][0][2], 5.325, 6.0, 4.975
[33][0][0], 4.6000013, 2.325001, -0.57499886
[33][0][1], 4.550001, 2.775001, 0.025001168
[33][0][2], 5.5000014, 5.675001, 3.8750014
[34][0][0], 4.600001, 3.425001, 0.5500008
[34][0][1], 3.800001, 2.8250008, 0.15000078
[34][0][2], 4.475001, 4.8500004, 3.625001
[35][0][0], 7.25, 7.05, 4.725
[35][0][1], 6.7999997, 5.725, 2.7250001
[35][0][2], 5.9, 5.2249994, 3.1000001
[36][0][0], 7.4500003, 7.1000004, 5.1750007
[36][0][1], 7.025, 6.1500006, 3.1750004
[36][0][2], 5.5750003, 5.775, 3.4750004
[37][0][0], 6.500001, 5.725001, 4.1000013
[37][0][1], 7.0750012, 5.475001, 2.775001
[37][0][2], 6.7000012, 5.7500014, 3.2250013
[38][0][0], 1.7000008, 0.42500073, -1.1249993
[38][0][1], 3.925001, 2.1000009, -0.04999923
[38][0][2], 5.850001, 4.8000007, 3.175001
[39][0][0], 3.7750003, 3.1500006, 0.8250004
[39][0][1], 4.15, 3.4500003, 1.1000004
[39][0][2], 3.7250004, 3.9750004, 3.0750003
[40][0][0], 3.8500001, 3.425, 2.275
[40][0][1], 4.4500003, 3.475, 1.95
[40][0][2], 4.9, 4.675, 3.8749998
[41][0][0], 5.5750003, 4.15, 2.125
[41][0][1], 6.45, 5.325, 3.725
[41][0][2], 6.2749996, 6.15, 5.7999997
[42][0][0], 6.875, 6.0750003, 4.9250007
[42][0][1], 5.7000003, 4.7000003, 3.6250005
[42][0][2], 6.4000006, 5.625, 4.5000005
[43][0][0], 6.425001, 5.5750012, 4.275001
[43][0][1], 7.175001, 5.725001, 3.825001
[43][0][2], 7.8250012, 7.250001, 5.9000015
[44][0][0], 3.7250001, 2.0, 1.125
[44][0][1], 4.625, 2.625, 1.25
[44][0][2], 6.45, 5.775, 4.8250003
[45][0][0], 2.475, 1.25, -0.45
[45][0][1], 3.775, 2.7, 0.925
[45][0][2], 5.4749994, 5.3, 3.975
[46][0][0], 1.05, 1.5, 1.7500001
[46][0][1], 2.6, 1.825, 1.15
[46][0][2], 4.95, 3.175, 1.5
[47][0][0], 1.2749999, 1.725, 1.8
[47][0][1], 1.75, 1.525, 0.525
[47][0][2], 4.4, 3.625, 1.5500001
[48][0][0], 1.650001, 1.6750011, 1.1750011
[48][0][1], 3.000001, 3.025001, 2.225001
[48][0][2], 4.3250012, 4.400001, 3.375001
[49][0][0], -0.4499992, 0.87500083, 1.8250008
[49][0][1], 1.7750008, 2.2000008, 2.3250008
[49][0][2], 3.6000009, 3.1000006, 2.3750007
[50][0][0], -1.2499989, 1.2000011, 1.8250011
[50][0][1], -0.3499989, 0.9750011, 1.0750011
[50][0][2], 2.9750013, 2.650001, 1.6250012
[51][0][0], 3.2000003, 3.9500005, 3.4500003
[51][0][1], 3.3750005, 3.4750004, 2.4250004
[51][0][2], 4.875, 4.6500006, 3.4250004
[52][0][0], 2.7250004, 1.8000004, 0.5750004
[52][0][1], 4.3500004, 3.0000005, 1.1750003
[52][0][2], 5.9750004, 4.6000004, 2.8250003
[53][0][0], 3.2000005, 4.1250005, 3.375001
[53][0][1], 2.6000009, 2.500001, 1.4500008
[53][0][2], 3.2250006, 2.5750008, 1.3250008
[54][0][0], 2.7000012, 2.3000011, 2.0500011
[54][0][1], 3.400001, 2.600001, 1.5500011
[54][0][2], 2.6750011, 2.5500011, 2.0000012
[55][0][0], -0.14999849, 0.6500015, 1.3750017
[55][0][1], 0.22500151, 0.27500153, 0.37500152
[55][0][2], 1.6500015, 1.4750016, 1.1500015
[56][0][0], 0.8000008, 1.5250008, 1.4500006
[56][0][1], 0.95000076, 0.9750007, 0.25000075
[56][0][2], 1.7750008, 1.2250007, 0.17500073
[57][0][0], 3.2750013, 3.2750013, 2.3750012
[57][0][1], 2.0000012, 2.0500011, 0.77500117
[57][0][2], 1.7250012, 2.500001, 1.800001
[58][0][0], 3.8750017, 4.2750015, 3.2250016
[58][0][1], 1.8000016, 1.7250016, 0.6000016
[58][0][2], 2.5000017, 2.5250013, 1.9750017
[59][0][0], 6.450001, 7.3750005, 6.725001
[59][0][1], 4.425001, 4.6750007, 4.100001
[59][0][2], 3.250001, 3.4750006, 3.6500008
[60][0][0], 6.2000012, 6.1000013, 6.500001
[60][0][1], 6.700001, 6.975002, 7.600001
[60][0][2], 5.3000007, 6.1250014, 6.6000013
[61][0][0], 7.800001, 7.750001, 6.1250014
[61][0][1], 6.8500013, 7.1500015, 6.2750015
[61][0][2], 4.7000017, 5.2750015, 5.225002
[62][0][0], 7.6, 6.9750004, 5.1500006
[62][0][1], 7.525, 6.375, 4.0750003
[62][0][2], 6.15, 5.65, 4.225
[63][0][0], 6.3500013, 6.175001, 4.9750013
[63][0][1], 8.500001, 6.9500017, 4.300001
[63][0][2], 7.9750013, 6.0750012, 3.3500013
[64][0][0], 2.0000014, 0.7000015, -0.22499847
[64][0][1], 2.3750014, 0.7750015, -0.37499848
[64][0][2], 4.0000014, 2.8750014, 1.5250016
[65][0][0], 2.150001, 1.0000012, 0.92500114
[65][0][1], 2.7000012, 0.37500113, -0.6749989
[65][0][2], 4.2000012, 2.400001, 0.9750011
[66][0][0], 2.3250003, 1.95, 1.8
[66][0][1], 4.375, 2.7499998, 1.7
[66][0][2], 4.475, 2.975, 1.85
[67][0][0], -0.72499967, -0.44999963, -0.07499961
[67][0][1], -0.39999962, -0.99999964, -1.1999996
[67][0][2], 0.6500004, -0.12499963, -0.59999967
[68][0][0], 0.32500228, 0.5750023, 0.7000023
[68][0][1], -0.34999773, -0.82499766, -1.1249976
[68][0][2], 0.6750022, 0.25000226, -0.2749977
[69][0][0], 3.8750005, 3.4000003, 3.2500005
[69][0][1], 4.3, 2.8750005, 1.8750005
[69][0][2], 4.05, 2.7000003, 1.4500004
[70][0][0], 4.5750012, 3.1000009, 1.5750012
[70][0][1], 6.400001, 4.800001, 3.0000012
[70][0][2], 7.9000015, 6.425001, 4.5000014
[71][0][0], 4.150001, 4.1000013, 3.725001
[71][0][1], 5.1000013, 4.8750014, 4.2000012
[71][0][2], 7.300001, 7.1000013, 5.9500012
[72][0][0], 3.2750015, 3.9750016, 4.0750017
[72][0][1], 3.7500017, 5.175002, 5.925001
[72][0][2], 5.8000016, 7.2000012, 7.625001
[73][0][0], 5.5250015, 6.3250017, 5.250002
[73][0][1], 3.1500015, 4.2000012, 4.1250014
[73][0][2], 4.2500014, 5.4250016, 5.3250017
[74][0][0], 4.925001, 6.2750006, 7.2750015
[74][0][1], 4.3500013, 4.800001, 5.3500013
[74][0][2], 6.050001, 5.950001, 5.425001
[75][0][0], 5.4, 6.05, 7.150001
[75][0][1], 6.5, 6.3250003, 6.375
[75][0][2], 7.2250004, 6.4, 5.0750003
[76][0][0], 2.4750009, 2.4000008, 2.8750007
[76][0][1], 5.6750007, 5.575001, 5.450001
[76][0][2], 7.450001, 7.650001, 7.2250013
[77][0][0], 3.175002, 2.000002, 1.3500018
[77][0][1], 3.4500017, 2.925002, 2.5250018
[77][0][2], 3.675002, 4.425002, 4.650002
[78][0][0], 3.7000022, 3.1500022, 2.7250023
[78][0][1], 4.4750023, 4.3500023, 3.600002
[78][0][2], 5.1250024, 5.4750023, 4.7500024
[79][0][0], 4.700001, 5.5250006, 5.550001
[79][0][1], 6.7250004, 6.200001, 4.325001
[79][0][2], 7.7250013, 5.9000006, 2.8500009
[80][0][0], 0.45000076, 1.2750008, 2.4000008
[80][0][1], 6.75, 5.475001, 3.550001
[80][0][2], 8.875001, 6.575001, 2.875001
[81][0][0], -1.2499981, -0.64999807, 0.12500194
[81][0][1], 3.9250016, 3.0500019, 1.9250019
[81][0][2], 6.5500016, 4.9250016, 2.500002
[82][0][0], -1.3499993, -1.1249993, -0.77499926
[82][0][1], 1.3250008, 0.72500074, 0.17500077
[82][0][2], 3.8500009, 2.8750007, 1.3750007
[83][0][0], 0.2750008, 0.27500075, 7.8603625E-7
[83][0][1], 2.2250009, 1.0750008, 0.025000766
[83][0][2], 3.875001, 2.6750007, 1.0750008
[84][0][0], 1.5000012, 1.1250012, 0.72500116
[84][0][1], 2.6250012, 2.0500011, 1.0750012
[84][0][2], 4.675001, 4.300001, 2.975001
[85][0][0], 5.0750012, 3.7500012, 2.225001
[85][0][1], 5.525001, 4.3250012, 2.5750012
[85][0][2], 5.4500012, 5.0250015, 3.700001
[86][0][0], 4.650002, 3.2000017, 1.725002
[86][0][1], 5.175002, 3.5000021, 1.3000019
[86][0][2], 6.025002, 5.200002, 3.000002
[87][0][0], 7.0000005, 5.575001, 4.0000005
[87][0][1], 5.950001, 4.975001, 3.3000007
[87][0][2], 4.6500006, 4.575001, 3.3250005
[88][0][0], 3.7250013, 3.4250014, 2.9500017
[88][0][1], 3.4500012, 2.8250017, 1.7750014
[88][0][2], 4.6000013, 3.9000015, 2.2000015
[89][0][0], 3.4250011, 2.275001, 1.2500012
[89][0][1], 3.025001, 1.7500012, 0.32500112
[89][0][2], 5.3250012, 5.300001, 4.1250014
[90][0][0], 4.175001, 3.2750013, 2.525001
[90][0][1], 3.875001, 2.6500013, 1.3500011
[90][0][2], 3.5500011, 3.775001, 3.0500014
[91][0][0], 3.4500015, 2.8750017, 1.9000015
[91][0][1], 3.0000014, 2.5750017, 1.6750015
[91][0][2], 2.7750015, 3.0500016, 2.5250015
[92][0][0], 4.4250007, 3.9250007, 3.1000009
[92][0][1], 3.875001, 3.0250008, 1.7250009
[92][0][2], 2.750001, 2.3000007, 1.2250009
[93][0][0], 6.8500013, 6.875002, 6.1000013
[93][0][1], 7.6500015, 7.0750017, 5.9250016
[93][0][2], 4.9500017, 4.4500017, 3.8250012
[94][0][0], 2.650001, 1.8250011, 1.0250012
[94][0][1], 4.425001, 2.6250012, 0.72500116
[94][0][2], 5.1250014, 4.300001, 2.9250011
[95][0][0], 0.25000113, 1.1250012, 1.4750011
[95][0][1], 3.100001, 2.0500011, 0.80000114
[95][0][2], 4.7250013, 3.200001, 1.0500011
[96][0][0], -1.9749987, -0.42499888, 0.2250011
[96][0][1], -0.19999887, 0.025001153, 0.100001164
[96][0][2], 1.2250011, 0.67500114, 0.27500117
[97][0][0], -0.7499988, 0.75000113, 1.2750012
[97][0][1], -0.32499886, -0.12499887, 0.07500115
[97][0][2], -0.29999888, -0.7499988, -0.47499886
[98][0][0], -1.9999993, -1.1999993, -0.049999237
[98][0][1], -1.0499992, 0.2000008, 1.6750009
[98][0][2], -0.02499926, 1.1750007, 2.1250007
[99][0][0], 1.5250005, 2.4500003, 3.4000003
[99][0][1], -0.6749996, 0.17500031, 1.3250004
[99][0][2], 0.45000035, 0.5250004, 0.87500036
[100][0][0], 1.1324883E-6, 0.15000114, 0.8250011
[100][0][1], -0.29999888, 0.12500119, 0.85000116
[100][0][2], 2.5000012, 2.400001, 1.8000011
[101][0][0], 0.60000074, 0.47500074, 1.0250008
[101][0][1], 0.6500008, 0.62500083, 1.3250008
[101][0][2], 3.6000006, 2.3500009, 1.3500009
[102][0][0], -0.9499996, 0.2000004, 1.8250004
[102][0][1], 0.67500037, 0.20000038, 0.3750004
[102][0][2], 3.4000003, 1.4250003, -0.29999962
[103][0][0], -1.4999985, -0.69999856, 0.40000147
[103][0][1], 0.75000155, 0.7250015, 0.8500015
[103][0][2], 1.6750015, 0.5500015, -0.2749985
[104][0][0], -3.5499985, -2.0249984, -0.62499845
[104][0][1], -2.5249984, -1.8499985, -0.7249984
[104][0][2], 0.47500154, 0.62500155, 1.0250015
[105][0][0], -3.75, -2.1750002, 0.17499998
[105][0][1], -0.32500005, 0.9, 2.6
[105][0][2], 3.9, 4.875, 5.1499996
[106][0][0], -1.3499992, -0.67499924, 0.90000075
[106][0][1], -0.42499924, -0.39999926, 0.82500076
[106][0][2], 3.250001, 3.4750009, 3.8250008
[107][0][0], -3.4499984, -2.7249985, -1.2249984
[107][0][1], -0.6499985, -0.07499844, 0.9750015
[107][0][2], 4.1750016, 4.6750016, 4.5750012
[108][0][0], -1.4499992, -0.64999926, 0.050000787
[108][0][1], -1.5499994, -0.6499992, 0.3250008
[108][0][2], 2.3000007, 3.0500007, 3.4250007
[109][0][0], 2.675, 2.9499998, 1.9000001
[109][0][1], 1.4, 2.0, 1.7
[109][0][2], 3.65, 4.425, 4.575
[110][0][0], 0.45000035, 1.3750004, 2.1000004
[110][0][1], 1.7500004, 1.7500005, 2.0500004
[110][0][2], 5.6250005, 4.7500005, 3.8750005
[111][0][0], 3.5750012, 2.725001, 2.250001
[111][0][1], 4.375001, 3.575001, 3.3250012
[111][0][2], 6.2500014, 5.875001, 5.3500013
[112][0][0], 4.8750005, 4.7250004, 5.0250006
[112][0][1], 5.3250003, 5.6000004, 6.3000007
[112][0][2], 6.2250004, 7.0500007, 7.425
[113][0][0], 3.925001, 4.0500007, 4.6000004
[113][0][1], 2.950001, 3.5750008, 4.975001
[113][0][2], 5.0500007, 5.4250007, 5.975001
[114][0][0], 4.0750003, 4.3500004, 4.3500004
[114][0][1], 3.5000005, 3.7000003, 3.7500002
[114][0][2], 5.8000007, 5.9, 5.4000006
[115][0][0], 1.7500011, 1.9000012, 2.6500013
[115][0][1], 3.3750012, 3.375001, 3.9250014
[115][0][2], 5.9750013, 5.8500013, 5.425001
[116][0][0], 3.1500003, 2.2750003, 1.1250004
[116][0][1], 5.25, 4.1250005, 2.4500003
[116][0][2], 5.8, 4.8500004, 3.2500002
[117][0][0], 0.80000114, 0.97500116, 0.6500011
[117][0][1], 1.4250011, 1.2250012, 0.6000011
[117][0][2], 1.9500012, 2.0500011, 1.4750011
[118][0][0], -1.9999989, -1.449999, -1.1249988
[118][0][1], 0.025001138, 0.9000011, 1.0750011
[118][0][2], 1.6750011, 2.5250013, 2.2250013
[119][0][0], -3.8749979, -3.7749982, -3.724998
[119][0][1], -1.549998, -1.1499981, -0.4999981
[119][0][2], -0.024998099, 0.22500193, 0.8750019
[120][0][0], -4.9499993, -4.625, -3.9249997
[120][0][1], -3.0499997, -3.1999996, -2.6999998
[120][0][2], -0.14999962, -0.9499997, -0.72499967
[121][0][0], -1.925, -1.4749999, -0.725
[121][0][1], -0.70000005, -0.17499994, 0.725
[121][0][2], 1.6750001, 1.25, 1.45
[122][0][0], -0.7999996, -0.7499995, -0.24999964
[122][0][1], 1.2250004, 1.8500004, 2.8000002
[122][0][2], 3.5000002, 3.7000003, 4.025
[123][0][0], -1.924999, -1.0249989, 0.30000108
[123][0][1], -0.39999884, 0.72500116, 2.275001
[123][0][2], 1.2500012, 1.8000011, 2.400001
[124][0][0], -0.92499965, -0.3249996, 0.95000035
[124][0][1], 0.62500036, 0.8250004, 1.8500004
[124][0][2], 1.6000004, 1.3000004, 1.3500004
[125][0][0], 2.600001, 2.3000011, 2.4500012
[125][0][1], 2.025001, 1.7500012, 1.8500011
[125][0][2], 2.275001, 2.1750011, 1.8750012
[126][0][0], 2.400001, 3.4250011, 3.025001
[126][0][1], 2.3250012, 3.225001, 3.150001
[126][0][2], 2.5750012, 3.025001, 2.8250012
[127][0][0], 3.1250012, 3.0000012, 2.9000013
[127][0][1], 3.4750013, 3.575001, 4.125001
[127][0][2], 2.350001, 2.5250013, 3.0500011
[128][0][0], 4.525001, 3.525001, 2.9500012
[128][0][1], 5.350001, 4.250001, 3.500001
[128][0][2], 1.2750013, 1.200001, 1.4000012
[129][0][0], 2.850001, 1.8250011, 1.5750011
[129][0][1], 4.900001, 4.6500015, 5.200001
[129][0][2], 1.9750012, 2.6250012, 3.8250012
[130][0][0], 3.3500016, 3.2500014, 2.7500017
[130][0][1], 4.4500017, 3.8500016, 3.5250015
[130][0][2], 2.7000015, 2.3750014, 2.9250014
[131][0][0], 2.9000013, 3.2500014, 2.7750013
[131][0][1], 4.2750015, 4.4500017, 3.8000016
[131][0][2], 3.9500012, 4.2250013, 4.0500016
[132][0][0], 3.500001, 3.7750013, 4.0750012
[132][0][1], 3.025001, 3.350001, 3.875001
[132][0][2], 3.3000011, 3.450001, 3.7250013
[133][0][0], 4.825001, 4.3500004, 3.875001
[133][0][1], 3.6750007, 3.6750007, 3.6000006
[133][0][2], 2.875001, 2.6250007, 2.2000008
[134][0][0], 5.225, 5.45, 5.35
[134][0][1], 3.125, 3.1000001, 3.2999997
[134][0][2], 2.25, 1.75, 1.3499999
[135][0][0], 5.525001, 5.125001, 4.0750012
[135][0][1], 3.900001, 3.8500013, 3.4250011
[135][0][2], 2.3250012, 2.025001, 1.4750011
[136][0][0], 6.325, 5.8, 4.45
[136][0][1], 5.3999996, 5.35, 4.725
[136][0][2], 2.475, 2.4, 2.225
[137][0][0], 2.6000009, 3.1750007, 3.125001
[137][0][1], 3.0500007, 3.1750007, 2.8000007
[137][0][2], 0.6250007, 0.57500076, 0.40000075
[138][0][0], -0.049999997, 0.47500005, 0.95000005
[138][0][1], 1.9250001, 2.85, 3.5249999
[138][0][2], 0.9, 2.0, 2.875
[139][0][0], 2.3500009, 1.9000008, 1.5250008
[139][0][1], 2.8500006, 3.5000007, 4.3500004
[139][0][2], 2.375001, 4.350001, 6.250001
[140][0][0], 1.3750007, 1.5250008, 1.5000008
[140][0][1], 0.8750008, 1.4250007, 2.4500008
[140][0][2], 0.9750008, 1.9750007, 3.3000007
[141][0][0], 0.35000038, -0.049999565, -0.29999965
[141][0][1], 0.47500038, 0.075000405, 0.32500038
[141][0][2], -0.6499996, -0.17499962, 0.77500033
[142][0][0], -3.5749984, -3.3249984, -2.1249986
[142][0][1], -2.6999986, -2.6749985, -1.3999985
[142][0][2], -0.37499848, -0.3499985, 0.55000156
[143][0][0], -6.6499987, -6.6499987, -5.4749985
[143][0][1], -6.0499988, -5.8999987, -3.9999988
[143][0][2], -2.9499989, -2.7999988, -1.4249989
[144][0][0], -5.549999, -5.0499988, -3.8249989
[144][0][1], -6.0249987, -4.724999, -2.649999
[144][0][2], -3.6249988, -3.0499988, -1.8999988
[145][0][0], -4.849999, -4.099999, -1.9499993
[145][0][1], -4.899999, -5.1999993, -4.1999993
[145][0][2], -3.6249993, -4.249999, -4.5999994
[146][0][0], -5.3249993, -5.4999995, -4.3749995
[146][0][1], -4.5249996, -5.875, -5.325
[146][0][2], -4.0499997, -5.5999994, -5.3499994
[147][0][0], -5.6749983, -6.949999, -6.2499986
[147][0][1], -6.849999, -9.674999, -9.524999
[147][0][2], -4.374999, -7.0999994, -7.274999
[148][0][0], -3.25, -5.425, -6.1499996
[148][0][1], -4.8500004, -7.6000004, -9.3
[148][0][2], 1.075, -0.39999986, -2.2000003
[149][0][0], 1.15, 0.30000004, -0.6749999
[149][0][1], 2.325, 2.5, 2.25
[149][0][2], 6.125, 8.075, 9.25
[150][0][0], 4.625, 4.45, 4.525
[150][0][1], 3.9, 4.0499997, 4.725
[150][0][2], 5.5750003, 5.875, 6.8750005
[151][0][0], 6.95, 6.025, 5.55
[151][0][1], 5.6000004, 4.5249996, 4.4750004
[151][0][2], 6.9, 5.475, 4.9750004
[152][0][0], 6.025, 5.3250003, 4.425
[152][0][1], 5.3999996, 4.825, 4.1
[152][0][2], 6.4750004, 6.7, 6.5
[153][0][0], 2.6750019, 2.8000019, 3.075002
[153][0][1], 3.450002, 3.350002, 3.125002
[153][0][2], 5.350002, 5.650002, 5.375002
[154][0][0], 2.6750007, 1.9250007, 1.4750007
[154][0][1], 0.5500008, 0.62500083, 1.3000009
[154][0][2], 0.32500082, 1.1000009, 2.550001
[155][0][0], 0.95000035, -0.3249997, -1.1999996
[155][0][1], 1.2250004, -0.2999996, -1.5249996
[155][0][2], 1.7000005, 1.4250004, 1.0250003
[156][0][0], 0.5000008, -0.34999922, -0.39999923
[156][0][1], 2.6000009, 1.0750008, -0.14999923
[156][0][2], 2.9000008, 2.250001, 1.2750008
[157][0][0], -0.6749981, -0.6999981, 0.05000195
[157][0][1], 1.7250019, 0.65000194, 0.40000194
[157][0][2], 2.325002, 1.275002, 0.5500019
[158][0][0], -1.2249992, -0.8999992, 0.47500077
[158][0][1], 0.4000008, -0.32499924, 0.15000072
[158][0][2], 1.0000007, 0.07500076, -0.22499925
[159][0][0], -3.4499993, -2.5249991, -0.47499922
[159][0][1], -2.4999993, -1.9999992, -0.07499921
[159][0][2], -1.2749993, -1.5499992, -0.67499924
[160][0][0], -3.7749984, -2.9999983, -1.6499984
[160][0][1], -4.574999, -4.0499988, -2.0749986
[160][0][2], -3.9249985, -3.9499984, -2.3749986
[161][0][0], -0.1999988, -0.19999886, -0.8749989
[161][0][1], -4.574999, -3.7249987, -2.424999
[161][0][2], -6.749999, -5.1749988, -2.6499991
[162][0][0], -0.07499921, 0.3250007, -0.3249992
[162][0][1], -3.499999, -2.4999993, -1.9499992
[162][0][2], -4.9749994, -3.7749994, -2.5499995
[163][0][0], 0.7000012, 1.275001, 0.9750011
[163][0][1], -2.649999, -2.0999987, -1.3249989
[163][0][2], -2.5249987, -2.4749987, -1.8999988
[164][0][0], 2.3250008, 2.1750007, 1.6000009
[164][0][1], 0.6750008, 0.45000073, 0.37500077
[164][0][2], 0.17500076, -0.49999923, -0.7499993
[165][0][0], 1.675, 0.875, 0.47500002
[165][0][1], -1.3750001, -2.125, -2.125
[165][0][2], -0.9500001, -1.9499999, -2.125
[166][0][0], -0.22499847, -0.49999848, -0.34999847
[166][0][1], -3.7999983, -4.3999987, -4.0749984
[166][0][2], 1.4901161E-6, -0.97499853, -1.5249984
[167][0][0], -2.174999, -3.7499988, -3.1999989
[167][0][1], -1.9999988, -3.799999, -3.6249988
[167][0][2], 5.275001, 3.5750012, 2.525001
[168][0][0], 1.7000004, -0.34999967, -0.99999964
[168][0][1], 3.5000005, 0.9500004, -0.47499967
[168][0][2], 9.275001, 7.175, 5.1250005
[169][0][0], -1.6499993, -2.0499992, -0.6999992
[169][0][1], 1.0000007, -0.6499992, -0.77499926
[169][0][2], 9.750001, 7.500001, 5.125001
[170][0][0], -1.2749993, -0.19999921, 1.8500007
[170][0][1], 2.0250006, 1.8750007, 2.2750008
[170][0][2], 8.425001, 7.0750012, 5.200001
[171][0][0], -1.7999996, -1.4499997, 0.10000038
[171][0][1], -0.62499964, -0.69999963, 0.6000004
[171][0][2], 4.8500004, 3.3750005, 2.7500005
[172][0][0], 0.62500113, 1.0000012, 1.1750011
[172][0][1], 0.6000012, 0.40000105, 0.80000114
[172][0][2], 3.875001, 1.5500011, 0.25000113
[173][0][0], 1.3250008, 2.0250008, 2.3250008
[173][0][1], 0.3500008, -0.6999993, -1.0499992
[173][0][2], 3.7250006, 0.35000077, -1.5499992
[174][0][0], 0.15000077, 0.45000073, 0.8750008
[174][0][1], -1.5999992, -2.4999993, -2.2999992
[174][0][2], 1.0750008, -1.7999992, -3.0999992
[175][0][0], -2.874999, -2.299999, -1.2999988
[175][0][1], -7.574999, -7.749999, -5.7999988
[175][0][2], -4.249999, -6.324999, -5.7999988
[176][0][0], -4.5499988, -1.7999989, 0.6250012
[176][0][1], -7.824999, -6.499999, -3.499999
[176][0][2], -2.6499991, -3.6499991, -2.524999
[177][0][0], -3.1749997, -1.7249995, 0.47500038
[177][0][1], -1.4499996, -1.7749996, -0.8499996
[177][0][2], 5.175, 2.8750005, 1.2000004
[178][0][0], -0.99999845, -1.7999985, -1.1249985
[178][0][1], -0.5499985, -2.1499984, -1.9499984
[178][0][2], 6.500002, 4.5500016, 3.3000016
[179][0][0], 0.55000114, -1.8499988, -2.374999
[179][0][1], -0.7999989, -3.9999988, -4.249999
[179][0][2], 3.9500012, 0.80000114, 1.1324883E-6
[180][0][0], -2.7749991, -2.3749993, -0.8249992
[180][0][1], -4.5749993, -6.499999, -5.6999993
[180][0][2], 1.2750008, -2.199999, -3.0999992
[181][0][0], -5.1999993, -4.674999, -2.8249993
[181][0][1], -5.9749994, -7.124999, -6.074999
[181][0][2], -0.09999925, -2.7749991, -3.3999991
[182][0][0], -5.0499988, -4.6749988, -2.9999988
[182][0][1], -6.3499985, -7.174999, -5.699999
[182][0][2], -0.62499887, -2.6999986, -2.3749988
[183][0][0], -5.825, -5.2999997, -2.7499993
[183][0][1], -5.2249994, -6.1499996, -4.4999995
[183][0][2], 2.8750007, 0.9250008, 0.70000076
[184][0][0], -4.399999, -3.1999989, -1.0499989
[184][0][1], -1.524999, -2.4749987, -1.6749988
[184][0][2], 6.925001, 4.4500012, 3.025001
[185][0][0], -5.4999986, -5.624999, -3.874999
[185][0][1], -1.5749989, -3.8999987, -3.774999
[185][0][2], 6.925001, 3.575001, 1.525001
[186][0][0], -8.424999, -8.974998, -7.2749987
[186][0][1], -6.4499993, -8.549999, -7.624999
[186][0][2], 3.150001, 0.15000117, -0.8499989
[187][0][0], -4.9249988, -5.649999, -5.3999987
[187][0][1], -6.5499988, -7.1499987, -5.849999
[187][0][2], 0.6250012, 0.4000011, 1.3500011
[188][0][0], -2.4999998, -3.0999997, -2.5249996
[188][0][1], -3.8749998, -3.9249995, -2.2249994
[188][0][2], 1.5000002, 1.5250003, 2.5250003
[189][0][0], -3.5499988, -4.124999, -3.1499987
[189][0][1], -5.449999, -5.624999, -3.5499988
[189][0][2], -0.39999884, 0.1250011, 1.8000011
[190][0][0], -3.7749987, -3.4249983, -1.7749985
[190][0][1], -5.8999987, -4.6749983, -1.6249985
[190][0][2], -2.4499984, -1.1749985, 1.3000016
[191][0][0], -1.6999992, -1.5249993, -0.92499924
[191][0][1], -4.124999, -3.8499992, -2.1499991
[191][0][2], -1.0249993, -1.2499992, -0.17499927
[192][0][0], -4.6749988, -4.324999, -3.549999
[192][0][1], -2.899999, -3.9249988, -3.999999
[192][0][2], 2.2250013, 0.10000113, -1.2249988
[193][0][0], -6.174999, -6.6749997, -6.225
[193][0][1], -4.9249997, -7.35, -7.924999
[193][0][2], 0.9000004, -2.3749995, -3.9999995
[194][0][0], -5.674999, -5.9749994, -4.6999993
[194][0][1], -4.7249994, -6.6249995, -5.9999995
[194][0][2], 1.8750007, 0.025000691, -0.37499917
[195][0][0], -2.4499981, -2.624998, -1.4999981
[195][0][1], -1.8999981, -1.924998, -0.4249981
[195][0][2], 2.150002, 2.500002, 3.3000019
[196][0][0], -3.149999, -1.3499988, 1.0750012
[196][0][1], -1.3999988, -0.3749989, 1.7000012
[196][0][2], 2.600001, 2.225001, 2.5000012
[197][0][0], -2.875, -0.325, 1.65
[197][0][1], -0.425, 1.5999999, 3.7
[197][0][2], 1.675, 1.6500001, 2.275
[198][0][0], 0.8750019, 1.8750019, 1.8500018
[198][0][1], 2.400002, 3.1000018, 3.9000018
[198][0][2], 1.925002, 2.000002, 2.750002
[199][0][0], 3.3250008, 1.4000007, 0.12500075
[199][0][1], 3.9750009, 2.375001, 1.6000009
[199][0][2], 2.1750007, 1.8750007, 1.8250006
[200][0][0], 2.7250016, 0.62500155, -0.124998465
[200][0][1], 0.6500015, -0.6749985, -0.47499847
[200][0][2], -1.3249986, -1.3749986, -0.42499846
[201][0][0], 1.9000012, 0.45000112, -0.44999886
[201][0][1], -1.2749989, -0.7749989, 0.15000114
[201][0][2], -3.274999, -1.9749988, -0.24999884
[202][0][0], 2.7500007, 1.5000007, 0.35000074
[202][0][1], 0.60000074, -0.24999925, -0.42499924
[202][0][2], -1.2249992, -1.1499994, -0.024999231
[203][0][0], 2.0750015, 0.9000015, -0.2999985
[203][0][1], 0.62500155, -1.3499985, -2.5999985
[203][0][2], -0.12499845, -2.1999986, -2.7749982
[204][0][0], -2.274999, -4.0499988, -4.4249988
[204][0][1], -3.999999, -7.0499983, -7.8999987
[204][0][2], -1.674999, -4.1249986, -4.374999
[205][0][0], -6.9499993, -8.274999, -6.799999
[205][0][1], -8.924999, -11.049999, -9.325
[205][0][2], -1.7499992, -3.1499991, -1.9749993
[206][0][0], -5.449999, -4.374999, -1.9999989
[206][0][1], -6.249999, -5.324999, -2.349999
[206][0][2], 1.9750011, 1.9500011, 3.2250013
[207][0][0], -1.1999993, -1.3499992, -0.67499936
[207][0][1], 1.4750009, 0.17500076, 0.60000074
[207][0][2], 8.175001, 5.9250007, 5.6500006
[208][0][0], -1.4499999, -2.35, -1.7750001
[208][0][1], 1.875, -0.625, -1.1250001
[208][0][2], 7.375, 4.325, 3.0749998
[209][0][0], -5.524998, -4.5249987, -2.1999984
[209][0][1], -2.3499985, -2.7249985, -1.3249984
[209][0][2], 5.2000017, 3.1000018, 2.3250015
[210][0][0], -4.974998, -3.699998, -0.9749982
[210][0][1], -2.8999982, -3.599998, -1.6249981
[210][0][2], 3.800002, 1.550002, 1.6000018
[211][0][0], -2.399999, -1.8249986, -0.04999888
[211][0][1], 0.8750011, 0.5000012, 1.8750012
[211][0][2], 6.3250017, 5.550001, 5.925001
[212][0][0], -0.5999995, -0.5499996, 0.75000036
[212][0][1], 2.6750004, 1.5500004, 1.9000003
[212][0][2], 6.5250006, 5.425, 5.1750007
[213][0][0], 0.6750015, 0.12500155, 1.3000015
[213][0][1], 3.5250015, 2.0750015, 2.3000016
[213][0][2], 6.0250015, 4.7500014, 4.1500015
[214][0][0], 2.9250019, 2.925002, 4.300002
[214][0][1], 3.8750021, 3.7000017, 4.7750015
[214][0][2], 5.675002, 5.3250017, 5.400002
[215][0][0], 4.9500003, 4.0750003, 4.3000007
[215][0][1], 6.1250005, 5.3, 5.2750006
[215][0][2], 5.0000005, 4.8, 5.1000004
[216][0][0], 5.475002, 3.5000014, 3.1500015
[216][0][1], 6.0000014, 4.4500017, 4.2750015
[216][0][2], 4.4000015, 4.0750017, 4.4500012
[217][0][0], 3.775, 2.4750004, 2.1500006
[217][0][1], 5.2250004, 3.9500003, 3.6000004
[217][0][2], 4.5750003, 4.8, 5.4
[218][0][0], 2.1499999, -0.65, -1.325
[218][0][1], 4.65, 1.9749999, 0.95
[218][0][2], 5.625, 4.5249996, 4.05
[219][0][0], 0.30000073, -1.2499993, -0.9999992
[219][0][1], 2.4750006, 1.1250007, 1.1250007
[219][0][2], 3.9500005, 4.0500007, 4.500001
[220][0][0], 1.0250007, 1.2750007, 2.1750007
[220][0][1], 4.450001, 4.5500007, 4.850001
[220][0][2], 5.125001, 5.1750007, 5.100001
[221][0][0], 2.9750009, 2.900001, 3.0250006
[221][0][1], 4.6500006, 4.6000004, 4.6250005
[221][0][2], 4.075001, 3.7000005, 3.2250009
[222][0][0], 4.4750004, 3.4500003, 3.3250003
[222][0][1], 4.675, 3.8750005, 3.5250003
[222][0][2], 3.2000003, 3.2000003, 2.8000004
[223][0][0], 3.525001, 1.700001, 0.8250012
[223][0][1], 4.2250013, 2.800001, 1.8750012
[223][0][2], 1.2000011, 0.45000118, -0.024998903
[224][0][0], 1.6000011, 0.15000114, -0.74999887
[224][0][1], -1.6249988, -1.9749988, -1.6249988
[224][0][2], -7.199999, -6.099999, -4.074999
[225][0][0], -1.25, -1.3249999, -0.72499996
[225][0][1], -6.2749996, -5.5499997, -3.175
[225][0][2], -7.8500004, -6.25, -3.0
[226][0][0], -1.1999989, -0.074998915, 0.7250012
[226][0][1], -5.124999, -3.4499989, -1.2249988
[226][0][2], -6.374999, -4.9499993, -2.524999
[227][0][0], -2.849999, -2.624999, -2.2249987
[227][0][1], -7.3749986, -6.199999, -4.5999985
[227][0][2], -7.9249988, -6.5249987, -4.849999
[228][0][0], -3.9499993, -4.674999, -4.349999
[228][0][1], -8.674999, -8.249999, -6.7249994
[228][0][2], -10.574999, -9.499999, -7.2999997
[229][0][0], -4.3999996, -3.3999994, -1.8749996
[229][0][1], -12.2, -9.950001, -6.274999
[229][0][2], -12.974999, -10.7, -6.875
[230][0][0], -3.874999, -1.5499992, 1.6000009
[230][0][1], -10.874999, -7.3249993, -2.1249993
[230][0][2], -8.674999, -5.824999, -1.5749993
[231][0][0], -4.3999996, -2.8499997, 0.1750004
[231][0][1], -6.174999, -5.075, -2.1749995
[231][0][2], -0.12499958, -0.24999958, 0.6000004
[232][0][0], -1.8749996, -1.9999996, -0.32499963
[232][0][1], 0.025000453, -1.1249996, -0.14999959
[232][0][2], 6.8, 4.8750005, 4.175
[233][0][0], -1.5749997, -3.0249996, -2.5749996
[233][0][1], -0.024999619, -2.5499995, -2.1749997
[233][0][2], 7.675, 4.6250005, 3.525
[234][0][0], -8.175, -8.349999, -5.825
[234][0][1], -4.0750003, -5.9249997, -4.7999997
[234][0][2], 6.925, 3.4249997, 1.9
[235][0][0], -9.474999, -7.5499988, -3.4999993
[235][0][1], -4.774999, -4.849999, -2.5749993
[235][0][2], 5.3000007, 2.5000007, 1.4000008
[236][0][0], -6.1249995, -3.924999, -1.1999993
[236][0][1], -4.774999, -5.324999, -3.9249992
[236][0][2], -0.29999918, -2.949999, -3.5499992
[237][0][0], -3.4499996, -2.25, -0.35000002
[237][0][1], -7.5499997, -7.6499996, -5.4
[237][0][2], -6.2250004, -7.025, -5.025
[238][0][0], -2.3, -1.175, 0.65
[238][0][1], -6.9249997, -5.5249996, -2.475
[238][0][2], -6.7, -4.425, -0.375
[239][0][0], -2.5000002, -1.775, 0.29999995
[239][0][1], -5.35, -3.375, -0.19999996
[239][0][2], -3.35, -0.97499996, 1.65
[240][0][0], -2.9999998, -1.1999997, 0.42500037
[240][0][1], -4.174999, -2.0249996, 0.2250004
[240][0][2], -0.5499996, 0.45000038, 1.5750003
[241][0][0], -3.624999, -2.8499992, -1.8499993
[241][0][1], -3.2499993, -3.3999991, -2.8749993
[241][0][2], -0.09999925, -0.79999924, -0.97499925
[242][0][0], -3.149999, -3.724999, -3.174999
[242][0][1], -3.2999988, -4.399999, -3.874999
[242][0][2], -1.574999, -2.374999, -1.9999989
[243][0][0], -3.8999991, -4.4749994, -4.499999
[243][0][1], -3.6749992, -5.8249993, -6.724999
[243][0][2], -1.9499992, -4.024999, -4.7749987
[244][0][0], -8.099999, -6.674999, -3.7999995
[244][0][1], -8.925, -9.2, -7.0999994
[244][0][2], -6.1749997, -7.0749993, -6.1499996
[245][0][0], -8.874999, -6.6749997, -3.699999
[245][0][1], -10.325, -8.95, -5.5749993
[245][0][2], -6.549999, -6.5249996, -4.5749993
[246][0][0], -7.774999, -4.174999, -0.84999925
[246][0][1], -7.6249995, -5.6999993, -3.1249993
[246][0][2], -1.8499993, -2.4249992, -2.0249994
[247][0][0], -4.699999, -2.924999, -0.8999988
[247][0][1], -3.274999, -2.5999987, -1.3499988
[247][0][2], 0.45000115, -0.14999884, -0.32499886
[248][0][0], -0.8249992, -0.39999926, 0.050000772
[248][0][1], -1.2249992, -1.6249994, -1.0249993
[248][0][2], -0.49999923, -1.3749992, -0.79999924
[249][0][0], 1.1750011, 0.55000114, 0.40000117
[249][0][1], 0.65000117, 1.1324883E-6, 0.07500115
[249][0][2], 0.55000114, 0.5750011, 0.9500011
[250][0][0], 2.7500012, 2.3750012, 1.8000011
[250][0][1], 1.3000011, 1.3250012, 1.1250012
[250][0][2], -0.8249988, -0.14999881, 0.37500113
[251][0][0], 2.6750011, 2.025001, 1.9250011
[251][0][1], 1.4250011, 1.3250012, 1.7250012
[251][0][2], -0.5249989, -0.19999889, 0.52500117
[252][0][0], 4.1500015, 3.0250015, 2.6750016
[252][0][1], 3.0000014, 1.7750015, 1.5750015
[252][0][2], 0.42500153, 0.3500015, 0.62500155
[253][0][0], 3.8500013, 2.2750015, 1.4500015
[253][0][1], 3.8250015, 2.2750015, 1.3250015
[253][0][2], -1.3249985, -1.4499985, -1.1999985
[254][0][0], 1.9250016, 0.7500015, -0.19999847
[254][0][1], 0.12500149, 0.100001544, 0.87500155
[254][0][2], -3.9749985, -2.8249984, -0.4749985
[255][0][0], -0.024999633, -0.3499996, -0.024999613
[255][0][1], -0.9749996, -0.34999964, 0.9750004
[255][0][2], -1.5499996, -0.07499963, 1.8250003
[256][0][0], 0.050000716, -1.1499993, -1.3749992
[256][0][1], -0.7499992, -0.52499926, 0.7500008
[256][0][2], 7.674098E-7, 1.2750008, 2.9500008
[257][0][0], -1.5749986, -5.1749983, -5.249999
[257][0][1], 0.32500154, -1.8249984, -1.4999985
[257][0][2], 3.3500016, 3.4500017, 4.0000014
[258][0][0], -2.925, -4.1, -3.375
[258][0][1], -0.45000005, -0.60000014, 0.55
[258][0][2], 3.575, 3.975, 4.2
[259][0][0], -1.3749988, -1.1749989, 0.025001138
[259][0][1], 1.650001, 1.5000011, 1.8250011
[259][0][2], 4.775001, 4.200001, 3.3000011
[260][0][0], -0.09999882, -0.29999882, -0.22499885
[260][0][1], 3.125001, 2.725001, 2.1500013
[260][0][2], 4.650001, 4.175001, 3.025001
[261][0][0], 3.2750015, 1.8500016, 0.1750015
[261][0][1], 4.0750017, 3.3750014, 2.3250017
[261][0][2], 3.2500014, 2.7750015, 2.2500014
[262][0][0], 1.9750012, 0.92500114, -0.42499882
[262][0][1], 2.7000012, 1.775001, 0.35000116
[262][0][2], 2.525001, 1.9000012, 0.50000113
[263][0][0], -1.3999993, -2.6249993, -3.249999
[263][0][1], 0.5500008, -1.0499992, -2.0999992
[263][0][2], 1.8000007, 0.9250008, -0.07499927
[264][0][0], -5.324999, -6.124999, -5.074999
[264][0][1], -1.5999988, -3.2999988, -3.474999
[264][0][2], 1.2500012, 0.45000112, -0.22499883
[265][0][0], -5.3999996, -5.9999995, -4.95
[265][0][1], -4.1749997, -4.8499994, -3.2999995
[265][0][2], -1.0249996, -1.6749997, -0.82499963
[266][0][0], -4.3499994, -4.3749995, -2.9749992
[266][0][1], -6.5999994, -6.999999, -5.674999
[266][0][2], -5.049999, -5.3999996, -4.224999
[267][0][0], -5.749999, -4.974999, -3.8499987
[267][0][1], -7.7249985, -6.699999, -5.099999
[267][0][2], -7.299999, -6.1499987, -4.349999
[268][0][0], -7.9749994, -8.349999, -7.024999
[268][0][1], -10.099998, -9.874999, -7.674999
[268][0][2], -10.15, -8.674999, -5.799999
[269][0][0], -7.475, -5.45, -3.25
[269][0][1], -10.775, -7.525, -4.375
[269][0][2], -9.85, -6.125, -2.9750001
[270][0][0], -2.699999, -1.7499993, -1.0749993
[270][0][1], -4.874999, -4.024999, -3.1249995
[270][0][2], -5.774999, -4.799999, -3.374999
[271][0][0], -1.8749996, -1.7749997, -1.6499996
[271][0][1], -3.6499994, -3.1999998, -2.5249996
[271][0][2], -3.3499994, -3.0249996, -2.2749996
[272][0][0], 1.1250012, 0.3750012, -0.024998903
[272][0][1], 0.025001168, 0.2250011, 0.9500012
[272][0][2], -2.5749989, -2.3249989, -0.57499886
[273][0][0], 0.20000076, -0.44999924, -0.9999993
[273][0][1], -1.3499992, -2.0999992, -1.5499992
[273][0][2], -5.0749993, -5.8749995, -3.9499993
[274][0][0], -3.624999, -2.3499994, 0.60000074
[274][0][1], -9.4, -7.349999, -2.5749993
[274][0][2], -10.499999, -8.674999, -4.2499995
[275][0][0], -6.874999, -4.874999, -1.7249993
[275][0][1], -7.449999, -4.9749994, -1.2749993
[275][0][2], -2.9249992, -1.3249992, 0.7500007
[276][0][0], -2.974999, -2.674999, -0.99999887
[276][0][1], -2.249999, -1.9999989, -0.64999884
[276][0][2], 3.3000011, 2.600001, 2.0750012
[277][0][0], 1.950001, 1.1000007, 0.15000078
[277][0][1], 2.2500007, 2.3250008, 1.6250008
[277][0][2], 4.225001, 4.9000006, 4.1500006
[278][0][0], -1.2999989, -0.8999989, -0.17499888
[278][0][1], -0.17499885, 0.5750011, 1.1250012
[278][0][2], 2.000001, 3.2000012, 3.750001
[279][0][0], 1.5050173E-6, 0.17500156, 0.12500149
[279][0][1], -0.87499845, -0.5999985, -0.22499847
[279][0][2], -0.6999985, 0.20000152, 1.1500015
[280][0][0], 0.5250015, 0.35000154, -0.34999847
[280][0][1], 0.8500015, 0.70000154, 0.07500154
[280][0][2], 1.3500016, 2.1250017, 2.3750014
[281][0][0], 0.57500076, -0.37499925, -1.1499991
[281][0][1], 0.9000008, -0.2999992, -1.4499992
[281][0][2], 0.050000757, -0.099999264, -0.19999924
[282][0][0], -1.025, -1.875, -2.65
[282][0][1], -0.525, -1.375, -2.125
[282][0][2], -1.7, -1.4000001, -0.72499996
[283][0][0], 0.675002, -0.3749981, -1.2749982
[283][0][1], 0.10000192, -0.8749981, -1.1249981
[283][0][2], -2.3249981, -1.849998, -0.22499809
[284][0][0], -0.7749977, -2.199998, -2.5249977
[284][0][1], 2.1750023, 0.6500023, -0.0999977
[284][0][2], 0.050002307, 0.12500228, 0.8250023
[285][0][0], 0.07500079, -1.0999992, -2.124999
[285][0][1], 1.2250007, 0.75000083, 0.4250008
[285][0][2], -0.5999992, 0.075000755, 0.95000076
[286][0][0], -1.8249996, -3.1499996, -4.225
[286][0][1], 0.7000004, -0.17499962, -1.1249996
[286][0][2], -0.24999964, 0.5250004, 1.1000004
[287][0][0], -2.05, -3.575, -4.525
[287][0][1], 0.65, -0.27499998, -1.275
[287][0][2], 0.725, 1.325, 1.525
[288][0][0], -1.8749981, -3.624998, -4.199998
[288][0][1], 0.7500019, -1.1999981, -2.424998
[288][0][2], 1.8750019, 1.5000019, 1.325002
[289][0][0], -2.8249996, -3.4249997, -2.5749996
[289][0][1], -0.9749996, -1.4749997, -0.7999996
[289][0][2], -0.39999965, -0.34999964, 0.65000033
[290][0][0], -1.0249993, -0.9999992, -0.29999924
[290][0][1], -1.6749992, -1.2499993, -0.37499925
[290][0][2], -1.8999993, -1.7249993, -1.4999993
[291][0][0], 0.3750015, -0.24999845, -0.79999846
[291][0][1], -0.8749985, -0.99999845, -1.0749985
[291][0][2], -2.7999985, -2.2999985, -1.9749985
[292][0][0], -0.82499844, -1.0249984, -1.3249984
[292][0][1], -1.5749985, -1.3999984, -1.0249984
[292][0][2], -3.0999982, -2.4249985, -1.5749985
[293][0][0], -2.1749997, -2.9999995, -2.7499995
[293][0][1], -1.2499995, -1.7999997, -1.7249997
[293][0][2], -1.8999996, -1.3999997, -0.94999975
[294][0][0], -0.27499846, -0.9499985, -0.9999984
[294][0][1], -0.14999849, -0.19999844, -0.22499844
[294][0][2], -1.2499986, -0.17499852, 0.1750015
[295][0][0], 1.3000011, 0.87500113, 0.07500112
[295][0][1], 0.27500114, 0.50000113, 0.050001144
[295][0][2], -1.2499989, 1.1473894E-6, 0.25000113
[296][0][0], 0.7250011, 0.37500116, -0.09999889
[296][0][1], 1.6000011, 1.7500011, 0.9250011
[296][0][2], -0.09999877, 1.3250011, 1.2750012
[297][0][0], 1.1500003, 1.0250003, 0.025000393
[297][0][1], 0.2500004, 0.40000036, -0.22499962
[297][0][2], -1.3249996, -0.5249996, 0.10000038
[298][0][0], -0.52499926, -0.19999924, -0.09999919
[298][0][1], 0.40000078, 0.8750008, 0.6750008
[298][0][2], 0.10000074, 0.6750008, 0.65000075
[299][0][0], -1.8249981, -1.2499981, -1.1249981
[299][0][1], -0.92499804, 0.30000192, 1.1250019
[299][0][2], -4.3999977, -2.9499981, -0.8999981
[300][0][0], -0.6499989, 0.2750011, 0.55000114
[300][0][1], -4.4249988, -1.9249989, -0.27499884
[300][0][2], -10.499998, -5.7999988, -2.1249988
[301][0][0], -0.9499992, 0.40000075, 0.85000074
[301][0][1], -5.4749994, -2.1499994, -0.24999925
[301][0][2], -7.3499994, -3.3249993, -1.1249993
[302][0][0], -5.0249977, -2.1999981, -0.34999812
[302][0][1], -6.424998, -2.749998, -0.24999806
[302][0][2], -1.6749982, 0.22500189, 1.1500019
[303][0][0], 0.35000074, -0.3999993, -0.8749992
[303][0][1], 1.0500008, 0.025000766, -0.8249992
[303][0][2], 4.225001, 2.8250008, 1.1000007
[304][0][0], 1.7250011, 0.12500116, -1.349999
[304][0][1], 3.375001, 2.0500011, 1.1324883E-6
[304][0][2], 4.425001, 4.4000015, 2.6250012
[305][0][0], 1.150001, -0.7249989, -0.74999887
[305][0][1], 3.0500011, 1.1250012, 0.4750012
[305][0][2], 4.125001, 3.500001, 2.6500013
[306][0][0], -0.24999887, -2.674999, -3.124999
[306][0][1], 3.5000012, 1.0000011, -0.42499888
[306][0][2], 4.500001, 3.3250012, 1.9000012
[307][0][0], -3.4999988, -5.324999, -6.249999
[307][0][1], 0.050001144, -1.9999989, -3.6999989
[307][0][2], 3.500001, 2.4500012, 1.1250012
[308][0][0], -0.34999886, -1.2499988, -1.6499988
[308][0][1], -0.34999886, -1.1749989, -1.1499988
[308][0][2], 1.8500011, 1.2500012, 1.5000012
[309][0][0], -0.049999595, -0.39999962, -0.4249996
[309][0][1], 0.5250004, -0.27499962, -0.3499996
[309][0][2], 1.3750004, 0.50000036, 0.10000038
[310][0][0], -0.70000005, -0.85, -1.5
[310][0][1], 0.875, 0.375, -0.39999998
[310][0][2], -0.07499999, -0.77500004, -1.125
[311][0][0], -2.2749999, -2.925, -3.075
[311][0][1], -0.09999998, -0.95000005, -1.35
[311][0][2], 1.225, 0.49999997, -0.024999991
[312][0][0], -1.5749999, -2.875, -3.6499999
[312][0][1], 1.325, 0.425, -0.55
[312][0][2], 3.5, 3.4750001, 3.0
[313][0][0], -0.7499996, -1.6749996, -2.5749996
[313][0][1], 0.42500037, -0.9999996, -2.1999998
[313][0][2], 2.4250004, 1.9750005, 1.2500004
[314][0][0], 0.92500114, 0.050001115, -1.1999989
[314][0][1], 1.4500011, -0.22499889, -1.8999989
[314][0][2], 3.0000012, 1.775001, 0.15000117
[315][0][0], 2.0750003, 1.0250005, -0.29999962
[315][0][1], 0.3750004, -0.9749996, -1.9249996
[315][0][2], -0.24999964, -1.4249997, -2.1499996
[316][0][0], 0.17500073, -0.19999927, -0.6249992
[316][0][1], 0.42500073, -0.6999993, -1.8999991
[316][0][2], 0.60000074, -0.14999923, -1.2999992
[317][0][0], -0.34999844, -1.4499985, -2.1499984
[317][0][1], 1.4500015, 1.5199184E-6, -1.1999986
[317][0][2], 0.9500015, 0.70000154, -0.09999847
[318][0][0], -1.2499989, -1.9499987, -2.6249986
[318][0][1], -0.52499884, -0.77499884, -0.7249989
[318][0][2], -0.44999886, -0.29999888, 0.30000114
[319][0][0], -3.8749995, -3.9999998, -3.5499997
[319][0][1], -2.0999997, -1.6999996, -0.9249997
[319][0][2], -0.024999619, 0.5250004, 0.9750004
[320][0][0], -5.249999, -5.774999, -5.224999
[320][0][1], -5.0249987, -4.074999, -2.0499988
[320][0][2], -1.5249989, -0.4749989, 1.0000012
[321][0][0], -2.2749991, -2.0749993, -1.5249991
[321][0][1], -3.3999991, -2.8999991, -1.4249992
[321][0][2], -1.9749993, -1.9749992, -1.0499992
[322][0][0], -2.8499992, -2.824999, -2.1499991
[322][0][1], -2.6499994, -2.0999992, -1.0749992
[322][0][2], -0.9249992, -0.5249992, 0.02500077
[323][0][0], -2.6499982, -2.499998, -1.5249981
[323][0][1], -1.1499981, -0.82499814, -0.32499808
[323][0][2], 1.7500019, 2.000002, 1.700002
[324][0][0], -0.12499888, -0.024998859, 0.15000114
[324][0][1], 0.6750012, 0.80000114, 0.45000112
[324][0][2], 2.500001, 2.775001, 2.150001
[325][0][0], 1.3750008, 1.2750008, 0.6750007
[325][0][1], 1.8250008, 1.6750008, 1.1250007
[325][0][2], 2.800001, 2.5000005, 1.7500007
[326][0][0], 1.7000015, 0.6750015, -0.049998462
[326][0][1], 2.5750017, 2.2500014, 1.6500015
[326][0][2], 2.4750016, 2.1250014, 1.1500015
[327][0][0], 1.900001, 0.5750011, -1.7749988
[327][0][1], 1.3250011, 1.2500011, 0.9000011
[327][0][2], -0.9499989, -0.64999884, 0.27500117
[328][0][0], -0.124998085, -0.89999807, -1.3999981
[328][0][1], 3.400002, 2.250002, 0.9000019
[328][0][2], 2.9000018, 2.400002, 1.2500019
[329][0][0], -4.649999, -5.4499993, -6.074999
[329][0][1], -1.2249992, -1.9749992, -2.2749991
[329][0][2], 0.6250008, 0.37500077, 0.5500008
[330][0][0], -3.9499993, -3.9249992, -4.274999
[330][0][1], -3.9499993, -4.474999, -4.474999
[330][0][2], -3.4749992, -3.6499991, -3.4249992
[331][0][0], -1.9749988, -1.0999987, -0.7499989
[331][0][1], -1.9999989, -1.4999989, -1.349999
[331][0][2], -2.4499986, -2.0749989, -1.824999
[332][0][0], 0.10000038, -0.12499964, -0.82499963
[332][0][1], -0.22499962, -0.34999964, -0.99999964
[332][0][2], 1.2750003, 1.6500003, 1.2250004
[333][0][0], 1.3000008, 0.5500008, -0.5749992
[333][0][1], 0.12500077, -1.0749992, -1.7749993
[333][0][2], 0.9250008, 0.17500074, -0.27499926
[334][0][0], 1.7250016, 1.7500015, 0.6750015
[334][0][1], 0.9000015, 0.27500153, -1.0999984
[334][0][2], -0.19999844, -0.024998456, -0.5999985
[335][0][0], 1.0000007, 1.3000008, 0.9000008
[335][0][1], 1.1750009, 1.2000008, 0.95000076
[335][0][2], 1.7250007, 1.4000007, 0.82500076
[336][0][0], 1.9000016, 1.8750014, 1.2750015
[336][0][1], 1.8750014, 1.0250015, -0.17499846
[336][0][2], 1.2250016, 0.40000153, -0.7749985
[337][0][0], -0.425, -0.049999952, -0.4
[337][0][1], 1.2500001, 0.39999998, -0.27499998
[337][0][2], 0.5500001, -0.42499998, -0.72499996
[338][0][0], 0.60000116, 0.37500116, -0.94999886
[338][0][1], 1.1250012, 0.30000114, -1.2249988
[338][0][2], 1.3000011, 1.0500011, 0.35000116
[339][0][0], 0.25000155, -0.8749985, -1.9999985
[339][0][1], 2.4250014, 1.1500015, -0.7249985
[339][0][2], 3.1250017, 3.0250015, 2.0500014
[340][0][0], 2.1750011, 0.87500113, -0.5499989
[340][0][1], 1.6000013, 1.2250012, 0.5750011
[340][0][2], 1.1250012, 1.9000012, 2.275001
[341][0][0], 2.9750013, 0.8000011, -1.0499989
[341][0][1], 2.600001, 0.7000011, -1.1999989
[341][0][2], 1.9500011, 2.1750011, 1.3500012
[342][0][0], 0.6000008, -0.8249992, -1.9249992
[342][0][1], 1.8250008, 0.22500074, -0.7749992
[342][0][2], 0.65000075, 0.40000075, 0.6000008
[343][0][0], -2.0499992, -2.3749993, -1.9749992
[343][0][1], 0.30000073, -0.52499926, -0.44999924
[343][0][2], 2.1500006, 1.6000007, 1.2000008
[344][0][0], -1.8499992, -2.1499991, -2.5249991
[344][0][1], -0.5999992, -1.3749992, -2.124999
[344][0][2], 2.1750007, 1.9250008, 1.0500008
[345][0][0], -3.4999995, -3.1999998, -2.8749995
[345][0][1], -1.1249996, -1.6249995, -2.2499995
[345][0][2], 1.2500004, 0.7250004, 0.075000376
[346][0][0], -4.7999997, -3.725, -2.8999999
[346][0][1], -2.8499994, -2.7749996, -2.6749997
[346][0][2], -0.14999962, -0.19999963, -0.14999962
[347][0][0], -2.7249994, -1.2249992, -0.37499923
[347][0][1], -2.4999993, -1.5749992, -1.1249992
[347][0][2], -1.0749992, -0.44999924, -0.124999255
[348][0][0], -1.0249991, -1.2749991, -0.8749992
[348][0][1], 0.60000074, 0.15000072, 0.07500079
[348][0][2], 2.1500006, 2.1000009, 1.5000007
[349][0][0], -0.1749981, -0.6749981, -0.3499981
[349][0][1], 1.950002, 1.075002, 1.1000019
[349][0][2], 2.500002, 2.3000019, 2.075002
[350][0][0], -2.7749991, -3.0999994, -2.7249992
[350][0][1], 0.3250007, -1.6999992, -2.5999992
[350][0][2], 3.1250007, 1.0750008, -0.47499925
[351][0][0], -3.4249997, -2.9249997, -2.2249994
[351][0][1], -1.7249995, -2.4999998, -2.3999996
[351][0][2], 0.75000036, -0.6749996, -1.1999996
[352][0][0], -1.0749989, -1.1749988, -1.1999989
[352][0][1], -1.4499989, -0.9249988, -0.47499886
[352][0][2], -0.8749988, 0.17500116, 0.9750011
[353][0][0], -1.1749997, -1.8749996, -1.9249996
[353][0][1], -1.8499997, -2.2749996, -2.0499997
[353][0][2], -1.0249996, -0.5999996, -0.19999962
[354][0][0], -2.274999, -2.4999988, -2.849999
[354][0][1], -3.224999, -3.749999, -4.124999
[354][0][2], -1.5499988, -1.6999989, -2.099999
[355][0][0], 0.17499998, -1.0000001, -2.2
[355][0][1], -1.9, -2.225, -2.55
[355][0][2], -1.45, -0.70000005, -0.42499998
[356][0][0], 4.0750012, 3.1000013, 1.8250011
[356][0][1], 1.8000011, 1.1500012, 0.025001153
[356][0][2], 0.92500114, 1.0250012, 0.17500114
[357][0][0], 2.6250012, 1.1250011, -0.6499988
[357][0][1], 2.650001, 1.3250011, -0.47499886
[357][0][2], 3.0500011, 2.7250013, 1.2250011
[358][0][0], -0.5499977, -1.9999979, -3.1249976
[358][0][1], 0.3750022, -0.99999774, -2.5999978
[358][0][2], 3.2500024, 2.425002, 0.7250023
[359][0][0], -0.5999996, -0.69999963, -1.3249997
[359][0][1], 0.42500037, -0.6999997, -1.9999995
[359][0][2], 1.8500004, 0.75000036, -0.5249996
[360][0][0], -0.1999985, -0.2749985, -0.8749985
[360][0][1], 0.6500015, -0.024998471, -0.8999985
[360][0][2], 1.9000015, 1.1750015, 0.15000156
[361][0][0], 1.4750007, 1.2500007, 0.6250008
[361][0][1], 1.1000007, 0.37500075, -0.8749993
[361][0][2], 1.9000007, 1.7000008, 0.6250007
[362][0][0], 3.7250009, 2.5500007, 1.2000008
[362][0][1], 3.0500007, 2.8500009, 1.6000007
[362][0][2], 2.000001, 3.3250008, 2.7750008
[363][0][0], 4.225001, 3.3000011, 2.150001
[363][0][1], 4.925001, 4.875001, 3.8250012
[363][0][2], 4.1000013, 5.1750016, 4.525001
[364][0][0], 1.6, 1.625, 0.825
[364][0][1], 2.8749998, 3.65, 3.3250003
[364][0][2], 2.6749997, 3.425, 3.4250002

uwnd.time[365]
1972320.0, 1972344.0, 1972368.0, 1972392.0, 1972416.0, 1972440.0, 1972464.0, 1972488.0, 1972512.0, 1972536.0, 1972560.0, 1972584.0, 1972608.0, 1972632.0, 1972656.0, 1972680.0, 1972704.0, 1972728.0, 1972752.0, 1972776.0, 1972800.0, 1972824.0, 1972848.0, 1972872.0, 1972896.0, 1972920.0, 1972944.0, 1972968.0, 1972992.0, 1973016.0, 1973040.0, 1973064.0, 1973088.0, 1973112.0, 1973136.0, 1973160.0, 1973184.0, 1973208.0, 1973232.0, 1973256.0, 1973280.0, 1973304.0, 1973328.0, 1973352.0, 1973376.0, 1973400.0, 1973424.0, 1973448.0, 1973472.0, 1973496.0, 1973520.0, 1973544.0, 1973568.0, 1973592.0, 1973616.0, 1973640.0, 1973664.0, 1973688.0, 1973712.0, 1973736.0, 1973760.0, 1973784.0, 1973808.0, 1973832.0, 1973856.0, 1973880.0, 1973904.0, 1973928.0, 1973952.0, 1973976.0, 1974000.0, 1974024.0, 1974048.0, 1974072.0, 1974096.0, 1974120.0, 1974144.0, 1974168.0, 1974192.0, 1974216.0, 1974240.0, 1974264.0, 1974288.0, 1974312.0, 1974336.0, 1974360.0, 1974384.0, 1974408.0, 1974432.0, 1974456.0, 1974480.0, 1974504.0, 1974528.0, 1974552.0, 1974576.0, 1974600.0, 1974624.0, 1974648.0, 1974672.0, 1974696.0, 1974720.0, 1974744.0, 1974768.0, 1974792.0, 1974816.0, 1974840.0, 1974864.0, 1974888.0, 1974912.0, 1974936.0, 1974960.0, 1974984.0, 1975008.0, 1975032.0, 1975056.0, 1975080.0, 1975104.0, 1975128.0, 1975152.0, 1975176.0, 1975200.0, 1975224.0, 1975248.0, 1975272.0, 1975296.0, 1975320.0, 1975344.0, 1975368.0, 1975392.0, 1975416.0, 1975440.0, 1975464.0, 1975488.0, 1975512.0, 1975536.0, 1975560.0, 1975584.0, 1975608.0, 1975632.0, 1975656.0, 1975680.0, 1975704.0, 1975728.0, 1975752.0, 1975776.0, 1975800.0, 1975824.0, 1975848.0, 1975872.0, 1975896.0, 1975920.0, 1975944.0, 1975968.0, 1975992.0, 1976016.0, 1976040.0, 1976064.0, 1976088.0, 1976112.0, 1976136.0, 1976160.0, 1976184.0, 1976208.0, 1976232.0, 1976256.0, 1976280.0, 1976304.0, 1976328.0, 1976352.0, 1976376.0, 1976400.0, 1976424.0, 1976448.0, 1976472.0, 1976496.0, 1976520.0, 1976544.0, 1976568.0, 1976592.0, 1976616.0, 1976640.0, 1976664.0, 1976688.0, 1976712.0, 1976736.0, 1976760.0, 1976784.0, 1976808.0, 1976832.0, 1976856.0, 1976880.0, 1976904.0, 1976928.0, 1976952.0, 1976976.0, 1977000.0, 1977024.0, 1977048.0, 1977072.0, 1977096.0, 1977120.0, 1977144.0, 1977168.0, 1977192.0, 1977216.0, 1977240.0, 1977264.0, 1977288.0, 1977312.0, 1977336.0, 1977360.0, 1977384.0, 1977408.0, 1977432.0, 1977456.0, 1977480.0, 1977504.0, 1977528.0, 1977552.0, 1977576.0, 1977600.0, 1977624.0, 1977648.0, 1977672.0, 1977696.0, 1977720.0, 1977744.0, 1977768.0, 1977792.0, 1977816.0, 1977840.0, 1977864.0, 1977888.0, 1977912.0, 1977936.0, 1977960.0, 1977984.0, 1978008.0, 1978032.0, 1978056.0, 1978080.0, 1978104.0, 1978128.0, 1978152.0, 1978176.0, 1978200.0, 1978224.0, 1978248.0, 1978272.0, 1978296.0, 1978320.0, 1978344.0, 1978368.0, 1978392.0, 1978416.0, 1978440.0, 1978464.0, 1978488.0, 1978512.0, 1978536.0, 1978560.0, 1978584.0, 1978608.0, 1978632.0, 1978656.0, 1978680.0, 1978704.0, 1978728.0, 1978752.0, 1978776.0, 1978800.0, 1978824.0, 1978848.0, 1978872.0, 1978896.0, 1978920.0, 1978944.0, 1978968.0, 1978992.0, 1979016.0, 1979040.0, 1979064.0, 1979088.0, 1979112.0, 1979136.0, 1979160.0, 1979184.0, 1979208.0, 1979232.0, 1979256.0, 1979280.0, 1979304.0, 1979328.0, 1979352.0, 1979376.0, 1979400.0, 1979424.0, 1979448.0, 1979472.0, 1979496.0, 1979520.0, 1979544.0, 1979568.0, 1979592.0, 1979616.0, 1979640.0, 1979664.0, 1979688.0, 1979712.0, 1979736.0, 1979760.0, 1979784.0, 1979808.0, 1979832.0, 1979856.0, 1979880.0, 1979904.0, 1979928.0, 1979952.0, 1979976.0, 1980000.0, 1980024.0, 1980048.0, 1980072.0, 1980096.0, 1980120.0, 1980144.0, 1980168.0, 1980192.0, 1980216.0, 1980240.0, 1980264.0, 1980288.0, 1980312.0, 1980336.0, 1980360.0, 1980384.0, 1980408.0, 1980432.0, 1980456.0, 1980480.0, 1980504.0, 1980528.0, 1980552.0, 1980576.0, 1980600.0, 1980624.0, 1980648.0, 1980672.0, 1980696.0, 1980720.0, 1980744.0, 1980768.0, 1980792.0, 1980816.0, 1980840.0, 1980864.0, 1980888.0, 1980912.0, 1980936.0, 1980960.0, 1980984.0, 1981008.0, 1981032.0, 1981056.0

uwnd.level[1]
850.0

uwnd.lat[3]
27.5, 25.0, 22.5

uwnd.lon[3]
85.0, 87.5, 90.0


