Dataset {
    Grid {
     ARRAY:
        Float32 uwnd[time = 366][level = 1][lat = 3][lon = 3];
     MAPS:
        Float64 time[time = 366];
        Float32 level[level = 1];
        Float32 lat[lat = 3];
        Float32 lon[lon = 3];
    } uwnd;
} Datasets/ncep.reanalysis.dailyavgs/pressure/uwnd.2024.nc;
---------------------------------------------
uwnd.uwnd[366][1][3][3]
[0][0][0], 1.9750001, 0.825, -0.24999994
[0][0][1], 3.0, 1.3, 0.12500003
[0][0][2], 1.65, 0.70000005, 0.35
[1][0][0], -0.42499965, -0.34999964, -0.5249996
[1][0][1], 1.6000004, 0.5750004, -0.04999961
[1][0][2], 1.4750004, 0.6500004, 0.4750004
[2][0][0], 0.925, 0.025000002, -1.1750001
[2][0][1], 1.2, 0.17499997, -0.7
[2][0][2], 0.7999999, 0.5, 0.27499998
[3][0][0], 1.0750004, -0.024999619, -1.2249997
[3][0][1], 1.8500005, 0.50000036, -0.62499964
[3][0][2], 1.2250005, 1.2000004, 1.5500004
[4][0][0], 0.5750011, 0.32500118, -0.57499886
[4][0][1], 1.1500012, 0.45000115, -0.6749988
[4][0][2], 0.32500115, 0.12500115, 0.10000115
[5][0][0], -0.1499996, -0.1749996, -0.4999996
[5][0][1], 1.3250004, 0.4250004, -0.57499963
[5][0][2], 1.7250004, 1.3250003, 1.1500005
[6][0][0], 0.32500076, 0.57500076, -0.02499926
[6][0][1], 2.5750008, 1.4750009, -0.3249993
[6][0][2], 1.9750009, 1.1000007, -0.19999924
[7][0][0], 1.9250016, 1.0000014, -0.5249985
[7][0][1], 4.1500015, 2.7500014, 0.8500015
[7][0][2], 2.6250014, 2.3000016, 2.0250015
[8][0][0], 4.9500012, 3.6000013, 0.8500011
[8][0][1], 4.5750012, 3.0000012, 0.67500114
[8][0][2], 1.5750012, 1.5000013, 1.2500012
[9][0][0], 4.475002, 2.9500015, 0.7000015
[9][0][1], 8.650002, 6.2000017, 2.8250017
[9][0][2], 5.5750017, 4.0500016, 2.2000015
[10][0][0], 1.3250003, -0.024999589, -0.92499965
[10][0][1], 6.25, 4.3500004, 2.3500004
[10][0][2], 6.6750007, 5.6250005, 4.0750003
[11][0][0], -0.6499993, -1.5749993, -2.4249992
[11][0][1], 3.2250009, 1.3000007, -0.6749992
[11][0][2], 6.000001, 4.2750006, 2.0500007
[12][0][0], 0.6500015, -1.3999984, -3.1249986
[12][0][1], 2.9500017, 0.87500155, -1.2999985
[12][0][2], 4.625002, 2.6000016, 0.4750015
[13][0][0], -0.024999619, -0.87499964, -1.9249997
[13][0][1], 2.6000004, 0.2750004, -2.0249996
[13][0][2], 4.7750006, 2.0500002, -0.47499964
[14][0][0], -1.0999999, -1.5250001, -2.1
[14][0][1], 1.25, -0.05000007, -1.5
[14][0][2], 4.4, 3.1, 1.625
[15][0][0], -1.8499999, -2.0249999, -2.5
[15][0][1], -1.55, -1.625, -1.375
[15][0][2], 2.25, 2.5249999, 3.0249999
[16][0][0], 0.27500075, 0.8000008, 0.7500007
[16][0][1], 1.2250007, 1.2500007, 1.1500008
[16][0][2], 3.2500007, 3.3500006, 3.6000006
[17][0][0], 1.15, 1.6, 1.05
[17][0][1], 3.7500002, 3.6, 2.625
[17][0][2], 5.0, 4.5, 3.5
[18][0][0], -0.525, -0.40000007, -1.0000001
[18][0][1], 2.125, 1.9250001, 0.725
[18][0][2], 4.375, 3.55, 2.1999998
[19][0][0], 0.50000155, -0.87499845, -3.0499985
[19][0][1], 1.6250014, 1.1500015, -0.39999846
[19][0][2], 4.0750012, 4.1250014, 3.4000015
[20][0][0], 2.2250013, 0.42500117, -1.1499989
[20][0][1], 4.850001, 3.050001, 1.2500012
[20][0][2], 7.3750014, 6.650001, 5.300001
[21][0][0], -0.19999847, -1.7249985, -2.9749985
[21][0][1], 0.75000155, -0.19999847, -1.1749984
[21][0][2], 3.9500017, 3.8250017, 3.0500016
[22][0][0], 0.9000016, -0.34999847, -1.6749985
[22][0][1], 2.3250015, 0.9000015, -0.8499984
[22][0][2], 5.7000017, 4.9750013, 3.5000014
[23][0][0], 0.7750011, 0.07500124, -0.6499988
[23][0][1], 0.07500118, -0.12499881, -0.09999895
[23][0][2], 2.7500012, 2.8250012, 2.9250011
[24][0][0], 2.1250005, 1.2500005, 0.40000033
[24][0][1], 0.5750004, -0.099999614, -0.4249996
[24][0][2], 1.4500004, 1.5250005, 1.7250004
[25][0][0], 3.1000004, 0.8000003, -0.97499967
[25][0][1], 1.4250004, -0.44999966, -1.8999996
[25][0][2], 2.1750004, 1.8000004, 1.4500004
[26][0][0], 4.3000007, 2.4500008, 0.85000074
[26][0][1], 5.325001, 2.7750008, 0.3000008
[26][0][2], 5.025001, 3.2500007, 1.2750007
[27][0][0], 2.0250013, 0.7500012, -0.62499887
[27][0][1], 2.1750011, 0.3000011, -1.3249989
[27][0][2], 2.4250011, 0.97500116, 0.22500114
[28][0][0], 2.925001, 2.2750008, 0.40000072
[28][0][1], 2.300001, 0.97500074, -0.7249993
[28][0][2], 3.5000005, 2.3000007, 1.3250008
[29][0][0], 2.4250011, 1.8250012, 0.92500114
[29][0][1], 4.0000014, 2.200001, 0.15000114
[29][0][2], 5.8500013, 4.400001, 2.500001
[30][0][0], 1.7500021, 2.2000017, 1.4250019
[30][0][1], 2.375002, 2.400002, 1.2500018
[30][0][2], 5.325002, 4.675002, 3.1750019
[31][0][0], 1.4500008, 2.4750009, 2.4750009
[31][0][1], 3.1500006, 3.5000007, 2.6500008
[31][0][2], 5.4250007, 5.3500004, 4.525001
[32][0][0], 8.7, 8.1, 6.5499997
[32][0][1], 8.325, 8.05, 6.6749997
[32][0][2], 6.475, 6.725, 6.2
[33][0][0], 7.4500003, 6.5750003, 4.85
[33][0][1], 8.125, 7.65, 5.9500003
[33][0][2], 7.65, 7.775, 6.4500003
[34][0][0], 6.575001, 5.375001, 3.3000007
[34][0][1], 4.6750007, 3.5250008, 1.7500007
[34][0][2], 3.625001, 3.4750009, 2.6500008
[35][0][0], 6.175001, 6.0750012, 4.925001
[35][0][1], 6.675001, 6.3500013, 5.150001
[35][0][2], 6.200001, 5.3000007, 4.025001
[36][0][0], 8.275002, 8.975001, 7.9750013
[36][0][1], 7.7000017, 8.150002, 7.375001
[36][0][2], 7.6000013, 7.3000016, 6.175001
[37][0][0], 9.800001, 9.275001, 6.650001
[37][0][1], 9.050001, 8.825001, 6.8250012
[37][0][2], 8.725, 8.950001, 7.250001
[38][0][0], 3.3500018, 3.650002, 3.350002
[38][0][1], 7.375002, 6.3000016, 4.7250013
[38][0][2], 9.000002, 8.150002, 6.025002
[39][0][0], -2.549999, -3.299999, -3.599999
[39][0][1], 0.5750011, -0.57499886, -1.2499989
[39][0][2], 4.3000016, 3.450001, 2.5250013
[40][0][0], -1.6999984, -1.9749985, -2.7749984
[40][0][1], 0.30000153, -0.5749985, -1.3999985
[40][0][2], 3.0500016, 2.1000016, 1.5000014
[41][0][0], -0.42499885, -0.59999883, -1.2499988
[41][0][1], 2.3500013, 1.1500012, -0.29999882
[41][0][2], 4.375001, 3.2000012, 2.125001
[42][0][0], -0.9499985, -0.24999848, 0.07500151
[42][0][1], 1.7250015, 0.9750017, 0.5750015
[42][0][2], 4.2000017, 3.1000016, 2.5500014
[43][0][0], 1.4250003, 1.9250004, 1.3500004
[43][0][1], 1.7000003, 1.7000004, 1.2500005
[43][0][2], 2.9500003, 2.7000003, 2.5250003
[44][0][0], 2.5500016, 2.9250016, 1.8750017
[44][0][1], 4.4000015, 4.1250014, 2.4250016
[44][0][2], 5.0750012, 3.8500013, 1.8500015
[45][0][0], 1.2250012, 1.900001, 2.0750012
[45][0][1], 4.625001, 3.8000011, 3.0750012
[45][0][2], 4.775001, 2.9000013, 1.3750012
[46][0][0], 2.275001, 2.2500012, 1.050001
[46][0][1], 2.900001, 2.400001, 1.5000011
[46][0][2], 3.0750012, 2.475001, 2.100001
[47][0][0], 1.5750004, 0.9000004, -0.17499964
[47][0][1], 4.125, 2.7000003, 0.9000004
[47][0][2], 7.6750007, 7.0000005, 5.350001
[48][0][0], 2.7, 1.7500001, 0.25000003
[48][0][1], 1.7, 0.6249999, -0.9
[48][0][2], 3.7999997, 3.875, 3.125
[49][0][0], 0.90000033, 1.7750003, 0.90000033
[49][0][1], 0.62500036, 0.92500037, -0.17499961
[49][0][2], 3.8000002, 4.2250004, 3.2500005
[50][0][0], 4.625002, 5.3250017, 4.8250017
[50][0][1], 4.5750017, 4.850002, 4.425002
[50][0][2], 7.250002, 6.875002, 6.200002
[51][0][0], 5.75, 5.5249996, 5.0
[51][0][1], 4.875, 4.7250004, 4.625
[51][0][2], 6.125, 5.5000005, 4.975
[52][0][0], 4.1500006, 5.2500005, 5.2250004
[52][0][1], 5.450001, 6.9750004, 7.200001
[52][0][2], 7.7750006, 9.05, 8.900001
[53][0][0], 2.825001, 3.0000005, 2.7750008
[53][0][1], 3.2250009, 3.9500008, 4.000001
[53][0][2], 2.7750006, 4.1750007, 4.875001
[54][0][0], 2.5000002, 3.125, 2.65
[54][0][1], 0.525, 1.325, 1.575
[54][0][2], 0.9, 1.25, 1.3499999
[55][0][0], 2.0250015, 2.6250014, 1.5750015
[55][0][1], 0.6000015, 1.8000014, 1.5250016
[55][0][2], 1.4000015, 2.9500017, 3.3750017
[56][0][0], 3.1500006, 2.950001, 1.5250008
[56][0][1], 2.4500008, 2.0250008, 0.4500008
[56][0][2], 1.5250008, 1.6250008, 0.7250008
[57][0][0], 3.9000006, 3.6250005, 1.7000003
[57][0][1], 3.4500003, 3.3750005, 1.9250004
[57][0][2], 2.7750006, 3.5750005, 3.5000005
[58][0][0], 6.200001, 5.125001, 3.2250009
[58][0][1], 6.7750006, 5.800001, 4.0250006
[58][0][2], 6.250001, 6.425001, 5.8500004
[59][0][0], 5.725001, 3.3000011, 0.80000126
[59][0][1], 6.0750012, 3.850001, 1.1750011
[59][0][2], 5.7000012, 5.275001, 3.775001
[60][0][0], 2.2750006, 1.3750008, -0.39999926
[60][0][1], 2.175001, 1.4250007, -0.27499926
[60][0][2], 3.425001, 3.125001, 1.6750009
[61][0][0], 2.2750008, 2.6500008, 1.7500007
[61][0][1], 1.1500007, 1.6250007, 0.8750008
[61][0][2], 2.2250009, 2.7250009, 2.2750008
[62][0][0], 4.6749997, 5.2, 3.7999997
[62][0][1], 4.175, 4.2000003, 3.15
[62][0][2], 4.25, 3.6000001, 3.1
[63][0][0], 4.425, 5.375, 4.7
[63][0][1], 4.75, 5.15, 4.1749997
[63][0][2], 6.9999995, 7.05, 5.8
[64][0][0], 5.2750025, 5.2750025, 4.1000023
[64][0][1], 6.175002, 6.850003, 5.4750023
[64][0][2], 6.6250024, 7.800002, 6.5500026
[65][0][0], 6.9999995, 6.725, 4.725
[65][0][1], 5.7, 5.7749996, 4.025
[65][0][2], 5.35, 6.0249996, 4.8
[66][0][0], 6.075001, 5.9750004, 3.8250008
[66][0][1], 4.8250012, 4.9000006, 3.425001
[66][0][2], 5.350001, 5.125001, 3.9500008
[67][0][0], 4.5, 3.925, 2.6
[67][0][1], 3.525, 2.775, 1.3
[67][0][2], 4.9, 4.95, 3.525
[68][0][0], 5.3750005, 3.925, 2.0250003
[68][0][1], 5.075001, 3.4250002, 1.4500003
[68][0][2], 4.3000007, 3.8500004, 2.7250004
[69][0][0], 0.65000117, -0.19999887, -0.97499883
[69][0][1], 1.4750012, 0.20000114, -0.7999989
[69][0][2], 3.625001, 2.4250011, 1.1250011
[70][0][0], 3.4500012, 2.825001, 1.5000012
[70][0][1], 2.4500012, 1.0500011, 0.050001174
[70][0][2], 3.775001, 2.0500011, 0.9500012
[71][0][0], 6.6750007, 5.700001, 3.6250005
[71][0][1], 5.7500005, 4.875, 3.3750005
[71][0][2], 4.8250003, 4.025, 3.275
[72][0][0], 5.350001, 4.9750004, 3.5750003
[72][0][1], 6.2000003, 5.175, 3.6000004
[72][0][2], 6.425, 5.2000003, 3.8500001
[73][0][0], 4.85, 5.9, 5.0250006
[73][0][1], 3.1250002, 4.1000004, 4.1250005
[73][0][2], 4.7250004, 5.0250006, 4.700001
[74][0][0], 2.750001, 3.1500013, 3.225001
[74][0][1], 1.700001, 1.525001, 1.6250012
[74][0][2], 3.0250013, 3.0250013, 2.5000012
[75][0][0], 4.2000012, 4.775001, 4.1000013
[75][0][1], 3.775001, 4.375001, 3.5750012
[75][0][2], 4.400001, 4.275001, 2.525001
[76][0][0], 3.35, 4.125, 3.7
[76][0][1], 3.575, 4.125, 3.15
[76][0][2], 5.05, 4.8, 2.975
[77][0][0], 3.4499998, 3.125, 2.325
[77][0][1], 3.725, 2.7, 1.4
[77][0][2], 5.1, 3.25, 1.25
[78][0][0], 0.8000023, 0.5250023, 0.1750023
[78][0][1], 2.6000023, 0.8500023, -0.8999977
[78][0][2], 4.9750023, 3.0500023, 0.77500224
[79][0][0], -1.6749984, -3.7999985, -4.8749986
[79][0][1], 1.0000015, -1.4999983, -3.4749985
[79][0][2], 4.2500014, 2.5250015, 0.47500154
[80][0][0], -0.6499984, -1.4499985, -2.1499982
[80][0][1], 0.27500153, 0.05000153, -0.3499984
[80][0][2], 3.2250016, 3.6750016, 3.6500015
[81][0][0], 4.025, 2.6500003, 1.4750004
[81][0][1], 2.9250002, 2.6250005, 1.9750003
[81][0][2], 4.5750003, 5.4750004, 5.5250006
[82][0][0], 6.2250013, 4.4000015, 2.7500012
[82][0][1], 6.800001, 4.925001, 2.8000011
[82][0][2], 5.9750013, 5.500001, 4.425001
[83][0][0], 3.4000018, 1.9000015, 1.2250016
[83][0][1], 4.1250014, 3.2000015, 2.2500017
[83][0][2], 5.2500014, 5.1250014, 3.9000015
[84][0][0], 3.4250011, 2.6000013, 2.1750011
[84][0][1], 7.4750013, 6.050001, 4.150001
[84][0][2], 10.175001, 8.300001, 5.000001
[85][0][0], 2.6500008, 3.2500007, 3.2000008
[85][0][1], 4.875001, 4.825001, 3.8500009
[85][0][2], 7.000001, 6.4250007, 4.900001
[86][0][0], 6.025001, 4.3500013, 2.150001
[86][0][1], 6.300001, 5.375001, 3.5500011
[86][0][2], 5.375001, 5.200001, 4.125001
[87][0][0], 3.600001, 1.7000012, -0.19999892
[87][0][1], 4.5750012, 3.3750012, 1.7500012
[87][0][2], 5.600001, 4.950001, 3.5250013
[88][0][0], 3.2750008, 2.4750006, 1.2500008
[88][0][1], 2.3750007, 1.3250008, 0.22500075
[88][0][2], 4.325001, 3.8250008, 2.9500008
[89][0][0], 3.7750008, 2.9250007, 2.2250006
[89][0][1], 3.9250007, 3.1000009, 2.8000007
[89][0][2], 5.125001, 5.275001, 5.1250005
[90][0][0], 5.8500013, 6.1500015, 5.3000016
[90][0][1], 8.625002, 8.525002, 7.6500015
[90][0][2], 10.825002, 10.625002, 9.750002
[91][0][0], 7.9500012, 6.500001, 4.750001
[91][0][1], 9.775002, 8.750001, 7.3500013
[91][0][2], 10.125001, 10.225001, 9.825002
[92][0][0], 7.625002, 5.9000015, 3.875001
[92][0][1], 8.100001, 6.5750012, 4.525001
[92][0][2], 8.125002, 8.025002, 6.800001
[93][0][0], 6.300002, 5.125002, 3.2000017
[93][0][1], 6.025002, 5.4000015, 3.8500018
[93][0][2], 6.0750017, 6.7250023, 5.9000025
[94][0][0], 6.8, 6.4750004, 5.0250006
[94][0][1], 8.925001, 8.525001, 6.9000006
[94][0][2], 8.875, 9.175, 8.200001
[95][0][0], 8.275001, 7.2750006, 5.375001
[95][0][1], 8.075001, 7.575001, 6.3000007
[95][0][2], 6.9250007, 6.9250007, 6.200001
[96][0][0], 6.4000006, 6.350001, 5.175
[96][0][1], 6.9750004, 7.1250005, 6.2000003
[96][0][2], 6.4, 6.55, 5.725001
[97][0][0], 5.650002, 5.750002, 4.9000015
[97][0][1], 6.1250014, 6.7000017, 6.425002
[97][0][2], 4.850002, 5.800002, 5.750002
[98][0][0], 7.675001, 6.4500017, 4.2500014
[98][0][1], 10.500002, 9.425001, 6.5750017
[98][0][2], 8.150002, 8.200001, 6.3000016
[99][0][0], 4.250001, 3.125001, 1.0500008
[99][0][1], 6.575001, 5.3500004, 3.0000007
[99][0][2], 5.250001, 4.575001, 3.3250008
[100][0][0], 3.6500013, 2.3250012, 0.45000118
[100][0][1], 4.925001, 3.475001, 1.6750011
[100][0][2], 3.5000012, 2.7000012, 1.8500012
[101][0][0], 1.9500014, 1.7000015, 0.75000155
[101][0][1], 4.250002, 3.3500016, 1.6750015
[101][0][2], 5.0750017, 4.2000012, 2.5750015
[102][0][0], 2.8000011, 3.0750012, 2.3750012
[102][0][1], 3.475001, 3.150001, 2.2500012
[102][0][2], 3.5750012, 2.9500012, 2.150001
[103][0][0], 2.175002, 1.9750018, 0.80000186
[103][0][1], 2.8500018, 2.3500018, 1.1000019
[103][0][2], 3.125002, 2.5750017, 1.9750019
[104][0][0], 2.7500012, 3.1750011, 2.4250011
[104][0][1], 3.275001, 3.1250012, 2.150001
[104][0][2], 3.750001, 3.3000011, 2.5000012
[105][0][0], 5.725001, 4.625001, 2.650001
[105][0][1], 4.675001, 4.0750012, 2.5500011
[105][0][2], 3.7250013, 3.675001, 2.900001
[106][0][0], 4.5000014, 2.9500017, 1.3250016
[106][0][1], 5.3500013, 4.100002, 2.7500014
[106][0][2], 5.5000014, 5.0000014, 3.9500015
[107][0][0], 6.825001, 4.725001, 3.3000011
[107][0][1], 8.725, 7.0750017, 5.5000014
[107][0][2], 6.300001, 6.3250012, 5.925001
[108][0][0], 5.6000013, 2.575001, -0.14999884
[108][0][1], 5.6000013, 4.050001, 2.525001
[108][0][2], 4.875001, 5.325001, 5.225001
[109][0][0], 6.550001, 5.000001, 3.5500007
[109][0][1], 6.6750007, 6.1250005, 5.375001
[109][0][2], 5.3250003, 6.075001, 6.300001
[110][0][0], 7.1750016, 5.5250015, 3.4250014
[110][0][1], 7.4000015, 6.975002, 6.4250016
[110][0][2], 6.3000016, 6.7000017, 7.5500016
[111][0][0], 7.5250006, 7.3750005, 6.200001
[111][0][1], 7.2750006, 7.475001, 7.375001
[111][0][2], 6.575001, 6.7750006, 7.0500007
[112][0][0], 9.000001, 7.3750014, 4.7250013
[112][0][1], 9.375001, 7.800001, 5.475001
[112][0][2], 7.450001, 6.875001, 5.7000012
[113][0][0], 8.650001, 7.225001, 4.9500012
[113][0][1], 9.050001, 7.8750005, 6.3500004
[113][0][2], 6.700001, 6.1000004, 5.075001
[114][0][0], 7.7750006, 6.2000012, 4.100001
[114][0][1], 8.900002, 7.825001, 6.175001
[114][0][2], 7.050001, 6.8000007, 5.9000015
[115][0][0], 6.300001, 5.6750007, 4.575001
[115][0][1], 8.225, 6.9750004, 5.275001
[115][0][2], 6.450001, 5.875001, 4.650001
[116][0][0], 4.8250012, 4.025001, 2.825001
[116][0][1], 6.500001, 5.625001, 4.775001
[116][0][2], 6.300001, 5.8500013, 5.450001
[117][0][0], 4.3750014, 3.5750012, 1.8750012
[117][0][1], 4.7250013, 4.550001, 3.9000013
[117][0][2], 5.4000015, 6.1500015, 6.2750006
[118][0][0], 5.475001, 5.0000014, 3.725001
[118][0][1], 7.1000013, 7.175001, 6.3500013
[118][0][2], 6.800001, 7.8750014, 7.9000015
[119][0][0], 7.9249997, 7.2, 5.75
[119][0][1], 7.05, 6.55, 5.975
[119][0][2], 6.2, 6.3, 6.5249996
[120][0][0], 7.9000006, 6.5750003, 4.675
[120][0][1], 9.025001, 7.6750007, 6.2000003
[120][0][2], 8.875, 8.525001, 7.85
[121][0][0], 8.075, 7.175, 5.675
[121][0][1], 7.1500006, 6.5000005, 5.6250005
[121][0][2], 6.7000003, 6.450001, 6.4500003
[122][0][0], 6.525002, 5.5000014, 3.9500015
[122][0][1], 7.3750014, 7.1000013, 6.5750017
[122][0][2], 5.9250016, 7.5250015, 8.925001
[123][0][0], 2.3500009, 1.900001, 1.8750012
[123][0][1], 3.5500014, 2.5000012, 2.125001
[123][0][2], 3.650001, 3.3750014, 3.3750012
[124][0][0], 5.3750014, 4.3250017, 2.2000015
[124][0][1], 3.3500016, 2.9250016, 1.9750016
[124][0][2], 2.9500017, 3.3000014, 3.1000016
[125][0][0], 5.3000007, 4.125001, 2.4500012
[125][0][1], 7.0750012, 6.250001, 5.050001
[125][0][2], 5.725001, 5.8250012, 5.800001
[126][0][0], 1.150001, -0.024998844, -0.5499989
[126][0][1], 2.7000012, 2.400001, 2.525001
[126][0][2], 4.625001, 5.275001, 5.525001
[127][0][0], 2.4750018, 1.075002, -0.6249981
[127][0][1], 2.5500019, 2.050002, 1.0750018
[127][0][2], 3.050002, 2.9750018, 2.3000019
[128][0][0], 0.8000012, -0.3249989, -0.8749989
[128][0][1], -1.0249988, -1.2999988, -0.799999
[128][0][2], 0.27500117, 0.9750011, 1.5500011
[129][0][0], 1.1750003, 1.2000003, 0.5750004
[129][0][1], 2.1500003, 1.6000004, 0.90000033
[129][0][2], 3.9750004, 3.4000003, 2.6250005
[130][0][0], -1.8249989, -0.5499988, 0.30000114
[130][0][1], 2.3000011, 2.4500012, 2.3000011
[130][0][2], 6.050001, 5.700001, 4.550001
[131][0][0], -1.3249996, -1.3249997, -0.24999958
[131][0][1], 0.47500035, -0.42499962, 0.025000364
[131][0][2], 4.3500004, 3.5500002, 3.0750003
[132][0][0], -0.29999885, -1.099999, -1.1249989
[132][0][1], 0.025001168, -1.2249988, -0.9749989
[132][0][2], 2.8750012, 1.9500011, 1.9500011
[133][0][0], 0.25000155, -0.6749985, -0.8999984
[133][0][1], 0.9000015, 0.07500148, 0.37500155
[133][0][2], 1.8500016, 1.3500016, 1.7250016
[134][0][0], 1.3499999, 0.925, 0.65000004
[134][0][1], 1.575, 1.175, 1.225
[134][0][2], 0.22499995, 0.475, 0.95000005
[135][0][0], 2.3250012, 1.5750012, 0.92500114
[135][0][1], 1.9750011, 1.4500011, 1.6500013
[135][0][2], -0.024998814, -0.04999885, 0.75000113
[136][0][0], 2.350001, 1.6000011, 1.2000011
[136][0][1], 2.1750011, 0.80000114, 0.40000114
[136][0][2], 1.3750012, 0.92500114, 1.1000011
[137][0][0], 3.9000003, 3.4750004, 2.8750002
[137][0][1], 4.175, 4.075001, 3.8000004
[137][0][2], 3.3250005, 4.1500006, 4.4750004
[138][0][0], 5.575, 4.4, 2.75
[138][0][1], 5.0, 4.2, 3.3000002
[138][0][2], 3.375, 3.475, 3.5
[139][0][0], 3.9000006, 3.4500008, 2.9000008
[139][0][1], 4.3000007, 4.0000005, 4.5250006
[139][0][2], 3.4000006, 2.8250008, 3.3500006
[140][0][0], 1.0250012, 0.15000114, -0.17499885
[140][0][1], 1.400001, 1.5250013, 2.2250013
[140][0][2], 1.9750011, 2.2500012, 3.100001
[141][0][0], 0.4250012, -0.4999988, -1.5499988
[141][0][1], 0.47500116, 0.9500012, 1.3000011
[141][0][2], 0.45000118, 1.6250012, 3.025001
[142][0][0], -3.7999985, -3.3249986, -2.5999985
[142][0][1], -2.4749985, -2.2249985, -1.0499984
[142][0][2], -0.34999847, -0.47499844, 0.55000156
[143][0][0], -1.7749987, -1.0749989, -0.79999894
[143][0][1], -2.924999, -2.0499988, -1.1249988
[143][0][2], -3.274999, -2.9999988, -1.7999988
[144][0][0], -2.7499988, -1.8749989, -1.349999
[144][0][1], -3.4749987, -3.6999989, -3.099999
[144][0][2], -3.999999, -5.449999, -4.724999
[145][0][0], -1.1749989, -1.8749988, -1.6749989
[145][0][1], -2.4499989, -4.999999, -5.674999
[145][0][2], -4.574999, -7.7999988, -8.524999
[146][0][0], -4.999999, -6.924999, -6.0999994
[146][0][1], -8.099999, -11.124998, -10.749999
[146][0][2], -5.024999, -6.8999996, -7.124999
[147][0][0], -2.4499996, -4.375, -5.299999
[147][0][1], -2.6499999, -3.7249994, -4.25
[147][0][2], 3.5750003, 4.9750004, 5.1000004
[148][0][0], 4.000001, 4.550001, 4.800001
[148][0][1], 4.250001, 5.625001, 7.2250013
[148][0][2], 6.9750013, 8.675001, 10.650002
[149][0][0], 3.4750009, 4.5250006, 5.700001
[149][0][1], 3.7250006, 4.475001, 5.975001
[149][0][2], 5.450001, 6.1750007, 7.000001
[150][0][0], 0.40000188, 0.4500019, 2.275002
[150][0][1], 1.4750018, 1.8000019, 3.500002
[150][0][2], 4.950002, 5.7000017, 6.4500017
[151][0][0], 3.7250009, 3.2500007, 2.375001
[151][0][1], 2.7750008, 2.775001, 2.6000009
[151][0][2], 3.375001, 4.100001, 4.475001
[152][0][0], 1.400001, 1.9000012, 1.9500011
[152][0][1], 0.67500114, 2.475001, 3.775001
[152][0][2], 2.2000012, 4.125001, 5.3500013
[153][0][0], 3.9000018, 3.525002, 3.0500019
[153][0][1], 3.400002, 3.9750018, 4.225002
[153][0][2], 4.425002, 5.6000023, 6.0750017
[154][0][0], 3.3250005, 2.4500003, 1.7750003
[154][0][1], 5.1750007, 4.9000006, 4.8500004
[154][0][2], 4.7000003, 5.2750006, 6.25
[155][0][0], 1.9250004, 1.6250004, 1.1250004
[155][0][1], 2.8750005, 2.4750004, 2.2500002
[155][0][2], 3.9250002, 3.5500002, 3.4000003
[156][0][0], 2.000001, 0.97500074, 0.7500008
[156][0][1], 1.9000008, 1.1750008, 1.0250008
[156][0][2], 2.9250007, 2.8500009, 2.6750007
[157][0][0], 3.6750016, 1.8500016, -0.22499847
[157][0][1], 1.1250014, 0.6500015, 0.05000153
[157][0][2], 0.35000157, 1.2750014, 2.5500016
[158][0][0], 5.325001, 3.5750012, 1.9750012
[158][0][1], 4.650001, 3.525001, 2.4500012
[158][0][2], 3.6250012, 4.450001, 5.175001
[159][0][0], 6.250001, 4.7000012, 3.125001
[159][0][1], 6.200001, 5.525001, 4.300001
[159][0][2], 4.725001, 5.925001, 6.1250014
[160][0][0], 5.9000006, 4.725001, 3.3000007
[160][0][1], 3.5500007, 3.000001, 2.1250007
[160][0][2], 1.8250005, 2.7500005, 3.0750008
[161][0][0], 5.1750016, 3.6250012, 2.8250012
[161][0][1], 3.8250012, 3.1000013, 2.5500011
[161][0][2], 1.5000012, 2.7750013, 3.2250013
[162][0][0], 4.35, 2.275, 1.2
[162][0][1], 3.05, 1.0250001, -0.27499998
[162][0][2], 0.5000001, 0.525, 0.67499995
[163][0][0], 4.4750013, 2.350001, 1.0500011
[163][0][1], 5.0250015, 2.475001, 0.55000114
[163][0][2], 3.6000013, 2.8000011, 2.450001
[164][0][0], 4.9750013, 2.7750013, 2.100001
[164][0][1], 6.4500012, 4.175001, 3.0500011
[164][0][2], 5.7000012, 4.325001, 3.6750011
[165][0][0], 6.6000013, 4.7250013, 3.6750011
[165][0][1], 6.5750012, 5.200001, 4.800001
[165][0][2], 5.250001, 4.4500012, 4.400001
[166][0][0], 6.375001, 4.825001, 3.9000006
[166][0][1], 8.125001, 6.375001, 4.9250007
[166][0][2], 6.425001, 4.875001, 3.5250008
[167][0][0], 7.175001, 5.7000012, 4.375001
[167][0][1], 8.725001, 7.450001, 6.175001
[167][0][2], 5.5250015, 4.8250012, 4.125001
[168][0][0], 6.950001, 5.525001, 4.3000007
[168][0][1], 8.325001, 7.100001, 6.275001
[168][0][2], 6.600001, 6.000001, 5.725001
[169][0][0], 9.650002, 6.950001, 4.9000006
[169][0][1], 10.35, 8.500001, 7.450001
[169][0][2], 7.7500005, 7.300001, 7.325001
[170][0][0], 7.425001, 5.0250015, 3.4250011
[170][0][1], 8.200001, 6.025001, 4.375001
[170][0][2], 6.2750006, 4.9500012, 3.9250011
[171][0][0], 4.4250007, 3.6500006, 2.4250007
[171][0][1], 3.2000008, 3.050001, 2.7250009
[171][0][2], 3.375001, 3.3500006, 3.4000006
[172][0][0], 1.9750007, 0.8750008, 0.65000075
[172][0][1], 1.2750007, 0.22500077, 0.37500075
[172][0][2], 2.4000008, 1.8250006, 1.8000007
[173][0][0], 1.6000009, 0.5250008, -0.32499927
[173][0][1], -2.4499993, -2.5749993, -1.8749993
[173][0][2], -2.999999, -2.2749991, -0.8249992
[174][0][0], -0.8749989, 0.15000117, 1.1750011
[174][0][1], -2.6499987, -1.2249988, 0.15000114
[174][0][2], -0.57499886, 0.6250012, 1.3750012
[175][0][0], 1.4000008, 1.9500008, 2.2250009
[175][0][1], 1.5000007, 1.8250006, 2.125001
[175][0][2], 2.4250007, 2.0750008, 1.8250008
[176][0][0], 2.100001, 1.9250011, 1.4750011
[176][0][1], 2.9500012, 2.3250012, 1.025001
[176][0][2], 3.0000012, 1.750001, -0.32499886
[177][0][0], 2.9250007, 2.3250008, 0.9250008
[177][0][1], -0.87499917, -1.8249992, -2.324999
[177][0][2], -3.6249993, -5.0999994, -5.124999
[178][0][0], 0.67500114, 0.8250011, 1.2000011
[178][0][1], -4.4249988, -4.1499987, -2.524999
[178][0][2], -5.824999, -5.8999987, -4.0999985
[179][0][0], -0.52499884, -0.42499882, 1.5250012
[179][0][1], -2.849999, -3.399999, -1.1499989
[179][0][2], 0.025001049, -0.87499887, 0.025001109
[180][0][0], 1.4750007, 0.22500077, 1.3000008
[180][0][1], 2.0250008, 0.5000008, 1.2500007
[180][0][2], 4.450001, 3.000001, 2.625001
[181][0][0], 3.125, 1.35, 0.8
[181][0][1], 4.575, 3.525, 3.875
[181][0][2], 7.125, 7.05, 8.1
[182][0][0], 4.4000015, 2.4500017, 1.8250015
[182][0][1], 8.575002, 7.225002, 7.1250014
[182][0][2], 11.600002, 10.875002, 11.350001
[183][0][0], 3.2750008, 0.37500077, -1.5999993
[183][0][1], 6.4500012, 3.9250007, 2.2250009
[183][0][2], 10.6, 9.150002, 8.175001
[184][0][0], 0.6750008, -1.0749992, -1.8249991
[184][0][1], 0.7500008, -1.4749993, -1.8749993
[184][0][2], 5.2750006, 3.3000007, 2.7000008
[185][0][0], 0.30000114, -0.44999886, -0.7499988
[185][0][1], 3.3000011, 1.6000011, 0.45000112
[185][0][2], 7.2250013, 6.050001, 4.8500013
[186][0][0], 0.80000114, 0.55000114, 0.7000011
[186][0][1], 3.6750011, 2.4000013, 1.7000011
[186][0][2], 7.950001, 5.9750013, 4.300001
[187][0][0], 1.5000012, 1.8250012, 2.875001
[187][0][1], 2.5500011, 1.2000011, 0.7250011
[187][0][2], 4.8250017, 2.6250012, 1.3000011
[188][0][0], 1.9750005, 1.9250004, 2.5500004
[188][0][1], -1.6999996, -2.1749995, -1.7249997
[188][0][2], -2.3249996, -2.9249997, -2.6999998
[189][0][0], 1.4000015, 2.5500014, 3.3250015
[189][0][1], -1.8249985, -0.7749985, 0.025001526
[189][0][2], -2.6249983, -1.8749983, -1.5749985
[190][0][0], 3.3250008, 3.4000008, 4.050001
[190][0][1], 0.7500007, 1.7250007, 2.7250009
[190][0][2], -0.07499924, 1.4000008, 2.2750008
[191][0][0], 3.7000008, 3.0250008, 3.4000006
[191][0][1], 3.500001, 3.4000008, 3.9500008
[191][0][2], 4.475001, 4.9750004, 5.200001
[192][0][0], 5.7000017, 4.9000015, 4.425001
[192][0][1], 5.6750016, 5.1000013, 4.9750013
[192][0][2], 6.6250014, 6.4750013, 6.3250017
[193][0][0], 4.100001, 3.3500009, 3.175001
[193][0][1], 2.3000007, 1.5250008, 1.4250008
[193][0][2], 4.1500006, 3.8500009, 3.5250006
[194][0][0], 2.2000015, 1.3250016, 1.1750015
[194][0][1], 0.12500155, -1.1749985, -1.2999984
[194][0][2], 1.3250015, -0.0749985, -0.47499853
[195][0][0], 0.20000115, -0.19999892, -0.074998856
[195][0][1], -2.999999, -4.374999, -4.249999
[195][0][2], -3.6749988, -5.4749985, -5.4249983
[196][0][0], -3.099999, -2.349999, -1.0749989
[196][0][1], -8.049999, -8.249998, -6.8499985
[196][0][2], -9.449999, -9.449999, -7.499999
[197][0][0], -0.19999924, 0.050000787, 0.40000078
[197][0][1], -6.0249996, -5.024999, -3.2999992
[197][0][2], -8.724999, -6.924999, -4.0499997
[198][0][0], 1.575002, 2.000002, 1.7250018
[198][0][1], -4.274998, -3.5749981, -2.749998
[198][0][2], -6.399998, -6.1499977, -4.849998
[199][0][0], 1.2250011, 0.80000114, 0.35000113
[199][0][1], -4.999999, -5.599999, -4.974999
[199][0][2], -8.324999, -9.249999, -7.949999
[200][0][0], 0.22500074, -0.049999222, 0.07500073
[200][0][1], -8.399999, -8.099999, -5.5999994
[200][0][2], -11.849999, -11.174998, -7.049999
[201][0][0], -3.6750002, -2.7250001, -0.7
[201][0][1], -11.575, -10.375, -6.2999997
[201][0][2], -11.425001, -10.224999, -5.85
[202][0][0], -4.2999988, -3.1999989, -1.2249988
[202][0][1], -9.574999, -7.6499987, -4.099999
[202][0][2], -4.7499986, -2.6999989, 0.5750011
[203][0][0], -4.8999987, -3.9499989, -1.474999
[203][0][1], -6.499999, -5.399999, -2.4499989
[203][0][2], 1.8000011, 2.3750012, 3.750001
[204][0][0], -4.5, -4.325, -1.6999996
[204][0][1], -5.0249996, -6.2, -4.0249996
[204][0][2], 4.700001, 2.6000004, 2.7000003
[205][0][0], -3.8999996, -4.2499995, -2.5749996
[205][0][1], -2.7499995, -4.85, -3.8749998
[205][0][2], 6.2500005, 2.9250004, 2.0750003
[206][0][0], -3.5000002, -4.25, -3.45
[206][0][1], -3.075, -5.9249997, -6.6
[206][0][2], 4.55, 0.775, -1.5250001
[207][0][0], -4.4499984, -5.2249985, -4.9499984
[207][0][1], -7.0499983, -9.749998, -9.824999
[207][0][2], -1.4749985, -4.8249984, -5.1499987
[208][0][0], -4.5499988, -4.6749983, -3.7499988
[208][0][1], -7.9249983, -8.674998, -6.899998
[208][0][2], -4.449999, -6.4499984, -5.4249983
[209][0][0], -4.3249984, -2.8499985, -1.4999985
[209][0][1], -7.249998, -6.5749984, -4.4749985
[209][0][2], -3.8249986, -4.6499987, -3.5499985
[210][0][0], -3.3999991, -3.1249993, -1.9249994
[210][0][1], -3.624999, -3.3999994, -1.3499993
[210][0][2], 0.20000073, 0.025000751, 1.2250007
[211][0][0], -0.024999619, -1.2749995, -1.5499997
[211][0][1], 1.1250004, 0.12500036, 0.3750004
[211][0][2], 3.7500005, 3.6250005, 4.3750005
[212][0][0], -1.1499984, -3.4749987, -4.4249988
[212][0][1], -2.0249987, -3.9249985, -3.7749987
[212][0][2], 1.3250016, 1.1500015, 2.3500013
[213][0][0], -6.2999983, -6.5499983, -5.8499985
[213][0][1], -2.874998, -4.149998, -4.124998
[213][0][2], 7.625002, 6.425002, 5.250002
[214][0][0], -5.6499977, -5.399998, -3.6749978
[214][0][1], -1.7749977, -2.2999976, -0.87499774
[214][0][2], 8.400002, 7.175002, 6.7500024
[215][0][0], -10.949999, -8.024999, -2.7749987
[215][0][1], -4.3499985, -3.2749982, -0.12499848
[215][0][2], 7.7000012, 5.8750014, 4.500002
[216][0][0], -5.124999, -2.3249989, 0.15000114
[216][0][1], -0.19999892, 1.1250012, 2.5750012
[216][0][2], 6.875001, 5.825001, 4.9500012
[217][0][0], 1.3000004, 0.10000036, -0.39999965
[217][0][1], 3.1250005, 1.9500003, 1.7000004
[217][0][2], 5.575001, 4.7250004, 4.2000003
[218][0][0], 2.9250004, 0.9000004, -0.5999996
[218][0][1], -0.22499955, -1.7249997, -1.7499995
[218][0][2], 0.75000036, -0.024999619, 0.6500004
[219][0][0], -3.1000001, -3.525, -1.9500002
[219][0][1], -4.05, -4.675, -3.05
[219][0][2], 0.59999996, 0.024999976, 0.675
[220][0][0], -1.95, -1.15, 0.8
[220][0][1], -2.625, -2.25, 0.45
[220][0][2], 0.67499995, 0.775, 2.9
[221][0][0], -0.04999838, 0.87500155, 2.8000016
[221][0][1], 0.6500015, 0.7750015, 2.6250014
[221][0][2], 3.2250016, 2.7750015, 3.4500015
[222][0][0], -1.3499992, -0.34999925, 1.7750008
[222][0][1], 0.45000076, 0.9000008, 2.9000006
[222][0][2], 4.325001, 3.7250009, 4.075001
[223][0][0], -2.0999982, -0.049998164, 1.8500018
[223][0][1], -0.4749981, 1.450002, 4.1000023
[223][0][2], 3.100002, 3.825002, 5.450002
[224][0][0], -3.6499999, -1.6999998, 0.7750001
[224][0][1], -0.9, -0.075, 1.5999999
[224][0][2], 3.0, 3.0500002, 3.525
[225][0][0], -3.425, -2.675, -0.99999994
[225][0][1], -1.1750001, -1.65, -0.9249999
[225][0][2], 2.05, 1.1750001, 1.0250001
[226][0][0], -5.6499996, -4.95, -2.4749997
[226][0][1], -2.5749998, -3.7749999, -2.8999996
[226][0][2], 1.4500003, -0.3749996, -1.1999997
[227][0][0], -5.4499984, -5.399998, -4.024998
[227][0][1], -2.7749982, -4.0499983, -3.3999982
[227][0][2], 1.5500019, -0.024998069, -0.2999981
[228][0][0], -2.9499993, -4.1999993, -3.9999995
[228][0][1], -2.5249996, -4.524999, -4.7499995
[228][0][2], 0.8000008, -0.32499927, -0.54999924
[229][0][0], -1.2499985, -2.6249986, -3.1499984
[229][0][1], -1.3499984, -3.4249985, -4.4249983
[229][0][2], 1.7500014, 0.62500155, -0.19999848
[230][0][0], -2.2249985, -5.324999, -6.099998
[230][0][1], -1.3999984, -3.5999985, -3.8249986
[230][0][2], 1.1250015, 1.0750015, 1.5500015
[231][0][0], -4.8999996, -8.5, -8.549999
[231][0][1], -2.3749995, -4.2249994, -3.7749996
[231][0][2], 2.1750004, 3.0250003, 4.2750006
[232][0][0], -1.9249992, -4.574999, -4.999999
[232][0][1], 7.748604E-7, -0.92499924, -0.4749992
[232][0][2], 3.1000009, 4.4000006, 5.725001
[233][0][0], -2.624999, -4.5249987, -4.1749988
[233][0][1], 0.75000113, 0.025001168, 0.40000117
[233][0][2], 5.050001, 5.825001, 6.1500015
[234][0][0], -2.4499984, -3.5999987, -2.6749983
[234][0][1], 0.40000153, -0.82499844, -0.7749985
[234][0][2], 4.1750016, 3.4000018, 2.7250016
[235][0][0], -6.075, -7.2249994, -5.5499997
[235][0][1], -2.8249998, -4.95, -4.7999997
[235][0][2], 3.8500001, 1.8750004, 0.6000004
[236][0][0], -8.399998, -6.3999977, -3.3499975
[236][0][1], -4.199998, -3.5749977, -2.3249977
[236][0][2], 3.9750023, 2.6500022, 1.7000023
[237][0][0], -7.749999, -6.649999, -4.274999
[237][0][1], -4.724999, -4.6749997, -3.449999
[237][0][2], 4.200001, 2.6000006, 1.6250008
[238][0][0], -8.499999, -8.424999, -6.099999
[238][0][1], -6.699999, -7.124999, -5.324999
[238][0][2], 1.7500012, 0.27500117, 0.12500116
[239][0][0], -9.200001, -8.125, -4.775
[239][0][1], -5.2250004, -5.125, -3.1000001
[239][0][2], 2.0, 1.05, 1.125
[240][0][0], -2.6499991, -2.3249993, -0.7999993
[240][0][1], -0.89999914, -1.1499993, -0.4249993
[240][0][2], 0.17500079, -0.8749993, -1.1249993
[241][0][0], -2.3749998, -2.0499997, -0.7999996
[241][0][1], -2.8499994, -3.2999997, -2.3249996
[241][0][2], -4.8499994, -6.0, -5.825
[242][0][0], -1.5749992, -1.9999993, -1.3999993
[242][0][1], -3.949999, -4.624999, -3.6499991
[242][0][2], -7.624999, -7.9999995, -6.099999
[243][0][0], -2.825, -2.225, -0.5500001
[243][0][1], -5.8250003, -5.05, -2.5749998
[243][0][2], -8.425, -6.55, -3.0
[244][0][0], -2.049999, -0.89999926, 0.27500075
[244][0][1], -7.049999, -4.5749993, -2.3999994
[244][0][2], -8.724999, -5.649999, -3.0999992
[245][0][0], -2.4999995, -2.4499996, -2.3999996
[245][0][1], -6.3249993, -4.1499996, -2.8249996
[245][0][2], -6.0499997, -3.6499996, -2.1999998
[246][0][0], -4.6749983, -3.4999986, -2.0249987
[246][0][1], -6.0499983, -4.1999984, -2.3999987
[246][0][2], -3.2499986, -1.1249985, 0.20000151
[247][0][0], -2.0249984, -1.4749985, -0.12499845
[247][0][1], -1.9999985, -1.5499985, -0.74999845
[247][0][2], -0.3749985, 0.37500152, 0.95000154
[248][0][0], 2.3500016, 2.2250013, 1.7750015
[248][0][1], -0.14999847, -0.67499846, -0.9749985
[248][0][2], -3.1999984, -4.074999, -3.6999984
[249][0][0], 1.1250012, 1.2250011, 0.42500117
[249][0][1], -1.6999989, -2.4999988, -3.274999
[249][0][2], -3.6999989, -5.5499988, -6.3499985
[250][0][0], -2.549999, -2.8999987, -2.4499989
[250][0][1], -4.199999, -5.0499983, -4.199999
[250][0][2], -6.074999, -7.0749993, -5.874999
[251][0][0], -4.8999987, -4.0499988, -1.8999988
[251][0][1], -7.674999, -7.9249988, -5.2999988
[251][0][2], -7.4749985, -8.849998, -6.6249986
[252][0][0], -11.25, -9.049999, -4.124999
[252][0][1], -12.674999, -10.699999, -5.0499997
[252][0][2], -6.999999, -5.9999995, -1.9249994
[253][0][0], -12.924999, -9.849999, -4.8249993
[253][0][1], -10.874999, -8.674999, -4.0749993
[253][0][2], -1.3999994, -1.1749992, 0.95000076
[254][0][0], -12.925, -9.925, -6.174999
[254][0][1], -6.0499997, -5.5749993, -3.9749997
[254][0][2], 5.275, 2.8750002, 1.7500005
[255][0][0], -6.349999, -5.9749994, -4.5499997
[255][0][1], -0.8499993, -3.949999, -5.0749993
[255][0][2], 6.500001, 3.0250008, 1.1750008
[256][0][0], -3.1499987, -6.6749988, -7.499999
[256][0][1], -0.74999887, -5.699999, -8.574999
[256][0][2], 4.400001, 1.5000011, -0.7999989
[257][0][0], -3.6499994, -7.6499987, -8.224998
[257][0][1], -4.474999, -9.774999, -11.824999
[257][0][2], 1.3750007, -1.8749993, -4.274999
[258][0][0], -7.4999986, -9.074999, -6.7499986
[258][0][1], -6.4749985, -9.65, -8.599998
[258][0][2], 2.8500013, 0.025001526, -0.87499845
[259][0][0], -9.774998, -8.249998, -4.0499983
[259][0][1], -9.324999, -9.099998, -5.2249985
[259][0][2], -2.4749985, -4.0499988, -2.7749984
[260][0][0], -11.699999, -8.074999, -3.9999986
[260][0][1], -10.5999975, -7.8499985, -4.3249984
[260][0][2], -4.374998, -4.1999984, -3.0249987
[261][0][0], -8.599999, -5.599999, -3.0749993
[261][0][1], -5.8249993, -5.124999, -3.7249994
[261][0][2], -0.14999923, -1.6499993, -1.8999991
[262][0][0], -3.724999, -2.7249987, -1.7999988
[262][0][1], -1.6249988, -1.9749987, -1.4499989
[262][0][2], -0.22499886, -1.4249988, -1.3999989
[263][0][0], 0.57500076, -0.124999225, -0.69999933
[263][0][1], 0.40000075, -0.52499926, -0.4749992
[263][0][2], -1.9749993, -2.4749992, -1.5999992
[264][0][0], -0.824999, -1.8749988, -2.624999
[264][0][1], -2.599999, -3.349999, -2.8999987
[264][0][2], -4.074999, -4.2999988, -3.274999
[265][0][0], -3.174999, -3.724999, -4.0249987
[265][0][1], -1.474999, -2.649999, -3.399999
[265][0][2], -1.4749987, -2.424999, -3.049999
[266][0][0], -3.199999, -3.4999986, -3.1999989
[266][0][1], -2.2499988, -3.374999, -3.8249989
[266][0][2], -3.674999, -4.749999, -5.124999
[267][0][0], -6.4000006, -6.825, -5.25
[267][0][1], -8.25, -9.474999, -7.825
[267][0][2], -5.6, -6.65, -5.475
[268][0][0], -11.999999, -10.924999, -7.2999988
[268][0][1], -11.049999, -9.025, -5.049999
[268][0][2], -2.9499993, -1.0499994, 0.65000075
[269][0][0], -9.775, -7.7499986, -4.349999
[269][0][1], -5.324999, -3.049999, -0.6499988
[269][0][2], 1.3000011, 2.2500012, 2.225001
[270][0][0], -3.5999994, -2.8999996, -1.2499995
[270][0][1], -0.22499964, 0.025000378, 0.55000037
[270][0][2], 4.1250005, 3.0750003, 2.1000004
[271][0][0], 0.025000375, 0.05000043, 0.5750004
[271][0][1], 3.8000002, 3.2500005, 2.5250003
[271][0][2], 6.8750005, 5.925, 4.3250003
[272][0][0], -0.47499844, 0.60000145, 2.1000016
[272][0][1], 3.4500015, 3.9750013, 4.4500017
[272][0][2], 5.6750016, 6.1750016, 6.0750017
[273][0][0], -1.324998, -1.049998, 0.05000192
[273][0][1], 3.200002, 3.4500017, 4.2000017
[273][0][2], 6.125002, 6.125002, 6.050002
[274][0][0], -1.05, -1.225, -0.55
[274][0][1], 2.8, 2.1, 1.9250001
[274][0][2], 6.0, 5.2, 4.4
[275][0][0], -3.1249976, -4.8749976, -4.8249974
[275][0][1], 2.6750023, -0.57499766, -3.0749977
[275][0][2], 7.075002, 5.050002, 2.4500022
[276][0][0], -3.7499988, -5.1999984, -4.8999987
[276][0][1], 0.20000115, -2.124999, -3.599999
[276][0][2], 5.3250012, 3.975001, 1.7500011
[277][0][0], 1.3750012, 0.7250012, 0.25000113
[277][0][1], 3.4750013, 2.5750012, 1.4500011
[277][0][2], 5.4000015, 4.6250014, 3.2250013
[278][0][0], -0.8499992, -1.0999992, -0.7999993
[278][0][1], 0.6750008, 0.075000755, -0.14999925
[278][0][2], 2.8000007, 2.4250007, 1.8500009
[279][0][0], -2.6749992, -2.0249991, -0.42499927
[279][0][1], -0.89999926, -1.3499992, -1.4999993
[279][0][2], 0.9250008, 0.4500008, -0.79999924
[280][0][0], -2.7999985, -1.6249986, 0.025001526
[280][0][1], -0.4999985, 0.30000153, 1.0250015
[280][0][2], 0.87500155, 1.1250014, 0.9000015
[281][0][0], -0.20000002, 0.54999995, 0.92499995
[281][0][1], 2.5, 3.025, 2.9250002
[281][0][2], 4.025, 3.925, 2.9999998
[282][0][0], 2.675001, 2.5500007, 1.6250007
[282][0][1], 5.4250007, 4.975001, 3.050001
[282][0][2], 4.9000006, 4.750001, 3.1250007
[283][0][0], 3.125001, 4.1000013, 4.425001
[283][0][1], 3.8750012, 4.6500015, 4.625001
[283][0][2], 3.250001, 3.8000011, 3.5000012
[284][0][0], 3.3000007, 3.9500008, 4.1750007
[284][0][1], 5.075001, 5.5500007, 5.1500006
[284][0][2], 3.6000006, 3.9500008, 3.300001
[285][0][0], 4.125002, 4.0250015, 3.025002
[285][0][1], 4.700002, 4.875002, 3.9250019
[285][0][2], 2.0500019, 2.400002, 1.950002
[286][0][0], 2.925, 2.5749998, 1.35
[286][0][1], 3.35, 3.075, 1.85
[286][0][2], 0.90000004, 1.1750001, 1.0
[287][0][0], 1.8000004, 1.7000004, 0.92500037
[287][0][1], 1.7750003, 1.5250003, 0.8750004
[287][0][2], -0.049999595, 0.5750004, 0.7250004
[288][0][0], 2.6500006, 1.9500004, 0.70000035
[288][0][1], 4.8500004, 3.9250002, 2.4250004
[288][0][2], 3.1250002, 3.1000004, 2.8250005
[289][0][0], 0.5750007, 1.3500006, 0.95000076
[289][0][1], 2.5500007, 3.0250008, 2.8750007
[289][0][2], 1.1000009, 1.3250008, 1.8000008
[290][0][0], 1.7500011, 2.725001, 2.8000011
[290][0][1], 3.0500011, 2.9500012, 2.025001
[290][0][2], 2.3250012, 2.225001, 1.4250011
[291][0][0], 1.8000011, 1.5500011, 0.7000011
[291][0][1], 3.2500012, 2.8250012, 1.5500011
[291][0][2], 3.8000011, 3.850001, 2.750001
[292][0][0], -0.1749981, 0.4000019, 0.42500192
[292][0][1], 2.900002, 3.200002, 2.475002
[292][0][2], 2.6750019, 3.7750022, 3.6250017
[293][0][0], -2.2749996, -3.3999996, -4.2749996
[293][0][1], 0.25000036, -0.59999967, -1.0499996
[293][0][2], 1.7000004, 1.9750004, 2.2000005
[294][0][0], -5.124999, -6.624999, -6.399999
[294][0][1], -1.5999992, -2.8999991, -2.9249992
[294][0][2], 0.95000076, 0.45000076, -0.074999236
[295][0][0], -7.074999, -7.8999996, -6.724999
[295][0][1], -1.9749993, -3.6249993, -3.7749991
[295][0][2], 0.9250008, -1.2249992, -2.874999
[296][0][0], -7.95, -8.774999, -7.3999996
[296][0][1], -3.6999993, -6.699999, -7.424999
[296][0][2], -1.7999992, -5.374999, -6.974999
[297][0][0], -7.2749996, -7.5249996, -5.575
[297][0][1], -9.875, -11.525, -9.5
[297][0][2], -6.85, -8.65, -7.6250005
[298][0][0], -5.6, -5.5999994, -3.6499999
[298][0][1], -7.85, -7.975, -5.675
[298][0][2], -4.2000003, -4.0499997, -2.6999998
[299][0][0], -6.949998, -6.249998, -3.049998
[299][0][1], -6.0749984, -6.199998, -3.8249981
[299][0][2], -1.974998, -1.5749981, -0.3999981
[300][0][0], -3.849999, -1.8249989, 1.1622906E-6
[300][0][1], -3.1249988, -1.5499988, 0.22500117
[300][0][2], -1.6249989, -0.62499887, 0.5750011
[301][0][0], -0.32499996, 0.8, 1.125
[301][0][1], -0.79999995, -0.050000012, 0.049999982
[301][0][2], -0.52500004, 0.17499998, 0.525
[302][0][0], 1.075, 1.8499999, 1.5999999
[302][0][1], 0.52500004, 1.2, 0.875
[302][0][2], 1.05, 1.8, 1.75
[303][0][0], 2.025, 2.625, 2.275
[303][0][1], 2.4, 2.6999998, 2.35
[303][0][2], 1.475, 2.1750002, 2.45
[304][0][0], 2.1000009, 2.175001, 1.8750008
[304][0][1], 3.8500006, 3.5250008, 3.1000009
[304][0][2], 2.9000008, 3.2250009, 3.3500006
[305][0][0], -1.2499981, -1.199998, -0.6499981
[305][0][1], 3.125002, 2.275002, 1.7750018
[305][0][2], 4.775002, 3.8750017, 2.7000022
[306][0][0], -4.5249987, -4.1749988, -3.474999
[306][0][1], -0.59999883, -1.5749989, -2.2249987
[306][0][2], 2.225001, 1.2000012, 0.12500118
[307][0][0], -4.949999, -4.4749985, -3.0499988
[307][0][1], -1.974999, -2.3249989, -1.3499988
[307][0][2], 1.1250012, 0.025001146, 0.075001135
[308][0][0], -6.9249983, -6.274998, -4.7499986
[308][0][1], -3.1999984, -2.8249984, -1.5499985
[308][0][2], 0.80000144, 0.4250015, 0.62500155
[309][0][0], -5.499999, -4.799999, -3.3999987
[309][0][1], -1.6249988, -2.1499987, -1.9999988
[309][0][2], 1.275001, 0.25000113, -0.5999989
[310][0][0], -3.1249986, -2.8249984, -2.1999984
[310][0][1], -0.54999846, -0.82499844, -0.9499985
[310][0][2], 0.17500156, 0.12500153, -0.12499851
[311][0][0], -2.4249988, -3.0749989, -3.5749989
[311][0][1], 0.07500115, -0.6749988, -0.8999989
[311][0][2], 0.6250012, 0.02500115, 0.10000114
[312][0][0], -2.249999, -1.6749992, -1.4249992
[312][0][1], -0.8249992, -0.9749992, -1.1749992
[312][0][2], 0.9500008, -0.049999237, -0.87499917
[313][0][0], -2.9999995, -3.6749997, -4.125
[313][0][1], -1.7499996, -2.4249997, -2.7749996
[313][0][2], -0.0749996, -1.1749996, -1.6499996
[314][0][0], -2.0999985, -2.3249986, -2.4249985
[314][0][1], -1.9499984, -2.2999983, -2.3749986
[314][0][2], -1.3499985, -1.5499985, -1.3999985
[315][0][0], -2.4749994, -1.9749992, -1.3249992
[315][0][1], -0.2749993, -0.7499993, -1.2749993
[315][0][2], -0.124999166, -0.27499926, -0.7249992
[316][0][0], 0.22500116, 1.025001, 1.2250011
[316][0][1], -0.14999887, -0.099998854, -0.42499885
[316][0][2], 0.37500113, 0.32500112, -0.19999883
[317][0][0], -1.25, -1.325, -1.4
[317][0][1], 0.32500002, 0.275, 0.12500001
[317][0][2], 0.79999995, 1.0, 1.075
[318][0][0], -0.9249986, -1.7249985, -2.2999985
[318][0][1], 0.22500148, -0.87499845, -1.6249986
[318][0][2], 2.1750016, 1.6500014, 1.1250014
[319][0][0], 1.0750012, 0.10000116, -0.89999884
[319][0][1], 1.5000012, 0.10000114, -1.2749989
[319][0][2], 3.125001, 2.2500012, 1.1000011
[320][0][0], 1.5250003, 0.22500037, -1.0249996
[320][0][1], 1.1500003, -0.09999961, -1.5749996
[320][0][2], 2.0750003, 1.7750003, 0.8000004
[321][0][0], 0.225, -1.075, -2.225
[321][0][1], 1.7249999, -0.45000002, -2.85
[321][0][2], 3.05, 1.825, -0.025000002
[322][0][0], -1.8999984, -2.5499985, -3.5749984
[322][0][1], -1.2249985, -2.4249985, -3.6249983
[322][0][2], 1.2750015, 0.42500153, -0.6499984
[323][0][0], -3.2249985, -4.324999, -4.8499985
[323][0][1], -1.2249985, -2.4999983, -3.2499983
[323][0][2], 1.5750016, 1.1000016, 0.40000153
[324][0][0], -4.2749977, -4.3749976, -3.6999974
[324][0][1], -1.5499976, -2.0249977, -1.9749978
[324][0][2], 1.9000022, 1.7000023, 1.2000023
[325][0][0], -2.5999997, -2.6999996, -2.7249994
[325][0][1], -0.074999616, -0.22499962, -0.19999962
[325][0][2], 2.2750003, 2.2250004, 2.1500003
[326][0][0], -2.3249998, -3.3499997, -3.4749997
[326][0][1], -0.92499965, -1.6499996, -2.0499997
[326][0][2], 2.4500005, 2.6500003, 2.0750003
[327][0][0], -1.0999992, -1.1749992, -1.8999991
[327][0][1], 0.35000074, -0.049999237, -1.0999992
[327][0][2], 2.4250007, 2.3250008, 1.7750008
[328][0][0], -0.75, -1.975, -3.2250001
[328][0][1], 1.8000001, 1.7249999, 0.74999994
[328][0][2], 2.6750002, 3.95, 4.0499997
[329][0][0], 0.50000155, -1.1999985, -2.7999985
[329][0][1], 1.6250014, 0.1000015, -1.5249984
[329][0][2], 2.6250014, 2.6000016, 1.7250015
[330][0][0], 0.8, -0.65, -1.725
[330][0][1], 1.85, 0.25, -1.025
[330][0][2], 0.8249999, 0.12500001, -0.62499994
[331][0][0], -0.55, -1.8499999, -2.9250002
[331][0][1], -0.47499996, -1.7249999, -1.9250001
[331][0][2], -1.05, -1.325, -0.47499993
[332][0][0], -3.5499983, -2.3249986, -0.5749985
[332][0][1], -2.1499987, -2.3999984, -1.7999985
[332][0][2], -1.0249985, -1.2249985, -1.2249985
[333][0][0], -3.0499992, -1.7999992, -0.64999926
[333][0][1], -1.5249993, -2.2249992, -2.624999
[333][0][2], -0.77499926, -1.2249993, -1.6749992
[334][0][0], -0.049999975, 0.725, 0.75
[334][0][1], 2.9750001, 2.55, 1.4749999
[334][0][2], 2.35, 2.3249998, 1.75
[335][0][0], 1.5000015, 1.8750015, 1.0750015
[335][0][1], 2.0250015, 2.0750017, 1.3500016
[335][0][2], 0.62500143, 1.6250015, 1.8250015
[336][0][0], 1.1000007, 1.6000007, 0.95000076
[336][0][1], 0.8500008, 1.5500007, 1.3000008
[336][0][2], -0.8499992, 0.5000008, 1.3250008
[337][0][0], 2.800001, 3.625001, 2.8250008
[337][0][1], 2.2750006, 2.8750007, 2.5000007
[337][0][2], 1.5000007, 1.9250007, 2.2250006
[338][0][0], 3.7750008, 2.8250008, 1.1750008
[338][0][1], 5.525001, 4.9250007, 3.2750008
[338][0][2], 3.8500009, 4.100001, 3.500001
[339][0][0], 5.900001, 4.7000012, 2.5500011
[339][0][1], 6.250001, 5.0250015, 3.0500011
[339][0][2], 4.7000012, 4.425001, 3.8000011
[340][0][0], 5.1500006, 3.9500008, 1.7250007
[340][0][1], 6.225001, 4.350001, 1.4750009
[340][0][2], 6.4250007, 5.3250012, 3.0500007
[341][0][0], 0.50000083, 0.6250008, -0.19999924
[341][0][1], 1.9000007, 0.45000073, -1.7749993
[341][0][2], 4.725001, 3.4500008, 1.2250006
[342][0][0], -3.1999996, -1.6499996, -0.94999963
[342][0][1], -1.8999997, -1.4499996, -1.4749997
[342][0][2], 1.4500003, 1.1000004, 0.55000037
[343][0][0], 2.3000011, 2.9250011, 2.3750012
[343][0][1], 2.8500009, 2.3250012, 1.2250011
[343][0][2], 4.025001, 2.850001, 2.0250013
[344][0][0], 3.7750006, 3.675001, 2.550001
[344][0][1], 2.7500007, 2.3250008, 1.3500007
[344][0][2], 2.6000009, 2.425001, 1.7750008
[345][0][0], 3.4750016, 3.9000015, 2.1250014
[345][0][1], 1.5500016, 1.9250015, 0.10000153
[345][0][2], 2.3750017, 2.6750016, 1.1250014
[346][0][0], 5.400001, 5.625001, 3.5250013
[346][0][1], 1.8000013, 2.0500011, 1.0250012
[346][0][2], 0.6500011, 0.8750012, 0.7750011
[347][0][0], 5.5499997, 4.9249997, 3.025
[347][0][1], 3.925, 2.6, 0.2
[347][0][2], 1.075, 0.75, -0.39999998
[348][0][0], -1.5249988, -2.2249987, -2.399999
[348][0][1], 1.4750012, -0.39999884, -2.224999
[348][0][2], 2.4500012, 1.425001, -0.24999884
[349][0][0], -3.1749997, -3.3499997, -3.3749995
[349][0][1], -3.5749996, -3.9999998, -4.1249995
[349][0][2], -0.82499963, -0.97499967, -1.2249997
[350][0][0], -3.45, -3.125, -2.325
[350][0][1], -2.925, -2.4, -1.475
[350][0][2], 0.975, 1.9, 2.525
[351][0][0], -2.0249991, -1.9249991, -1.7999992
[351][0][1], -1.5249991, -0.47499925, 0.40000075
[351][0][2], 1.8500007, 3.5000007, 4.0500007
[352][0][0], -0.12499887, 0.22500113, -0.09999889
[352][0][1], 1.0500011, 1.4000012, 0.6750012
[352][0][2], 2.0000012, 3.275001, 2.9000013
[353][0][0], -1.0499992, -1.2249992, -1.8749992
[353][0][1], -0.09999921, 7.1525574E-7, -0.97499925
[353][0][2], 0.9000008, 2.1250007, 1.6500008
[354][0][0], 0.37500003, 0.47499996, -0.24999999
[354][0][1], 0.97499996, 1.5500001, 1.0500001
[354][0][2], 0.425, 2.2749999, 2.9
[355][0][0], 0.925002, 1.8500018, 1.525002
[355][0][1], 2.1500018, 2.6750019, 1.7750019
[355][0][2], 0.4250019, 0.6750019, 0.15000188
[356][0][0], -1.0249981, -0.22499812, -0.27499807
[356][0][1], 0.5000019, 0.9000019, 0.3000019
[356][0][2], -0.09999812, 0.7500019, 0.9250019
[357][0][0], -1.05, -1.05, -2.3249998
[357][0][1], -0.275, 0.07500005, -0.85
[357][0][2], 0.65, 2.25, 2.775
[358][0][0], -0.59999955, -0.49999964, -1.0249996
[358][0][1], 0.2750004, 1.0250003, 0.3250004
[358][0][2], 0.5250004, 3.1250002, 3.6500006
[359][0][0], 1.2000003, 1.4250004, 0.80000037
[359][0][1], 2.6500003, 2.7000003, 1.2750005
[359][0][2], 2.4500005, 3.275, 2.2000005
[360][0][0], 0.87500155, 1.3750014, 0.55000156
[360][0][1], 2.5000014, 3.2500017, 2.6000018
[360][0][2], 1.6250017, 2.3000016, 1.4750015
[361][0][0], -0.7499989, -1.099999, -2.1499987
[361][0][1], -0.32499886, 0.20000106, -0.09999886
[361][0][2], 0.32500112, 1.3750012, 1.5000012
[362][0][0], -3.3749993, -3.3499992, -2.8749993
[362][0][1], -1.5499992, -2.3249993, -2.6499991
[362][0][2], 2.5000007, 1.8750008, 1.2500007
[363][0][0], 1.5250008, 0.77500075, 0.25000077
[363][0][1], 3.3750007, 1.2750008, -1.0499992
[363][0][2], 5.275001, 4.200001, 2.1000009
[364][0][0], -0.65, 0.45, 0.875
[364][0][1], 3.0499997, 1.925, 0.575
[364][0][2], 5.2, 3.175, 1.3
[365][0][0], -0.54999965, -1.2249997, -2.3999996
[365][0][1], 2.1500006, 0.47500038, -1.6749996
[365][0][2], 4.575001, 3.6250005, 2.0000005

uwnd.time[366]
1963536.0, 1963560.0, 1963584.0, 1963608.0, 1963632.0, 1963656.0, 1963680.0, 1963704.0, 1963728.0, 1963752.0, 1963776.0, 1963800.0, 1963824.0, 1963848.0, 1963872.0, 1963896.0, 1963920.0, 1963944.0, 1963968.0, 1963992.0, 1964016.0, 1964040.0, 1964064.0, 1964088.0, 1964112.0, 1964136.0, 1964160.0, 1964184.0, 1964208.0, 1964232.0, 1964256.0, 1964280.0, 1964304.0, 1964328.0, 1964352.0, 1964376.0, 1964400.0, 1964424.0, 1964448.0, 1964472.0, 1964496.0, 1964520.0, 1964544.0, 1964568.0, 1964592.0, 1964616.0, 1964640.0, 1964664.0, 1964688.0, 1964712.0, 1964736.0, 1964760.0, 1964784.0, 1964808.0, 1964832.0, 1964856.0, 1964880.0, 1964904.0, 1964928.0, 1964952.0, 1964976.0, 1965000.0, 1965024.0, 1965048.0, 1965072.0, 1965096.0, 1965120.0, 1965144.0, 1965168.0, 1965192.0, 1965216.0, 1965240.0, 1965264.0, 1965288.0, 1965312.0, 1965336.0, 1965360.0, 1965384.0, 1965408.0, 1965432.0, 1965456.0, 1965480.0, 1965504.0, 1965528.0, 1965552.0, 1965576.0, 1965600.0, 1965624.0, 1965648.0, 1965672.0, 1965696.0, 1965720.0, 1965744.0, 1965768.0, 1965792.0, 1965816.0, 1965840.0, 1965864.0, 1965888.0, 1965912.0, 1965936.0, 1965960.0, 1965984.0, 1966008.0, 1966032.0, 1966056.0, 1966080.0, 1966104.0, 1966128.0, 1966152.0, 1966176.0, 1966200.0, 1966224.0, 1966248.0, 1966272.0, 1966296.0, 1966320.0, 1966344.0, 1966368.0, 1966392.0, 1966416.0, 1966440.0, 1966464.0, 1966488.0, 1966512.0, 1966536.0, 1966560.0, 1966584.0, 1966608.0, 1966632.0, 1966656.0, 1966680.0, 1966704.0, 1966728.0, 1966752.0, 1966776.0, 1966800.0, 1966824.0, 1966848.0, 1966872.0, 1966896.0, 1966920.0, 1966944.0, 1966968.0, 1966992.0, 1967016.0, 1967040.0, 1967064.0, 1967088.0, 1967112.0, 1967136.0, 1967160.0, 1967184.0, 1967208.0, 1967232.0, 1967256.0, 1967280.0, 1967304.0, 1967328.0, 1967352.0, 1967376.0, 1967400.0, 1967424.0, 1967448.0, 1967472.0, 1967496.0, 1967520.0, 1967544.0, 1967568.0, 1967592.0, 1967616.0, 1967640.0, 1967664.0, 1967688.0, 1967712.0, 1967736.0, 1967760.0, 1967784.0, 1967808.0, 1967832.0, 1967856.0, 1967880.0, 1967904.0, 1967928.0, 1967952.0, 1967976.0, 1968000.0, 1968024.0, 1968048.0, 1968072.0, 1968096.0, 1968120.0, 1968144.0, 1968168.0, 1968192.0, 1968216.0, 1968240.0, 1968264.0, 1968288.0, 1968312.0, 1968336.0, 1968360.0, 1968384.0, 1968408.0, 1968432.0, 1968456.0, 1968480.0, 1968504.0, 1968528.0, 1968552.0, 1968576.0, 1968600.0, 1968624.0, 1968648.0, 1968672.0, 1968696.0, 1968720.0, 1968744.0, 1968768.0, 1968792.0, 1968816.0, 1968840.0, 1968864.0, 1968888.0, 1968912.0, 1968936.0, 1968960.0, 1968984.0, 1969008.0, 1969032.0, 1969056.0, 1969080.0, 1969104.0, 1969128.0, 1969152.0, 1969176.0, 1969200.0, 1969224.0, 1969248.0, 1969272.0, 1969296.0, 1969320.0, 1969344.0, 1969368.0, 1969392.0, 1969416.0, 1969440.0, 1969464.0, 1969488.0, 1969512.0, 1969536.0, 1969560.0, 1969584.0, 1969608.0, 1969632.0, 1969656.0, 1969680.0, 1969704.0, 1969728.0, 1969752.0, 1969776.0, 1969800.0, 1969824.0, 1969848.0, 1969872.0, 1969896.0, 1969920.0, 1969944.0, 1969968.0, 1969992.0, 1970016.0, 1970040.0, 1970064.0, 1970088.0, 1970112.0, 1970136.0, 1970160.0, 1970184.0, 1970208.0, 1970232.0, 1970256.0, 1970280.0, 1970304.0, 1970328.0, 1970352.0, 1970376.0, 1970400.0, 1970424.0, 1970448.0, 1970472.0, 1970496.0, 1970520.0, 1970544.0, 1970568.0, 1970592.0, 1970616.0, 1970640.0, 1970664.0, 1970688.0, 1970712.0, 1970736.0, 1970760.0, 1970784.0, 1970808.0, 1970832.0, 1970856.0, 1970880.0, 1970904.0, 1970928.0, 1970952.0, 1970976.0, 1971000.0, 1971024.0, 1971048.0, 1971072.0, 1971096.0, 1971120.0, 1971144.0, 1971168.0, 1971192.0, 1971216.0, 1971240.0, 1971264.0, 1971288.0, 1971312.0, 1971336.0, 1971360.0, 1971384.0, 1971408.0, 1971432.0, 1971456.0, 1971480.0, 1971504.0, 1971528.0, 1971552.0, 1971576.0, 1971600.0, 1971624.0, 1971648.0, 1971672.0, 1971696.0, 1971720.0, 1971744.0, 1971768.0, 1971792.0, 1971816.0, 1971840.0, 1971864.0, 1971888.0, 1971912.0, 1971936.0, 1971960.0, 1971984.0, 1972008.0, 1972032.0, 1972056.0, 1972080.0, 1972104.0, 1972128.0, 1972152.0, 1972176.0, 1972200.0, 1972224.0, 1972248.0, 1972272.0, 1972296.0

uwnd.level[1]
850.0

uwnd.lat[3]
27.5, 25.0, 22.5

uwnd.lon[3]
85.0, 87.5, 90.0


