Dataset {
    Grid {
     ARRAY:
        Float32 uwnd[time = 366][level = 1][lat = 3][lon = 3];
     MAPS:
        Float64 time[time = 366];
        Float32 level[level = 1];
        Float32 lat[lat = 3];
        Float32 lon[lon = 3];
    } uwnd;
} Datasets/ncep.reanalysis.dailyavgs/pressure/uwnd.2020.nc;
---------------------------------------------
uwnd.uwnd[366][1][3][3]
[0][0][0], -2.1499991, -1.2499993, -2.0749993
[0][0][1], -2.7499993, -2.0249991, -2.2749991
[0][0][2], -1.2249992, -0.54999924, 0.050000742
[1][0][0], -1.4249992, -1.0999992, -1.3749993
[1][0][1], -0.9749993, -1.3499992, -1.7499993
[1][0][2], -0.049999177, 7.1525574E-7, 0.30000073
[2][0][0], -0.64999884, -2.0749989, -3.1749988
[2][0][1], -0.69999886, -1.749999, -1.6249988
[2][0][2], 0.42500117, 0.55000114, 2.1250012
[3][0][0], 2.0500007, 2.1500008, 2.0000007
[3][0][1], 0.37500077, 0.10000074, 0.050000772
[3][0][2], 1.4000008, 1.2750007, 1.7000008
[4][0][0], 1.7250009, 1.4250008, 1.5000007
[4][0][1], 3.2250006, 2.5750008, 1.7250009
[4][0][2], 3.7500007, 4.050001, 3.9750009
[5][0][0], 2.275, 1.2500004, -0.5499996
[5][0][1], 0.6750003, -0.09999961, -1.6999997
[5][0][2], 1.5500004, 1.6000004, 0.7000004
[6][0][0], 2.5500011, 3.0750012, 1.9000012
[6][0][1], 2.0750012, 1.6000011, 0.025001109
[6][0][2], 2.100001, 1.0500011, 0.15000117
[7][0][0], 0.4000004, 1.5000005, 1.1750004
[7][0][1], 1.1750004, 1.7000004, 0.9750004
[7][0][2], 1.5000002, 1.4000003, 1.3000004
[8][0][0], 1.7750012, 0.9750012, 0.100001216
[8][0][1], 2.4500012, 2.0500011, 1.7500012
[8][0][2], 4.400001, 4.8250012, 5.500001
[9][0][0], 0.15000075, -0.124999225, -0.8749993
[9][0][1], 1.7750006, 1.3000009, 0.5250008
[9][0][2], 3.6000006, 3.9500005, 4.000001
[10][0][0], 0.25, -2.9802322E-8, -1.175
[10][0][1], 0.17500001, -0.65, -2.05
[10][0][2], 2.525, 1.45, 0.17500001
[11][0][0], 2.1250007, 1.5000007, -0.77499926
[11][0][1], 1.0250008, 0.32500073, -1.9999993
[11][0][2], 1.5250008, 1.0000007, -0.47499925
[12][0][0], 3.3000011, 2.875001, 0.5000011
[12][0][1], 2.0500011, 1.3250011, -0.44999886
[12][0][2], 1.8750012, 1.6000011, 1.0500011
[13][0][0], 3.7000008, 3.9250007, 1.8250008
[13][0][1], 2.0750008, 2.1000009, 0.85000074
[13][0][2], 0.82500076, 0.97500074, 1.1250007
[14][0][0], 4.9000015, 5.9500017, 4.375002
[14][0][1], 1.9000015, 2.5500016, 1.8000016
[14][0][2], -0.94999844, -0.37499848, 0.17500155
[15][0][0], 1.2750007, 3.2000005, 3.250001
[15][0][1], -1.5999992, -0.2999993, 0.5500008
[15][0][2], -1.9749992, -1.1999992, 0.025000751
[16][0][0], 2.0750012, 1.775001, 1.0000012
[16][0][1], 0.6750012, -0.44999886, -1.0749989
[16][0][2], 0.72500116, 0.35000116, 0.87500113
[17][0][0], 2.7250004, 4.0750003, 4.1750007
[17][0][1], 2.5000005, 2.9500003, 2.4000003
[17][0][2], 1.3500004, 1.8250004, 1.9500003
[18][0][0], 2.5500011, 3.5000012, 3.4750013
[18][0][1], 4.300001, 3.6000013, 2.0500011
[18][0][2], 3.5000014, 2.350001, 0.9500012
[19][0][0], 2.475001, 2.8250012, 1.8750012
[19][0][1], 4.9250007, 4.7250013, 3.225001
[19][0][2], 4.900001, 4.7250013, 3.900001
[20][0][0], 5.075001, 5.750001, 4.1750007
[20][0][1], 5.250001, 5.6500006, 4.5250006
[20][0][2], 3.9750009, 4.4000006, 4.475001
[21][0][0], 7.250001, 7.875001, 6.750001
[21][0][1], 7.000001, 6.9000015, 5.400001
[21][0][2], 4.475001, 4.425001, 3.8750012
[22][0][0], 9.525, 8.0, 5.45
[22][0][1], 11.475, 9.825, 6.725
[22][0][2], 7.475, 7.2499995, 5.95
[23][0][0], 2.75, 0.625, -0.725
[23][0][1], 4.7750006, 2.075, 0.22500002
[23][0][2], 5.4750004, 3.775, 2.575
[24][0][0], 2.95, 2.8000002, 1.075
[24][0][1], 3.925, 2.575, 0.17500001
[24][0][2], 5.025, 3.1, 0.65
[25][0][0], 4.2750006, 2.9500008, 0.75000083
[25][0][1], 5.5250006, 4.475001, 2.4000008
[25][0][2], 6.150001, 6.1000004, 4.800001
[26][0][0], 6.5000014, 6.1250014, 4.0000014
[26][0][1], 5.750002, 5.9750013, 4.500002
[26][0][2], 4.3000016, 5.5250015, 5.2500014
[27][0][0], 3.0000007, 4.3000007, 3.6250007
[27][0][1], 2.2250006, 3.0000007, 2.9000008
[27][0][2], 3.6000009, 3.875001, 3.9250007
[28][0][0], 1.3500004, 2.8000002, 3.1500003
[28][0][1], 3.1250005, 4.025, 4.1000004
[28][0][2], 6.3500004, 6.7250004, 6.5250006
[29][0][0], 3.4750004, 3.7500005, 3.2250004
[29][0][1], 4.9500003, 4.8500004, 3.9500005
[29][0][2], 6.0750003, 6.125, 5.575001
[30][0][0], 3.9250014, 3.7500012, 2.600001
[30][0][1], 3.025001, 2.9750013, 2.250001
[30][0][2], 3.1750011, 4.0000014, 4.425001
[31][0][0], 4.225001, 4.250001, 2.8750007
[31][0][1], 2.9750009, 3.1000006, 2.0750008
[31][0][2], 2.750001, 3.500001, 3.5750008
[32][0][0], 4.225001, 3.4250007, 1.8250006
[32][0][1], 4.6500006, 4.125001, 2.3750007
[32][0][2], 3.5250006, 4.375001, 4.075001
[33][0][0], 2.750002, 1.975002, -0.09999812
[33][0][1], 2.825002, 1.9000019, -0.3249981
[33][0][2], 3.575002, 3.450002, 1.975002
[34][0][0], 2.5250008, 3.0250008, 1.5000007
[34][0][1], 2.5250008, 2.5250008, 1.1000009
[34][0][2], 2.6750007, 2.5250008, 1.6250008
[35][0][0], 5.5250015, 4.950001, 3.4000013
[35][0][1], 5.950001, 5.175001, 3.4000013
[35][0][2], 5.5250015, 5.4000006, 4.425001
[36][0][0], 5.550001, 4.150001, 1.4000012
[36][0][1], 2.600001, 2.600001, 1.7500012
[36][0][2], 0.15000117, 1.8750012, 3.025001
[37][0][0], 2.1499999, 2.7, 2.2749999
[37][0][1], 0.42499998, 1.55, 1.7750001
[37][0][2], -0.049999982, 1.5500001, 2.4750001
[38][0][0], 0.024999976, -0.95, -2.125
[38][0][1], 0.8, -0.7, -2.6
[38][0][2], 1.6500001, 1.05, 0.25
[39][0][0], 0.65000105, 0.40000114, -0.77499884
[39][0][1], 1.8000011, 0.62500113, -1.1999989
[39][0][2], 1.6250012, 0.9500012, 0.20000115
[40][0][0], 4.1, 2.475, 0.37500006
[40][0][1], 3.7250001, 2.0249999, 0.42500007
[40][0][2], 1.5500001, 1.4499999, 1.8499999
[41][0][0], 2.8750012, 1.3750012, -0.6249988
[41][0][1], 3.9250011, 2.150001, 0.42500114
[41][0][2], 3.9250011, 2.8000011, 1.8250011
[42][0][0], 3.250001, 1.7000012, -0.37499878
[42][0][1], 5.175001, 3.0500011, 0.27500117
[42][0][2], 6.925001, 5.5750012, 3.3000011
[43][0][0], 7.6749997, 5.3250003, 2.05
[43][0][1], 6.8, 5.2000003, 2.9750001
[43][0][2], 6.1000004, 6.05, 5.45
[44][0][0], 8.925, 7.05, 4.575
[44][0][1], 9.175, 7.575, 5.55
[44][0][2], 7.5499997, 7.2749996, 6.825
[45][0][0], 4.225002, 3.275002, 2.875002
[45][0][1], 5.850002, 4.775002, 3.8500018
[45][0][2], 6.425002, 5.9250016, 4.925002
[46][0][0], 2.8750014, 2.8750014, 2.2000015
[46][0][1], 1.9750016, 1.6750015, 0.67500156
[46][0][2], 3.4250014, 3.3500016, 2.2250016
[47][0][0], 4.7250013, 4.0750012, 2.775001
[47][0][1], 3.1750011, 2.8500013, 1.7000011
[47][0][2], 3.4500012, 3.4750009, 2.4250011
[48][0][0], 2.9250007, 1.6000007, 0.3000008
[48][0][1], 4.6000004, 3.0500007, 1.3250008
[48][0][2], 5.2500005, 4.575001, 3.750001
[49][0][0], 1.4250011, 2.0250013, 0.9500012
[49][0][1], 0.80000114, 0.65000117, -0.59999883
[49][0][2], 1.6000011, 2.100001, 1.9000012
[50][0][0], 2.1500008, 2.3750007, 0.9500007
[50][0][1], 0.7750007, 0.7250008, -0.54999924
[50][0][2], -1.0499992, -0.39999923, -0.32499924
[51][0][0], -0.39999843, 0.7000015, 0.05000152
[51][0][1], -1.4249984, -1.4999986, -1.8249986
[51][0][2], -1.8249985, -2.0999982, -1.5249984
[52][0][0], -0.27499884, 0.5750011, 0.72500116
[52][0][1], -0.72499883, -1.4999988, -1.974999
[52][0][2], -0.39999884, -1.1749989, -1.2749988
[53][0][0], -1.1749989, -0.47499898, -0.14999883
[53][0][1], -0.09999883, -0.4999989, -0.74999887
[53][0][2], 1.6000011, 1.525001, 1.7250011
[54][0][0], -0.29999965, 0.37500033, 0.67500037
[54][0][1], 0.9750004, 0.60000044, -0.04999961
[54][0][2], 3.4500003, 2.7250004, 1.7750003
[55][0][0], -0.27499998, -1.2750001, -2.025
[55][0][1], 0.3, -0.9499999, -2.1
[55][0][2], 3.4, 2.4250002, 1.2
[56][0][0], 1.2250004, 0.7000004, -0.17499965
[56][0][1], 1.5750004, 0.5250004, -0.94999963
[56][0][2], 3.6750004, 3.0250003, 1.6750004
[57][0][0], -0.57499886, -0.22499886, 0.27500117
[57][0][1], -0.5499989, -1.099999, -1.349999
[57][0][2], -0.024998844, -0.17499885, -0.17499883
[58][0][0], 0.12500072, -0.82499915, -1.5999993
[58][0][1], -1.1749992, -1.4749992, -1.7999992
[58][0][2], -0.39999923, 0.07500075, 0.32500076
[59][0][0], 2.3750005, 2.4750004, 1.1250005
[59][0][1], -0.3999996, -0.1749996, -1.2249995
[59][0][2], -0.32499957, 0.3250004, 3.9488077E-7
[60][0][0], 4.275, 4.0, 2.2
[60][0][1], 1.325, 1.4, -0.075
[60][0][2], -0.625, 0.375, 0.225
[61][0][0], 5.475, 4.775, 3.275
[61][0][1], 3.175, 1.9499999, 0.17500001
[61][0][2], 0.99999994, 0.6, 0.125
[62][0][0], 2.4000015, 2.2000017, 1.8500016
[62][0][1], 2.5750017, 1.6750015, 0.6000015
[62][0][2], 2.7500017, 1.5000014, -0.024998471
[63][0][0], 0.6500008, 1.2000008, 1.5250008
[63][0][1], 0.050000668, 0.25000077, -0.024999253
[63][0][2], 2.0250008, 1.8750008, 0.90000075
[64][0][0], -2.3, 0.07500002, 0.875
[64][0][1], -2.625, -0.97499996, -0.7
[64][0][2], 1.25, 1.625, 1.175
[65][0][0], -2.3499994, -0.1999992, 0.95000076
[65][0][1], -1.5999992, -0.54999924, -0.09999922
[65][0][2], 2.7500007, 3.0750008, 2.5250008
[66][0][0], -1.0999993, -0.8749992, -1.3249992
[66][0][1], 0.85000074, 1.0250008, 0.52500075
[66][0][2], 4.725001, 5.0250006, 4.375001
[67][0][0], 3.3250005, 2.3250005, 1.7500004
[67][0][1], 3.3750005, 2.6000004, 2.0500004
[67][0][2], 4.8000007, 4.9750004, 4.4500003
[68][0][0], 5.375001, 3.5000007, 1.7250009
[68][0][1], 5.5250006, 3.500001, 0.97500074
[68][0][2], 4.9000006, 4.6500006, 2.8500009
[69][0][0], 2.875002, 1.9750018, 0.47500187
[69][0][1], 1.5500019, 0.550002, -1.4749981
[69][0][2], 1.8500019, 2.150002, 0.7250019
[70][0][0], 2.7250009, 3.1750007, 2.5250008
[70][0][1], 1.4000008, 1.4500008, 0.70000076
[70][0][2], 2.5750008, 2.8750007, 1.9750009
[71][0][0], -0.1499989, 1.2500012, 1.1750011
[71][0][1], -0.69999886, 0.65000117, 0.5000011
[71][0][2], 2.600001, 3.600001, 2.950001
[72][0][0], -3.6499987, -2.0499988, -0.57499886
[72][0][1], -2.774999, -2.0249987, -1.599999
[72][0][2], 1.1324883E-6, -0.47499883, -1.1499989
[73][0][0], -2.2249994, -0.82499963, 0.075000376
[73][0][1], -1.9249996, -1.7249995, -1.5999997
[73][0][2], -1.0499996, -2.1499996, -2.4999995
[74][0][0], 1.2250009, 2.1250007, 1.9250008
[74][0][1], 2.4500008, 2.375001, 1.2750008
[74][0][2], 2.8250008, 2.4750006, 1.4250008
[75][0][0], 3.0500007, 3.1500006, 2.5750008
[75][0][1], 4.6750007, 3.625001, 1.7750007
[75][0][2], 4.5500007, 3.5500007, 1.9250008
[76][0][0], 2.6250014, 1.8500016, 1.6500015
[76][0][1], 2.4750013, 1.3500015, 0.37500152
[76][0][2], 3.5750015, 2.9000015, 1.6750015
[77][0][0], 4.9250016, 2.2500017, 0.57500154
[77][0][1], 4.7000017, 2.8750014, 1.5750015
[77][0][2], 4.1000013, 3.3250015, 2.2000017
[78][0][0], 4.2500005, 2.8000004, 1.8000004
[78][0][1], 4.3750005, 2.9000003, 1.5000004
[78][0][2], 4.450001, 3.6000004, 2.0000005
[79][0][0], 3.500001, 2.400001, 1.4750011
[79][0][1], 3.350001, 3.100001, 2.0500011
[79][0][2], 4.7000012, 5.600001, 4.675001
[80][0][0], 0.3500015, 0.42500156, 0.12500149
[80][0][1], 0.5000015, 0.62500155, 0.4500015
[80][0][2], 3.1000016, 3.4500017, 3.1500015
[81][0][0], 0.77500033, 0.42500037, 0.025000393
[81][0][1], -0.12499958, 3.5762787E-7, -0.07499962
[81][0][2], 2.3750002, 3.1000004, 2.9000003
[82][0][0], 1.0500015, 0.62500155, -0.09999846
[82][0][1], 2.0000014, 1.5500015, 0.6500015
[82][0][2], 2.4750016, 3.0750015, 2.9500015
[83][0][0], 0.55000114, 0.22500111, -0.04999885
[83][0][1], 0.9750011, 0.8000011, 0.40000114
[83][0][2], 2.8750012, 2.9250011, 2.3000011
[84][0][0], 4.500001, 1.6750008, -0.6249992
[84][0][1], 3.6500006, 1.3750007, -0.8999992
[84][0][2], 4.0250006, 3.6750007, 2.3000007
[85][0][0], 5.150001, 2.6250012, 0.32500112
[85][0][1], 5.300001, 3.2000012, 0.87500113
[85][0][2], 4.4750013, 3.9500012, 2.8250012
[86][0][0], 4.7750015, 3.5000012, 1.4500011
[86][0][1], 5.000001, 3.9000013, 2.0000012
[86][0][2], 4.375001, 3.8000011, 2.600001
[87][0][0], 5.800001, 5.475001, 4.125001
[87][0][1], 5.375001, 4.7250013, 2.5750012
[87][0][2], 4.375001, 4.3250012, 2.4250011
[88][0][0], 7.175001, 5.875001, 3.625001
[88][0][1], 7.825001, 6.375001, 3.6500013
[88][0][2], 6.950001, 6.750001, 4.7250013
[89][0][0], 4.675, 3.6500006, 1.7750008
[89][0][1], 6.8000007, 5.575001, 2.7250006
[89][0][2], 8.200001, 7.750001, 4.950001
[90][0][0], 5.2750006, 3.5750003, 1.3750004
[90][0][1], 5.3, 3.8500006, 1.6500005
[90][0][2], 5.5750003, 4.9500003, 3.1500003
[91][0][0], 4.575002, 2.825002, 1.3000019
[91][0][1], 3.225002, 2.000002, 1.3000019
[91][0][2], 4.050002, 3.275002, 2.6000018
[92][0][0], 6.400001, 5.5000005, 3.625001
[92][0][1], 4.9500003, 4.150001, 2.4750006
[92][0][2], 4.800001, 4.425001, 3.1000006
[93][0][0], 5.8, 4.025, 2.075
[93][0][1], 5.2, 3.1, 0.75
[93][0][2], 4.4750004, 3.5, 1.45
[94][0][0], 2.925001, 1.5750008, 0.7750008
[94][0][1], 4.5500007, 2.4500005, 0.90000075
[94][0][2], 5.8500004, 4.075001, 2.0500007
[95][0][0], 3.3000026, 2.3000026, 1.0500026
[95][0][1], 3.7000027, 2.2000027, 0.72500265
[95][0][2], 4.475003, 4.025003, 3.1250029
[96][0][0], 3.1250017, 1.0000019, -0.44999808
[96][0][1], 4.875002, 2.825002, 1.0500019
[96][0][2], 5.300002, 4.625002, 3.5750017
[97][0][0], 3.450001, 2.2250013, 1.1250012
[97][0][1], 4.250001, 2.9250014, 1.7750012
[97][0][2], 5.350001, 4.300001, 3.075001
[98][0][0], 1.0500015, 0.7500015, 1.0500016
[98][0][1], 1.9750013, 1.0000014, 0.9000015
[98][0][2], 5.1750016, 4.2250013, 3.3000016
[99][0][0], 1.8750008, 1.6750007, 1.6250007
[99][0][1], 1.6250007, 0.95000076, 0.45000073
[99][0][2], 4.3000007, 3.925001, 2.6750007
[100][0][0], 0.5500008, -0.07499924, -0.29999924
[100][0][1], 1.2500007, 0.8250007, 0.37500077
[100][0][2], 1.9500008, 2.0000007, 1.4750007
[101][0][0], -0.4249995, -0.6499996, -0.32499963
[101][0][1], 2.0250003, 1.6250005, 1.1500005
[101][0][2], 4.8250003, 3.8000002, 1.6500003
[102][0][0], -0.22499967, -0.59999955, -0.12499963
[102][0][1], 1.2000003, 0.3250004, 0.77500045
[102][0][2], 2.9000006, 1.4250004, 1.1000004
[103][0][0], -2.1750002, -2.725, -1.7749999
[103][0][1], 0.27499998, -0.575, -0.47500002
[103][0][2], 4.175, 3.05, 1.8
[104][0][0], -3.5249996, -3.2499995, -1.1249996
[104][0][1], -1.5999997, -1.9999996, -0.99999964
[104][0][2], 4.2000003, 2.8500004, 1.5500004
[105][0][0], 1.7750003, 0.8500004, 0.10000038
[105][0][1], 1.3750004, 0.50000036, 0.22500038
[105][0][2], 3.4000003, 2.8750002, 2.4000003
[106][0][0], -0.39999884, -1.4249989, -1.9249988
[106][0][1], 0.5750011, -0.7999988, -1.2499988
[106][0][2], 5.075001, 3.750001, 2.7000012
[107][0][0], 0.5250011, 0.8750012, 1.2000011
[107][0][1], 1.025001, 1.550001, 2.3250012
[107][0][2], 4.175001, 4.500001, 4.475001
[108][0][0], 3.0750003, 3.5000005, 3.8000004
[108][0][1], 1.4750005, 2.2500005, 3.1000004
[108][0][2], 2.4000003, 3.3750005, 3.9500008
[109][0][0], 2.250001, 1.1750008, 0.60000074
[109][0][1], 1.6500008, 0.35000077, -0.44999927
[109][0][2], 4.1750007, 3.4250007, 1.9750007
[110][0][0], 0.45000052, 1.1750004, 1.6000004
[110][0][1], -1.0749996, -0.24999963, 0.075000405
[110][0][2], 2.7500005, 3.5250006, 2.8250003
[111][0][0], 1.6750004, 1.9000005, 1.9500004
[111][0][1], 2.5000002, 2.1750004, 1.2000003
[111][0][2], 5.175, 4.9000006, 3.2000003
[112][0][0], 4.4000015, 4.375002, 3.6750016
[112][0][1], 2.8000016, 2.4750016, 1.2500015
[112][0][2], 3.5000014, 3.5500016, 2.0750015
[113][0][0], 1.9250007, 1.2250009, 0.6500008
[113][0][1], 2.5250008, 2.125001, 1.7250007
[113][0][2], 3.175001, 3.2250006, 2.675001
[114][0][0], -0.9999988, -1.3999988, -1.3999989
[114][0][1], 2.575001, 1.9250011, 1.3750011
[114][0][2], 5.3250017, 5.250001, 4.8750014
[115][0][0], -2.4499993, -1.9499993, -0.39999923
[115][0][1], -0.47499925, -0.8749992, -0.049999177
[115][0][2], 3.5750008, 2.8500006, 2.8000007
[116][0][0], -5.6499996, -5.125, -3.0999997
[116][0][1], -3.7749999, -3.8499994, -2.5499995
[116][0][2], 0.77500045, 0.67500037, 0.87500036
[117][0][0], -5.3749995, -4.125, -1.8749996
[117][0][1], -4.075, -3.1749997, -1.6249996
[117][0][2], 0.07500036, 0.5000004, 0.7750004
[118][0][0], -2.7, -1.85, -0.525
[118][0][1], -2.5, -2.875, -2.3500001
[118][0][2], 0.25000006, -0.22500002, -0.5749999
[119][0][0], 1.1622906E-6, -0.44999886, -0.5499988
[119][0][1], 0.50000113, -0.27499884, -0.34999883
[119][0][2], 1.2250011, 0.80000114, 1.1000011
[120][0][0], -0.9999992, -1.0749992, -0.4249993
[120][0][1], -0.12499924, -0.8499992, -0.52499926
[120][0][2], 0.70000076, 0.65000075, 1.0500008
[121][0][0], -0.9999989, -1.6249989, -1.9749988
[121][0][1], 0.32500115, -0.44999886, -0.74999887
[121][0][2], 1.8750012, 1.7250011, 1.9250011
[122][0][0], -3.4999988, -2.524999, -1.5249989
[122][0][1], -2.3749988, -1.9999988, -1.0749989
[122][0][2], 1.8000011, 1.5250013, 1.7250011
[123][0][0], -1.2499993, -1.1749994, -0.72499925
[123][0][1], -1.7249994, -1.4249992, -0.54999924
[123][0][2], 2.0000007, 2.3500009, 2.9000008
[124][0][0], 0.65000045, 0.90000045, 1.1750004
[124][0][1], -0.12499964, -0.39999965, -0.42499962
[124][0][2], 2.3000004, 2.1250005, 1.8750002
[125][0][0], -1.0499988, 0.025001168, 1.0750011
[125][0][1], -0.7249989, -0.42499888, 0.1250011
[125][0][2], 3.0000012, 3.000001, 2.7250013
[126][0][0], 0.2750008, -0.22499922, -0.24999927
[126][0][1], 1.0250008, 0.9500008, 0.27500075
[126][0][2], 4.250001, 5.4250007, 4.5500007
[127][0][0], 2.700001, 2.7000008, 1.7500007
[127][0][1], 1.2500007, 0.6750008, -0.37499923
[127][0][2], 2.6750007, 2.425001, 1.3750007
[128][0][0], 1.2250011, 1.2750012, 1.1250011
[128][0][1], 2.0750012, 1.4000012, 0.7000012
[128][0][2], 3.7250009, 3.0750012, 2.0500011
[129][0][0], -2.6749997, -1.7249997, -0.4999996
[129][0][1], -0.7499996, -0.59999967, -0.074999645
[129][0][2], 2.5250003, 1.8500005, 1.0000004
[130][0][0], -2.0249991, -1.5249993, -0.17499925
[130][0][1], -1.0499992, -1.0749993, -0.37499923
[130][0][2], 1.3250009, 0.82500076, 0.45000076
[131][0][0], 0.40000004, 0.1749999, 0.8
[131][0][1], -0.52500004, -0.325, 0.44999996
[131][0][2], 1.025, 1.4000001, 1.5999999
[132][0][0], 3.4500008, 3.2500007, 2.7250009
[132][0][1], 3.750001, 3.4250007, 2.3500009
[132][0][2], 2.1250007, 2.6500008, 2.3250008
[133][0][0], 2.0000002, 1.5000004, 1.3000004
[133][0][1], 2.9750004, 2.3250003, 1.8250004
[133][0][2], 3.1750004, 3.3250005, 3.0000005
[134][0][0], 0.87500083, 0.30000073, 0.17500079
[134][0][1], 1.4750009, 0.7500007, 0.8250007
[134][0][2], 2.175001, 2.0250008, 2.3500006
[135][0][0], 1.8250018, 1.4250019, 1.4500018
[135][0][1], 0.60000193, 0.4250019, 0.9500019
[135][0][2], 1.8000019, 2.450002, 3.2750018
[136][0][0], 1.275001, 0.7250011, 0.8250011
[136][0][1], 2.250001, 1.1750011, 0.97500116
[136][0][2], 3.4250011, 3.1750011, 3.025001
[137][0][0], -0.074998856, -0.29999882, -0.14999884
[137][0][1], 1.1750011, 0.9500011, 1.3750012
[137][0][2], 1.1000012, 1.5500011, 2.475001
[138][0][0], 1.4000016, 0.42500156, -0.5999985
[138][0][1], 0.9500016, 0.7250015, 0.62500155
[138][0][2], -2.4249983, -1.5999985, 0.07500148
[139][0][0], 1.9250016, 1.4000016, 0.6750015
[139][0][1], -2.1749985, -3.2749984, -2.8749986
[139][0][2], -7.7249985, -8.624999, -6.499998
[140][0][0], -6.55, -9.25, -8.9
[140][0][1], -9.625, -13.2, -12.8
[140][0][2], -5.6749997, -6.925, -6.2750006
[141][0][0], -2.5249991, -5.874999, -7.374999
[141][0][1], 0.6250008, -1.8499992, -3.3499992
[141][0][2], 4.125001, 5.100001, 4.850001
[142][0][0], -0.7249988, -0.9749988, -0.5999988
[142][0][1], 0.100001216, 0.37500107, 1.7250011
[142][0][2], 2.200001, 3.075001, 4.050001
[143][0][0], -0.024998859, 1.4500012, 3.475001
[143][0][1], -0.72499883, 0.17500114, 2.100001
[143][0][2], 0.9500011, 1.4250011, 2.2250013
[144][0][0], 1.3000011, 1.8000011, 3.000001
[144][0][1], 2.025001, 2.900001, 3.9500012
[144][0][2], 3.7250009, 4.725001, 4.925001
[145][0][0], 3.5750008, 3.500001, 4.025001
[145][0][1], 6.125001, 6.600001, 7.3750005
[145][0][2], 6.2500005, 7.075001, 7.4750004
[146][0][0], 3.4250011, 3.0500011, 2.900001
[146][0][1], 5.125001, 5.550001, 6.200001
[146][0][2], 6.6000013, 7.725001, 8.325002
[147][0][0], -3.224999, -2.4499989, -0.9749989
[147][0][1], -0.24999893, 0.5000012, 2.3000011
[147][0][2], 4.9750013, 5.7250013, 6.8500013
[148][0][0], -3.6499982, -2.6999981, -1.549998
[148][0][1], -2.8999982, -1.4999981, 0.075001866
[148][0][2], 1.7750019, 3.2250018, 4.525002
[149][0][0], -2.5, -1.45, -0.9499999
[149][0][1], -3.6999998, -2.0, -1.05
[149][0][2], 0.52500004, 2.05, 2.65
[150][0][0], -0.9750001, -0.30000004, -0.17499995
[150][0][1], -1.6, -0.375, 0.22499996
[150][0][2], 1.425, 2.475, 2.6
[151][0][0], 1.0500003, 1.1500003, 0.8500004
[151][0][1], 0.10000038, 0.35000038, 0.47500038
[151][0][2], 1.2500004, 2.0250006, 2.3500004
[152][0][0], 4.9500017, 3.7000015, 2.9000013
[152][0][1], 4.1000013, 2.9750013, 1.9500015
[152][0][2], 4.100002, 3.8750017, 3.0750015
[153][0][0], 4.300001, 4.050001, 4.400001
[153][0][1], 4.4000006, 3.900001, 4.000001
[153][0][2], 4.9000015, 5.0250015, 4.975001
[154][0][0], 3.0000012, 2.4250011, 2.5250013
[154][0][1], 2.0750012, 1.9750011, 2.3000011
[154][0][2], 2.700001, 3.5500011, 3.850001
[155][0][0], 1.8250015, 3.0250015, 3.2000015
[155][0][1], 1.0000015, 3.1500015, 4.2750015
[155][0][2], 2.1250014, 3.6750016, 4.6250014
[156][0][0], -1.4999988, -0.94999886, 0.37500116
[156][0][1], 1.4750011, 1.6000011, 1.8500011
[156][0][2], 5.8500013, 5.225001, 3.975001
[157][0][0], 1.2500011, 1.9250011, 2.5500011
[157][0][1], 1.2000011, 1.7750013, 2.475001
[157][0][2], 3.350001, 3.625001, 3.4500012
[158][0][0], 2.325002, 1.3750019, 1.700002
[158][0][1], 1.775002, 1.3500019, 1.5000019
[158][0][2], 2.9250019, 3.2250018, 2.975002
[159][0][0], 3.0000012, 1.6750011, 1.2000011
[159][0][1], 0.9500012, 0.67500114, 1.050001
[159][0][2], 0.67500114, 1.150001, 1.5500011
[160][0][0], 1.6250015, 1.2750015, 0.85000145
[160][0][1], -1.1749985, -1.9249984, -1.5749985
[160][0][2], -1.4999985, -2.1999984, -1.6999984
[161][0][0], -0.19999924, 0.050000772, 0.7500007
[161][0][1], -2.9249992, -3.1999993, -2.3249993
[161][0][2], -3.3249993, -3.8999991, -3.2249992
[162][0][0], -2.624999, -1.8749989, -0.14999886
[162][0][1], -5.7749987, -5.374999, -3.2499986
[162][0][2], -4.724999, -4.1749988, -2.1749988
[163][0][0], -2.7749984, -1.8249985, 0.3750015
[163][0][1], -5.4749985, -4.3749986, -0.99999857
[163][0][2], -3.0749981, -2.1249986, 0.75000155
[164][0][0], -2.8999994, -2.3249993, -0.24999928
[164][0][1], -5.2749996, -4.474999, -1.7999992
[164][0][2], -1.2999992, -0.49999928, 1.0750008
[165][0][0], -2.1499991, -0.9749993, 0.70000076
[165][0][1], -2.9999993, -2.4999993, -1.3249993
[165][0][2], 1.3250008, 1.4750009, 1.5000007
[166][0][0], -0.7999988, -0.74999887, -0.29999882
[166][0][1], -2.224999, -2.6749988, -2.224999
[166][0][2], 1.2250012, 1.0000012, 1.4000012
[167][0][0], -1.2999985, -0.24999848, 1.3250015
[167][0][1], -1.6249985, -1.5499984, -0.64999837
[167][0][2], 3.5250015, 3.5000014, 3.2500014
[168][0][0], -3.1999989, -2.1999989, 0.12500113
[168][0][1], -1.3999989, -0.074998856, 2.7500012
[168][0][2], 6.425001, 8.800001, 11.350002
[169][0][0], -1.6999992, -2.0249994, -0.87499917
[169][0][1], 0.32500076, -0.17499922, 0.47500074
[169][0][2], 8.225, 8.05, 7.375001
[170][0][0], -2.0499992, -1.6249993, -0.3749992
[170][0][1], -0.92499924, -1.2499993, -0.6249993
[170][0][2], 3.300001, 3.1250007, 3.300001
[171][0][0], -3.974999, -3.1749988, -0.4999988
[171][0][1], -3.274999, -4.1499987, -2.4499989
[171][0][2], 1.5250012, 0.15000114, 0.42500114
[172][0][0], -4.4249988, -3.6749988, -1.0499989
[172][0][1], -5.099999, -5.449999, -3.149999
[172][0][2], -0.09999885, -1.3999989, -0.7249989
[173][0][0], -3.2749987, -1.5749989, 0.7250011
[173][0][1], -3.8499987, -3.674999, -2.0499988
[173][0][2], -0.19999884, -0.8249989, -0.6749989
[174][0][0], -4.124999, -1.3999989, 1.6000011
[174][0][1], -2.849999, -1.3749988, 1.1000012
[174][0][2], 1.5000011, 1.6500012, 2.375001
[175][0][0], 0.05000154, 2.1500015, 3.6250014
[175][0][1], 2.2250013, 3.7500017, 4.7250013
[175][0][2], 4.4500017, 4.850002, 4.7000017
[176][0][0], 5.3250012, 6.2000012, 6.250001
[176][0][1], 6.6000013, 7.275001, 6.8500013
[176][0][2], 5.550001, 6.1500015, 5.9750013
[177][0][0], 7.0500007, 7.1500006, 6.725001
[177][0][1], 7.6250005, 7.700001, 7.175001
[177][0][2], 6.600001, 7.000001, 6.8000007
[178][0][0], 5.750002, 5.275002, 5.225002
[178][0][1], 7.5500016, 7.0750017, 6.9500017
[178][0][2], 7.6000023, 7.950002, 7.7750015
[179][0][0], 2.0250003, 2.0750003, 3.2750003
[179][0][1], 2.9500005, 2.8750005, 3.6000004
[179][0][2], 4.5750003, 5.0750003, 5.15
[180][0][0], 0.6250019, -0.54999804, -0.12499809
[180][0][1], 0.40000188, -0.39999807, -0.12499809
[180][0][2], 1.2500019, 1.6250019, 2.025002
[181][0][0], -1.5249984, -1.2999986, -0.1999985
[181][0][1], -1.5499985, -0.77499837, 0.92500156
[181][0][2], 0.7250015, 2.2500014, 3.6500015
[182][0][0], -1.3749986, -0.49999845, 1.2250016
[182][0][1], -0.1999985, 0.8500016, 3.0500014
[182][0][2], 1.9500015, 2.8000016, 4.2000017
[183][0][0], 3.4000013, 4.100001, 4.8750014
[183][0][1], 1.0250012, 1.4500011, 2.4500012
[183][0][2], -0.4249989, 0.07500115, 1.1250012
[184][0][0], 2.0000005, 2.4500003, 2.3250005
[184][0][1], -0.32499957, 0.2750004, 0.9000004
[184][0][2], -1.9999995, -1.1499996, 3.7252903E-7
[185][0][0], 0.3000008, 0.6500008, 1.3750007
[185][0][1], -3.6749992, -3.6499994, -1.9249992
[185][0][2], -3.499999, -2.7749994, -0.3499992
[186][0][0], -1.9749985, -1.6249985, -0.17499848
[186][0][1], -4.9499984, -4.874998, -2.9499986
[186][0][2], -0.7999985, -0.5999985, 1.0250015
[187][0][0], -3.949998, -3.9749975, -1.8999976
[187][0][1], -4.7249975, -5.949998, -4.3999977
[187][0][2], 1.5250024, 0.025002286, 0.5250023
[188][0][0], -2.924999, -2.1749988, 0.10000104
[188][0][1], -3.0499988, -2.749999, -0.7499988
[188][0][2], 1.4500011, 1.3750011, 2.125001
[189][0][0], 1.3250011, 1.1750011, 1.6500012
[189][0][1], 2.0500011, 1.6000011, 1.8250012
[189][0][2], 4.550001, 4.7250013, 4.675001
[190][0][0], 4.2000012, 3.850001, 4.525001
[190][0][1], 4.875001, 4.650001, 5.500001
[190][0][2], 6.9500012, 7.750001, 8.625002
[191][0][0], 6.425, 6.75, 7.875
[191][0][1], 6.15, 6.3999996, 8.049999
[191][0][2], 6.425, 7.15, 8.9
[192][0][0], 7.2250004, 6.5, 6.3500004
[192][0][1], 8.200001, 7.8750005, 8.200001
[192][0][2], 8.2, 8.750001, 9.525
[193][0][0], 4.175002, 4.3250017, 4.875002
[193][0][1], 5.600002, 5.350002, 5.825002
[193][0][2], 7.0750017, 6.9000015, 6.900002
[194][0][0], 1.6250012, 0.8250012, 1.4250011
[194][0][1], 1.4750011, 0.025001168, -0.17499886
[194][0][2], 3.525001, 3.125001, 2.900001
[195][0][0], -1.8249989, -2.024999, -0.8999988
[195][0][1], -3.5499988, -4.074999, -2.9499989
[195][0][2], -0.84999883, -0.64999884, 0.32500112
[196][0][0], -3.874999, -2.1249988, 0.050001144
[196][0][1], -5.5249987, -3.8749988, -1.3999989
[196][0][2], -1.7249987, -0.12499887, 1.7750013
[197][0][0], -1.5749997, 0.42500043, 2.1750004
[197][0][1], -2.3499997, -0.5999996, 1.0000005
[197][0][2], 0.1500004, 0.9750004, 1.6750004
[198][0][0], 0.025000788, 1.7750008, 3.1000009
[198][0][1], -0.97499925, 0.5000007, 1.8000009
[198][0][2], 0.17500079, 0.90000075, 1.6250008
[199][0][0], 1.3500004, 1.9500005, 2.3500004
[199][0][1], 2.2250004, 2.5250006, 2.6750004
[199][0][2], 3.2250004, 3.5000005, 3.6250002
[200][0][0], 3.7000003, 3.8250003, 4.2000003
[200][0][1], 5.4750004, 5.675, 5.8
[200][0][2], 6.2250004, 7.3, 7.9000006
[201][0][0], 6.000001, 5.650001, 5.425001
[201][0][1], 8.025002, 7.750001, 7.250001
[201][0][2], 8.550001, 8.700001, 8.400002
[202][0][0], 6.000001, 6.2000012, 5.8250017
[202][0][1], 6.250001, 7.050001, 7.0250015
[202][0][2], 7.650001, 8.900002, 8.900002
[203][0][0], 4.575001, 3.3250003, 2.2250004
[203][0][1], 6.0250006, 4.325001, 2.5000005
[203][0][2], 7.7000003, 7.325001, 6.325001
[204][0][0], 0.7250023, -0.42499772, -0.72499776
[204][0][1], 2.4750023, 0.22500229, -1.1249977
[204][0][2], 5.7750025, 4.6250024, 3.6250021
[205][0][0], -2.8749988, -2.1999989, -0.72499883
[205][0][1], -3.0749989, -2.624999, -1.3999989
[205][0][2], 0.8250011, 1.3500012, 1.9750011
[206][0][0], -0.79999924, -0.49999925, 0.15000077
[206][0][1], -0.34999925, 0.10000077, 0.60000074
[206][0][2], 1.7500007, 2.3500006, 2.3750007
[207][0][0], 3.6500015, 2.6750016, 1.8500015
[207][0][1], 3.9250016, 3.7250016, 3.3250015
[207][0][2], 3.6000013, 4.0750017, 3.8750017
[208][0][0], 4.7250004, 3.5500004, 2.8500004
[208][0][1], 4.9500003, 3.3500004, 2.1500003
[208][0][2], 3.9250004, 3.2750003, 2.2750003
[209][0][0], 4.075001, 2.8000007, 2.1750007
[209][0][1], 2.4750009, 1.4000008, 1.0000007
[209][0][2], 1.9000007, 1.9750006, 2.2000008
[210][0][0], 1.9000008, 2.7000008, 3.8750007
[210][0][1], 1.8500007, 2.7000008, 3.3750005
[210][0][2], 2.7000008, 3.2500007, 2.925001
[211][0][0], 4.7500005, 4.7750006, 4.6500006
[211][0][1], 4.0500007, 3.5250006, 3.2250009
[211][0][2], 2.8500009, 2.575001, 2.2250006
[212][0][0], 2.8000016, 2.2750015, 2.7500014
[212][0][1], 2.0000014, 1.0750016, 1.3500015
[212][0][2], 1.1250014, 0.72500145, 1.1500015
[213][0][0], 2.4750004, 2.1750002, 2.1000004
[213][0][1], 2.1750004, 1.4500004, 1.1250004
[213][0][2], 1.8250003, 1.5750004, 1.4750005
[214][0][0], 2.4250016, 1.6250015, 1.4000015
[214][0][1], 2.4750013, 1.0250015, 0.20000152
[214][0][2], 3.0000014, 2.4250016, 1.7000015
[215][0][0], 1.6500003, 0.8750004, 0.45000035
[215][0][1], 1.2000004, -0.5249996, -1.2749996
[215][0][2], 1.8750004, 0.35000038, 0.05000037
[216][0][0], -0.67499924, -1.8499992, -2.3999991
[216][0][1], -2.4499993, -5.024999, -6.0999994
[216][0][2], -0.77499926, -3.3999991, -4.3249993
[217][0][0], -6.7249985, -7.374999, -6.674999
[217][0][1], -10.4, -11.524999, -10.274999
[217][0][2], -4.474999, -5.2999988, -4.074999
[218][0][0], -5.5499988, -3.2749991, -1.0749989
[218][0][1], -7.0499988, -6.299999, -4.349999
[218][0][2], -1.1999989, -1.6499989, -0.62499887
[219][0][0], -1.4749993, -1.2749991, -0.09999919
[219][0][1], 0.15000075, -0.49999923, 7.748604E-7
[219][0][2], 4.125001, 3.4250007, 3.1000006
[220][0][0], 0.9000016, 0.47500157, 0.9750015
[220][0][1], 1.3250016, -0.5249984, -0.6499984
[220][0][2], 3.6750016, 1.3000014, 0.4500015
[221][0][0], 0.12500036, 0.9500004, 1.8750004
[221][0][1], -3.1749997, -2.6499996, -0.49999964
[221][0][2], -2.0249996, -2.6999996, -0.97499955
[222][0][0], 1.2750001, 3.0000002, 4.25
[222][0][1], -2.6999998, -1.7249999, 0.32500002
[222][0][2], -2.0249999, -2.225, -0.525
[223][0][0], 1.6500001, 2.0, 2.85
[223][0][1], 0.725, 0.10000001, 1.1
[223][0][2], 3.0, 2.075, 2.8
[224][0][0], 0.80000114, 0.7000011, 1.3250011
[224][0][1], -0.39999884, -1.5749989, -0.64999884
[224][0][2], 1.150001, -0.57499886, -0.09999886
[225][0][0], -3.05, -1.9, 0.875
[225][0][1], -6.4749994, -7.325, -4.9750004
[225][0][2], -2.375, -5.35, -4.875
[226][0][0], -2.899999, -1.849999, -0.27499884
[226][0][1], -7.499999, -8.299999, -6.3749986
[226][0][2], -1.3999989, -3.8749988, -3.2249987
[227][0][0], -3.6999984, -4.1749983, -2.1499987
[227][0][1], -6.624999, -7.4499984, -4.4499984
[227][0][2], 0.25000155, -0.47499847, 1.7000015
[228][0][0], -4.25, -4.65, -2.675
[228][0][1], -6.125, -5.6499996, -2.425
[228][0][2], -0.19999993, 1.3499999, 4.35
[229][0][0], -2.9999988, -3.4999988, -2.249999
[229][0][1], -4.824999, -3.9249988, -0.34999886
[229][0][2], -0.27499884, 1.0750011, 4.4500012
[230][0][0], -1.6499985, -2.2249985, -1.7499985
[230][0][1], -3.0499985, -2.8249984, -0.5749985
[230][0][2], 1.6750015, 1.8750015, 3.9750016
[231][0][0], -3.8999987, -4.199999, -3.3499987
[231][0][1], -9.9, -10.099999, -7.099999
[231][0][2], -5.924999, -6.374999, -3.6749988
[232][0][0], -6.6499977, -4.3499985, -1.524998
[232][0][1], -13.849998, -10.774999, -5.399998
[232][0][2], -7.7749987, -6.499998, -2.5499983
[233][0][0], -6.649999, -2.9499989, 0.9250012
[233][0][1], -7.824999, -5.499999, -1.7249988
[233][0][2], 1.8750011, 1.1000011, 1.5500013
[234][0][0], -2.2249994, -0.89999926, 0.8750007
[234][0][1], -0.89999926, -1.1249992, -0.29999924
[234][0][2], 6.250001, 4.4000006, 3.4250011
[235][0][0], 0.8000015, -0.39999846, -0.69999856
[235][0][1], 1.9750015, -0.49999845, -1.1249985
[235][0][2], 5.3250017, 3.1750014, 2.3750014
[236][0][0], -0.5999996, -1.6249996, -1.7249995
[236][0][1], 1.8500004, -0.4749996, -1.2249997
[236][0][2], 4.3750005, 2.0750005, 1.2500005
[237][0][0], -1.4999988, -3.5249987, -3.8249986
[237][0][1], 0.12500116, -3.1749988, -4.1499987
[237][0][2], 2.9250011, 0.65000117, -0.07499887
[238][0][0], -4.0499997, -4.5999994, -3.3499997
[238][0][1], -4.9249997, -6.4249997, -5.3749995
[238][0][2], -0.39999962, -1.3999995, -0.97499967
[239][0][0], -3.399999, -2.3999987, -0.49999887
[239][0][1], -4.874999, -4.4249988, -2.149999
[239][0][2], 1.2500012, 1.2250011, 2.4750013
[240][0][0], -3.7999988, -1.0749989, 1.8500012
[240][0][1], -2.9499989, -1.5499989, 0.8250011
[240][0][2], 4.750001, 4.150001, 4.3250012
[241][0][0], -1.8499991, 0.20000112, 2.150001
[241][0][1], -0.17499894, 1.025001, 2.275001
[241][0][2], 4.8500013, 4.4500012, 4.3500013
[242][0][0], 2.9750013, 2.3000014, 1.7250016
[242][0][1], 4.7000017, 4.5000014, 4.2750015
[242][0][2], 5.7000017, 5.5000014, 5.2750015
[243][0][0], 3.475001, 2.6750011, 2.350001
[243][0][1], 5.4500012, 5.025001, 4.750001
[243][0][2], 4.1500015, 4.175001, 4.550001
[244][0][0], 0.050001144, -1.4749987, -1.8249989
[244][0][1], 2.900001, 0.55000114, -0.84999883
[244][0][2], 2.6750011, 1.7000012, 0.8250012
[245][0][0], -2.8999996, -2.7749996, -1.5499996
[245][0][1], -1.5499995, -2.1499999, -1.7749996
[245][0][2], 0.0500004, -0.29999962, -0.49999958
[246][0][0], -3.274999, -1.4749987, 0.55000114
[246][0][1], -2.1499987, -1.1499988, 0.1250011
[246][0][2], 0.35000113, 0.5750011, 0.9250012
[247][0][0], 1.3, 2.15, 2.7
[247][0][1], 2.65, 2.775, 2.225
[247][0][2], 2.875, 2.6, 1.7
[248][0][0], 3.4750018, 2.975002, 2.7250018
[248][0][1], 4.5750017, 3.750002, 2.875002
[248][0][2], 4.825002, 4.3250017, 3.250002
[249][0][0], 2.4000008, 2.4750009, 3.1750007
[249][0][1], 2.4500008, 2.6000006, 3.1750007
[249][0][2], 3.4750006, 3.7500007, 3.9750009
[250][0][0], 3.875001, 3.7000008, 3.6000009
[250][0][1], 3.125001, 2.9000008, 2.5000007
[250][0][2], 3.0750008, 3.425001, 3.1250007
[251][0][0], 3.6500015, 3.5250018, 3.2750015
[251][0][1], 3.6750014, 3.1750016, 2.4750013
[251][0][2], 2.7750015, 2.6250017, 2.1750016
[252][0][0], 2.4, 2.2, 2.3
[252][0][1], 1.6999999, 0.72499996, 0.325
[252][0][2], 2.625, 1.8249999, 1.325
[253][0][0], 1.8250008, 1.8250008, 1.9750009
[253][0][1], 1.9000008, 0.9500007, 0.25000077
[253][0][2], 2.5000007, 2.1750007, 1.7250007
[254][0][0], 1.2250012, 1.900001, 2.5000012
[254][0][1], 1.2750012, 1.2250012, 1.4750012
[254][0][2], 1.175001, 1.0000011, 1.0500011
[255][0][0], 0.8250004, 1.8000004, 2.6000004
[255][0][1], 0.8000004, 1.6750003, 2.2750006
[255][0][2], -0.4249996, 0.27500036, 0.9000004
[256][0][0], 2.6000016, 2.6750014, 3.1750014
[256][0][1], 0.05000153, 0.7250015, 1.5000015
[256][0][2], -3.1249986, -1.6999985, -0.5999985
[257][0][0], 4.5750003, 4.5750003, 4.7750006
[257][0][1], 0.35000044, 1.4500005, 2.8750005
[257][0][2], -4.2499995, -1.9749997, 0.57500035
[258][0][0], 4.5000014, 4.6500015, 5.1000013
[258][0][1], 1.3000016, 1.6250015, 2.7500017
[258][0][2], -2.2499986, -0.8499985, 1.0500015
[259][0][0], 3.9250011, 3.9500012, 4.525001
[259][0][1], 2.275001, 2.5000012, 3.250001
[259][0][2], -0.024998784, 0.90000117, 1.9750011
[260][0][0], 3.3500018, 2.9250019, 3.400002
[260][0][1], 1.825002, 1.5500019, 2.400002
[260][0][2], 0.80000204, 1.275002, 2.3000019
[261][0][0], 0.5250008, -0.14999923, 0.050000787
[261][0][1], -1.5999993, -2.1999993, -1.9249992
[261][0][2], -1.1249993, -1.1249993, -1.0249993
[262][0][0], -0.7499984, -1.8499985, -2.5749984
[262][0][1], -2.7999985, -2.9999986, -3.0999985
[262][0][2], -1.4249985, -0.09999849, 0.17500155
[263][0][0], -1.275, -0.9750001, -1.125
[263][0][1], -3.6499999, -4.3, -4.875
[263][0][2], -3.3999999, -4.2, -4.575
[264][0][0], -2.7999988, -2.2999988, -1.0749989
[264][0][1], -7.9749985, -8.099998, -6.399999
[264][0][2], -5.599999, -5.749999, -4.199999
[265][0][0], -3.4499996, -2.3999996, -0.3749997
[265][0][1], -4.5999994, -2.7999995, -0.32499966
[265][0][2], 0.50000036, 1.6250005, 2.7250004
[266][0][0], 0.5000008, -0.17499925, 0.02500078
[266][0][1], 0.27500084, 0.15000075, 0.9250007
[266][0][2], 3.9750009, 3.9250007, 4.400001
[267][0][0], 3.750002, 3.2250018, 3.025002
[267][0][1], 4.500002, 3.900002, 3.5750017
[267][0][2], 6.300002, 5.9000025, 5.3250017
[268][0][0], 4.0750017, 3.1750016, 3.1250014
[268][0][1], 5.1750016, 3.7500014, 3.4750016
[268][0][2], 7.125002, 6.725002, 6.225002
[269][0][0], 2.150001, 1.5500011, 1.8000011
[269][0][1], 2.0500011, 1.5250012, 2.150001
[269][0][2], 3.7250013, 4.050001, 4.850001
[270][0][0], 0.37500113, -0.17499885, 0.90000117
[270][0][1], 0.7750011, -0.24999884, 0.12500119
[270][0][2], 1.6500013, 0.85000116, 0.7500012
[271][0][0], -0.87499726, -1.6999974, -0.97499734
[271][0][1], -0.77499735, -1.6249974, -1.1999973
[271][0][2], -0.29999733, -0.9249973, -0.7999974
[272][0][0], 0.6000008, -0.4249992, -0.3249993
[272][0][1], -0.77499926, -1.4999992, -1.0749992
[272][0][2], -1.0999992, -1.4249992, -0.8999992
[273][0][0], 1.5000011, 0.10000116, -0.57499886
[273][0][1], -0.57499886, -1.849999, -2.0749989
[273][0][2], -2.5749989, -3.274999, -2.9499989
[274][0][0], 2.0000007, 0.9000008, 0.85000074
[274][0][1], -2.3999991, -3.9749994, -3.2499993
[274][0][2], -4.3499994, -5.574999, -4.024999
[275][0][0], 0.4250011, 0.32500112, 1.2000012
[275][0][1], -3.5499988, -3.1249986, -1.3499988
[275][0][2], -4.824999, -4.0499988, -1.8749987
[276][0][0], -1.3999988, -0.69999886, 0.92500114
[276][0][1], -4.6749988, -4.224999, -2.0749989
[276][0][2], -4.8999987, -4.4999986, -2.3499987
[277][0][0], -0.32499924, 0.52500075, 1.6250007
[277][0][1], -4.1999993, -3.1749992, -1.1749991
[277][0][2], -5.524999, -4.624999, -2.1749992
[278][0][0], 3.5762787E-7, 1.1000004, 2.6500003
[278][0][1], -2.6749997, -1.9749995, -0.3249996
[278][0][2], -4.5999994, -3.9749997, -1.9499997
[279][0][0], 0.7250016, 0.37500152, 0.8500016
[279][0][1], -1.5749985, -0.6499985, 1.0750015
[279][0][2], -3.3249984, -1.5499985, 0.87500155
[280][0][0], 0.9750023, 0.7500023, 0.9750023
[280][0][1], -1.9749978, -1.7749977, -0.6249977
[280][0][2], -2.8249977, -1.4749978, 0.4000023
[281][0][0], 1.2750012, 0.7250011, 0.20000115
[281][0][1], -1.2999989, -1.3249989, -1.6499989
[281][0][2], -1.7499988, -0.52499884, -0.09999885
[282][0][0], 1.8500011, 1.0000012, 0.050001144
[282][0][1], -1.3999989, -1.9999988, -2.2499988
[282][0][2], -1.9249989, -1.7749989, -1.4749988
[283][0][0], 2.2500014, 1.3750015, 0.8500015
[283][0][1], -0.29999846, -1.0749984, -0.94999844
[283][0][2], -2.4999986, -3.1499984, -2.5999985
[284][0][0], 2.7000012, 2.7500012, 2.4250011
[284][0][1], -0.09999885, 0.20000117, 0.7500012
[284][0][2], -4.999999, -4.5249987, -3.1499991
[285][0][0], 2.6500013, 2.400001, 1.9500012
[285][0][1], -1.3499988, -1.4999988, -0.89999884
[285][0][2], -7.774999, -7.0499988, -4.574999
[286][0][0], 0.60000074, 1.0000008, 1.3500009
[286][0][1], -5.899999, -4.624999, -3.3749993
[286][0][2], -10.849999, -8.099998, -5.574999
[287][0][0], 0.07500079, 0.17500074, 0.90000075
[287][0][1], -4.924999, -4.1499996, -3.0499992
[287][0][2], -6.7249994, -4.799999, -3.5249991
[288][0][0], 0.45000118, -0.2249989, -0.12499881
[288][0][1], -4.324999, -3.9499986, -3.1249986
[288][0][2], -4.9249988, -3.199999, -1.9499989
[289][0][0], 2.300001, 1.5750008, 1.1000007
[289][0][1], -2.8249993, -2.749999, -2.3499992
[289][0][2], -4.299999, -2.999999, -1.7249992
[290][0][0], 3.975001, 2.0000012, -0.024998903
[290][0][1], -0.5499989, -0.84999883, -1.3999989
[290][0][2], -2.4999988, -0.9999988, -0.14999884
[291][0][0], 4.1500015, 2.6000016, 1.5250015
[291][0][1], 0.12500152, -0.7749985, -1.1499984
[291][0][2], -2.7999985, -2.5499985, -2.4499984
[292][0][0], 4.675001, 3.4000015, 2.0250015
[292][0][1], 2.7000015, 1.7250015, 0.4000015
[292][0][2], -1.2249985, -1.2999985, -1.7999985
[293][0][0], 1.6750023, 1.8500023, 1.8000023
[293][0][1], 0.32500228, 0.2500023, 0.6000023
[293][0][2], -2.6249976, -3.1249976, -2.5249977
[294][0][0], -1.1499984, -0.34999847, 1.1000015
[294][0][1], -3.3999984, -4.2249985, -3.1499984
[294][0][2], -4.524998, -5.8249984, -5.074999
[295][0][0], -2.8749995, -2.3749998, -1.0499996
[295][0][1], -6.5249996, -7.0, -5.4999995
[295][0][2], -5.8749995, -6.5499997, -5.549999
[296][0][0], -1.3249997, -2.4249995, -2.3999996
[296][0][1], -3.4499996, -4.7999997, -5.0249996
[296][0][2], -0.8249996, -1.0499995, -1.2749996
[297][0][0], 3.875, 1.3499999, -0.85
[297][0][1], 3.65, 2.125, 0.52500004
[297][0][2], 2.675, 3.3000002, 3.55
[298][0][0], 3.2500007, 1.2750008, 7.5250864E-7
[298][0][1], 3.4750009, 1.5500009, -0.124999255
[298][0][2], 1.6000009, 1.1000007, 0.65000075
[299][0][0], 5.0250006, 2.8750007, 0.77500075
[299][0][1], 4.125001, 1.6250007, -0.72499925
[299][0][2], 2.500001, 1.3000008, 0.47500077
[300][0][0], 1.35, 0.15, -0.6750001
[300][0][1], 3.0, 1.275, -0.325
[300][0][2], 2.475, 1.825, 1.2
[301][0][0], -1.7749996, -2.7249997, -2.8499997
[301][0][1], -0.049999595, -1.3499997, -1.7499995
[301][0][2], 1.3500004, 0.5250004, 0.05000037
[302][0][0], -3.1000001, -3.6999998, -3.8000002
[302][0][1], -1.4, -2.425, -2.8750002
[302][0][2], 1.575, 0.8, -0.125
[303][0][0], -2.3749993, -3.2749991, -3.974999
[303][0][1], -1.3249992, -2.9249992, -4.474999
[303][0][2], 0.12500077, -0.59999925, -1.8499993
[304][0][0], 0.07500157, -0.49999848, -0.049998492
[304][0][1], -1.2249985, -2.9499984, -3.4499984
[304][0][2], -1.8249986, -3.1749985, -3.5999985
[305][0][0], 0.80000114, -0.5499989, -1.0999988
[305][0][1], -0.19999887, -2.099999, -3.0749989
[305][0][2], -0.9249989, -1.6749989, -1.849999
[306][0][0], 1.7000012, 1.2000011, 1.4000012
[306][0][1], 0.15000117, -1.1249988, -1.224999
[306][0][2], -1.0999988, -1.6499989, -1.2999988
[307][0][0], 3.5000012, 2.650001, 2.2000012
[307][0][1], 3.100001, 1.8250012, 0.97500116
[307][0][2], 0.85000116, 0.5750012, 0.5750011
[308][0][0], 5.9500017, 4.2250013, 2.7000017
[308][0][1], 4.5500016, 2.9500017, 1.7500015
[308][0][2], 1.7000015, 1.5000015, 1.7000015
[309][0][0], 3.2500014, 2.6250014, 1.7000016
[309][0][1], 3.3000016, 2.8000016, 1.6250014
[309][0][2], 1.5500015, 1.5000015, 0.70000154
[310][0][0], 2.0750008, 0.90000075, -0.6999993
[310][0][1], 0.45000076, 0.07500077, -0.79999924
[310][0][2], -0.67499924, -0.049999237, -0.07499923
[311][0][0], -0.9999993, -2.0499992, -3.324999
[311][0][1], 0.7500008, -1.0249993, -2.7749994
[311][0][2], 1.7750008, 1.0000007, -0.12499924
[312][0][0], -3.5999985, -4.7749987, -5.0999985
[312][0][1], -0.3999984, -2.3749986, -3.4749985
[312][0][2], 1.4500016, 0.100001514, -0.94999844
[313][0][0], -4.1749983, -4.024998, -3.9749982
[313][0][1], -1.6499982, -2.174998, -2.124998
[313][0][2], 1.9073486E-6, -0.8249981, -0.89999807
[314][0][0], -4.674999, -3.6749988, -2.899999
[314][0][1], -2.9749987, -1.8249987, -1.2749989
[314][0][2], -2.274999, -1.1999989, -0.8999988
[315][0][0], -1.7249993, -1.5499994, -1.7999992
[315][0][1], -1.7249992, -1.0249993, -1.1999992
[315][0][2], -3.874999, -2.3999991, -1.7249993
[316][0][0], 2.3, 1.875, 0.7
[316][0][1], 0.825, 0.375, -0.5749999
[316][0][2], -3.25, -2.8000002, -2.4499998
[317][0][0], 4.6750007, 2.4000003, -0.2749996
[317][0][1], 2.5500002, 1.5500004, 0.2500004
[317][0][2], -1.7999996, -1.2499996, -0.67499965
[318][0][0], 3.1250005, 1.6000007, -0.4499992
[318][0][1], 2.1500008, 1.6750007, 0.6750008
[318][0][2], -1.1999992, -0.47499925, 0.07500076
[319][0][0], 0.8750005, 0.87500036, -0.89999974
[319][0][1], 1.0250003, 1.0000005, -0.29999962
[319][0][2], -0.49999964, 0.025000393, -0.12499967
[320][0][0], 1.7250011, 1.1750011, 0.2500012
[320][0][1], 1.4250011, 1.0000012, -0.04999888
[320][0][2], 1.8750012, 2.500001, 2.1000013
[321][0][0], 4.500001, 3.3750012, 1.6000011
[321][0][1], 4.7000012, 3.8000011, 2.1250012
[321][0][2], 3.350001, 3.7000012, 3.3000011
[322][0][0], 6.0250015, 5.3250012, 3.1750014
[322][0][1], 5.0750012, 4.7000012, 2.775001
[322][0][2], 4.0000014, 4.3500013, 3.225001
[323][0][0], 2.6500008, 2.3000007, 1.3500007
[323][0][1], 2.2000008, 1.6000007, 0.35000077
[323][0][2], 4.4250007, 3.9000006, 2.1750007
[324][0][0], 3.675, 3.4750001, 2.6000001
[324][0][1], 4.025, 2.75, 1.05
[324][0][2], 4.95, 3.3, 1.5250001
[325][0][0], 3.2250009, 2.8000007, 2.1000009
[325][0][1], 3.8500006, 2.950001, 1.7250009
[325][0][2], 4.125001, 3.3500009, 2.1000009
[326][0][0], 1.8000015, 1.3500016, 0.8500015
[326][0][1], 2.2250016, 1.9500015, 1.0500015
[326][0][2], 3.3500013, 3.2250016, 2.2500014
[327][0][0], 1.5250012, 1.6000011, -0.32499886
[327][0][1], 1.3000011, 0.92500114, -1.0499989
[327][0][2], 1.6000011, 1.4750011, 0.62500113
[328][0][0], -0.2999992, -0.44999924, -1.6749992
[328][0][1], -0.27499923, -0.27499923, -1.1249993
[328][0][2], 0.60000074, 1.3000008, 1.5000007
[329][0][0], 0.10000041, 0.35000038, -0.24999964
[329][0][1], 0.35000038, 0.025000378, -0.9249996
[329][0][2], 0.5500003, 1.1250005, 0.7000004
[330][0][0], -0.2749993, -0.27499926, -1.0999993
[330][0][1], -0.17499924, -0.19999924, -1.0999992
[330][0][2], -0.5249992, 0.47500077, 0.30000073
[331][0][0], 1.7500007, 1.5750006, 0.5500008
[331][0][1], 0.82500076, 1.1000007, -0.024999239
[331][0][2], -2.8249993, -0.7499993, -0.34999925
[332][0][0], 1.3500011, -0.074998796, -1.6499988
[332][0][1], 2.025001, 1.1000012, -0.074998796
[332][0][2], -0.04999888, 0.7000011, 1.275001
[333][0][0], 4.2500005, 2.6500006, 0.7000004
[333][0][1], 4.1500006, 3.2250004, 1.5500003
[333][0][2], 1.2500005, 1.4750004, 1.0000004
[334][0][0], 3.2500005, 1.8750007, -0.024999239
[334][0][1], 2.5000007, 1.3000008, -0.64999926
[334][0][2], 1.6250007, 1.6000009, 0.65000075
[335][0][0], 0.45000148, -0.57499856, -1.8499985
[335][0][1], 1.2000015, 0.15000153, -1.4749985
[335][0][2], 2.5250015, 2.4500015, 1.3250015
[336][0][0], 2.3000002, 1.2250004, -0.12499961
[336][0][1], 1.6250002, 0.2500004, -1.1249996
[336][0][2], 3.0500007, 2.4500003, 1.5500003
[337][0][0], 3.2500014, 1.5250015, -0.9999984
[337][0][1], 2.3250015, 1.3000015, -0.2749985
[337][0][2], 2.3750014, 2.2250016, 1.6750015
[338][0][0], 2.775002, 1.6750019, -0.44999808
[338][0][1], 1.925002, 0.95000196, -0.54999804
[338][0][2], 1.8750019, 1.1250019, 0.6500019
[339][0][0], 2.4499998, 1.625, -0.17500001
[339][0][1], 1.925, 1.425, -0.049999997
[339][0][2], 1.35, 1.9750001, 1.8249999
[340][0][0], 4.4000015, 2.6000013, 0.45000154
[340][0][1], 2.7000017, 1.5000015, -0.14999847
[340][0][2], 0.67500156, 1.1500015, 1.1500015
[341][0][0], 1.5750003, -0.82499963, -2.5249996
[341][0][1], 3.1000006, 0.9250003, -1.2499995
[341][0][2], 4.825001, 4.2250004, 2.7500005
[342][0][0], 3.7250006, 1.2000008, -1.9249994
[342][0][1], 2.5500007, 0.6750008, -1.9749992
[342][0][2], 3.4000008, 3.1750007, 1.8500007
[343][0][0], 4.550001, 2.1250012, -0.6249988
[343][0][1], 3.525001, 1.400001, -1.0499989
[343][0][2], 3.325001, 3.3000011, 2.3250012
[344][0][0], 5.325, 3.15, -0.22500002
[344][0][1], 4.875, 3.175, 0.19999996
[344][0][2], 3.6750002, 3.65, 2.4
[345][0][0], 5.1, 3.875, 1.0
[345][0][1], 4.45, 3.475, 1.05
[345][0][2], 3.575, 3.9250002, 2.9750001
[346][0][0], 5.450001, 3.8500006, 0.97500074
[346][0][1], 3.7250009, 2.2500007, -0.24999923
[346][0][2], 3.3000007, 3.2250006, 2.1750007
[347][0][0], 6.9249997, 5.375, 2.575
[347][0][1], 5.375, 3.6249998, 0.75
[347][0][2], 3.5249999, 2.85, 1.1999999
[348][0][0], 5.425, 4.0750003, 1.625
[348][0][1], 3.225, 2.125, -0.10000001
[348][0][2], 1.65, 1.5999999, 0.45
[349][0][0], 3.175, 3.2250001, 1.4749999
[349][0][1], 1.775, 1.1999999, -0.375
[349][0][2], 0.375, -0.075, -0.525
[350][0][0], 6.0, 5.15, 2.55
[350][0][1], 2.3249998, 1.4750001, -0.4
[350][0][2], 0.175, 0.19999997, -3.7252903E-9
[351][0][0], 6.575, 5.675, 3.75
[351][0][1], 4.2000003, 3.125, 1.375
[351][0][2], 1.8999999, 2.075, 1.775
[352][0][0], 5.95, 4.8750005, 2.625
[352][0][1], 4.2000003, 3.35, 1.6
[352][0][2], 2.75, 2.975, 2.475
[353][0][0], 3.5749998, 1.0, -2.275
[353][0][1], 3.1750002, 0.35, -2.8000002
[353][0][2], 2.475, 1.275, -0.075
[354][0][0], 3.0750008, 1.1750008, -1.7249993
[354][0][1], 2.6000006, 0.35000077, -2.7749994
[354][0][2], 2.125001, 0.70000076, -1.0999992
[355][0][0], 2.0000012, 0.3000011, -1.2999988
[355][0][1], 1.9750012, -0.47499886, -2.5749989
[355][0][2], 3.3750012, 1.7500011, 0.07500118
[356][0][0], 2.175002, 0.55000186, -0.9999981
[356][0][1], 1.2250019, -0.2499981, -1.7249981
[356][0][2], 1.5500019, 1.6750019, 1.0000019
[357][0][0], 2.4000003, 1.1000004, -0.49999964
[357][0][1], 0.62500036, -0.37499964, -1.3499997
[357][0][2], 0.025000364, 0.42500037, 0.42500037
[358][0][0], 3.5500011, 2.500001, 0.55000114
[358][0][1], 2.375001, 1.1000011, -0.8999988
[358][0][2], 0.50000113, 0.32500118, -0.12499887
[359][0][0], 3.1000009, 2.450001, 0.87500113
[359][0][1], 3.5000012, 1.4000012, -1.2499988
[359][0][2], 2.7000012, 2.1250012, 1.1250012
[360][0][0], 4.675, 2.4000003, -1.0749996
[360][0][1], 3.4750004, 1.1500003, -1.6999997
[360][0][2], 2.3250003, 1.7000004, 0.62500036
[361][0][0], 4.1250005, 3.8250003, 1.3500004
[361][0][1], 2.4250004, 1.5250003, -0.6249996
[361][0][2], 2.5750003, 2.3500004, 1.3500004
[362][0][0], 4.0250006, 4.2250004, 2.8000007
[362][0][1], 0.6250008, -0.22499922, -1.6749992
[362][0][2], 1.1000007, 0.8000008, 0.12500076
[363][0][0], 3.6000016, 2.9250014, 0.75000155
[363][0][1], 0.9750015, 1.513958E-6, -1.4999985
[363][0][2], 0.5000015, 0.20000151, -0.2499985
[364][0][0], 3.7500012, 2.9500012, 1.0250012
[364][0][1], 2.0500011, 0.52500117, -1.8999988
[364][0][2], 1.0500011, 0.45000115, -0.92499876
[365][0][0], 3.7500005, 1.6250004, -1.0999997
[365][0][1], 2.3500004, 0.27500036, -2.0249996
[365][0][2], 0.65000033, 0.1750004, -0.4749996

uwnd.time[366]
1928472.0, 1928496.0, 1928520.0, 1928544.0, 1928568.0, 1928592.0, 1928616.0, 1928640.0, 1928664.0, 1928688.0, 1928712.0, 1928736.0, 1928760.0, 1928784.0, 1928808.0, 1928832.0, 1928856.0, 1928880.0, 1928904.0, 1928928.0, 1928952.0, 1928976.0, 1929000.0, 1929024.0, 1929048.0, 1929072.0, 1929096.0, 1929120.0, 1929144.0, 1929168.0, 1929192.0, 1929216.0, 1929240.0, 1929264.0, 1929288.0, 1929312.0, 1929336.0, 1929360.0, 1929384.0, 1929408.0, 1929432.0, 1929456.0, 1929480.0, 1929504.0, 1929528.0, 1929552.0, 1929576.0, 1929600.0, 1929624.0, 1929648.0, 1929672.0, 1929696.0, 1929720.0, 1929744.0, 1929768.0, 1929792.0, 1929816.0, 1929840.0, 1929864.0, 1929888.0, 1929912.0, 1929936.0, 1929960.0, 1929984.0, 1930008.0, 1930032.0, 1930056.0, 1930080.0, 1930104.0, 1930128.0, 1930152.0, 1930176.0, 1930200.0, 1930224.0, 1930248.0, 1930272.0, 1930296.0, 1930320.0, 1930344.0, 1930368.0, 1930392.0, 1930416.0, 1930440.0, 1930464.0, 1930488.0, 1930512.0, 1930536.0, 1930560.0, 1930584.0, 1930608.0, 1930632.0, 1930656.0, 1930680.0, 1930704.0, 1930728.0, 1930752.0, 1930776.0, 1930800.0, 1930824.0, 1930848.0, 1930872.0, 1930896.0, 1930920.0, 1930944.0, 1930968.0, 1930992.0, 1931016.0, 1931040.0, 1931064.0, 1931088.0, 1931112.0, 1931136.0, 1931160.0, 1931184.0, 1931208.0, 1931232.0, 1931256.0, 1931280.0, 1931304.0, 1931328.0, 1931352.0, 1931376.0, 1931400.0, 1931424.0, 1931448.0, 1931472.0, 1931496.0, 1931520.0, 1931544.0, 1931568.0, 1931592.0, 1931616.0, 1931640.0, 1931664.0, 1931688.0, 1931712.0, 1931736.0, 1931760.0, 1931784.0, 1931808.0, 1931832.0, 1931856.0, 1931880.0, 1931904.0, 1931928.0, 1931952.0, 1931976.0, 1932000.0, 1932024.0, 1932048.0, 1932072.0, 1932096.0, 1932120.0, 1932144.0, 1932168.0, 1932192.0, 1932216.0, 1932240.0, 1932264.0, 1932288.0, 1932312.0, 1932336.0, 1932360.0, 1932384.0, 1932408.0, 1932432.0, 1932456.0, 1932480.0, 1932504.0, 1932528.0, 1932552.0, 1932576.0, 1932600.0, 1932624.0, 1932648.0, 1932672.0, 1932696.0, 1932720.0, 1932744.0, 1932768.0, 1932792.0, 1932816.0, 1932840.0, 1932864.0, 1932888.0, 1932912.0, 1932936.0, 1932960.0, 1932984.0, 1933008.0, 1933032.0, 1933056.0, 1933080.0, 1933104.0, 1933128.0, 1933152.0, 1933176.0, 1933200.0, 1933224.0, 1933248.0, 1933272.0, 1933296.0, 1933320.0, 1933344.0, 1933368.0, 1933392.0, 1933416.0, 1933440.0, 1933464.0, 1933488.0, 1933512.0, 1933536.0, 1933560.0, 1933584.0, 1933608.0, 1933632.0, 1933656.0, 1933680.0, 1933704.0, 1933728.0, 1933752.0, 1933776.0, 1933800.0, 1933824.0, 1933848.0, 1933872.0, 1933896.0, 1933920.0, 1933944.0, 1933968.0, 1933992.0, 1934016.0, 1934040.0, 1934064.0, 1934088.0, 1934112.0, 1934136.0, 1934160.0, 1934184.0, 1934208.0, 1934232.0, 1934256.0, 1934280.0, 1934304.0, 1934328.0, 1934352.0, 1934376.0, 1934400.0, 1934424.0, 1934448.0, 1934472.0, 1934496.0, 1934520.0, 1934544.0, 1934568.0, 1934592.0, 1934616.0, 1934640.0, 1934664.0, 1934688.0, 1934712.0, 1934736.0, 1934760.0, 1934784.0, 1934808.0, 1934832.0, 1934856.0, 1934880.0, 1934904.0, 1934928.0, 1934952.0, 1934976.0, 1935000.0, 1935024.0, 1935048.0, 1935072.0, 1935096.0, 1935120.0, 1935144.0, 1935168.0, 1935192.0, 1935216.0, 1935240.0, 1935264.0, 1935288.0, 1935312.0, 1935336.0, 1935360.0, 1935384.0, 1935408.0, 1935432.0, 1935456.0, 1935480.0, 1935504.0, 1935528.0, 1935552.0, 1935576.0, 1935600.0, 1935624.0, 1935648.0, 1935672.0, 1935696.0, 1935720.0, 1935744.0, 1935768.0, 1935792.0, 1935816.0, 1935840.0, 1935864.0, 1935888.0, 1935912.0, 1935936.0, 1935960.0, 1935984.0, 1936008.0, 1936032.0, 1936056.0, 1936080.0, 1936104.0, 1936128.0, 1936152.0, 1936176.0, 1936200.0, 1936224.0, 1936248.0, 1936272.0, 1936296.0, 1936320.0, 1936344.0, 1936368.0, 1936392.0, 1936416.0, 1936440.0, 1936464.0, 1936488.0, 1936512.0, 1936536.0, 1936560.0, 1936584.0, 1936608.0, 1936632.0, 1936656.0, 1936680.0, 1936704.0, 1936728.0, 1936752.0, 1936776.0, 1936800.0, 1936824.0, 1936848.0, 1936872.0, 1936896.0, 1936920.0, 1936944.0, 1936968.0, 1936992.0, 1937016.0, 1937040.0, 1937064.0, 1937088.0, 1937112.0, 1937136.0, 1937160.0, 1937184.0, 1937208.0, 1937232.0

uwnd.level[1]
850.0

uwnd.lat[3]
27.5, 25.0, 22.5

uwnd.lon[3]
85.0, 87.5, 90.0


