Dataset {
    Grid {
     ARRAY:
        Float32 vwnd[time = 366][level = 1][lat = 3][lon = 3];
     MAPS:
        Float64 time[time = 366];
        Float32 level[level = 1];
        Float32 lat[lat = 3];
        Float32 lon[lon = 3];
    } vwnd;
} Datasets/ncep.reanalysis.dailyavgs/pressure/vwnd.2024.nc;
---------------------------------------------
vwnd.vwnd[366][1][3][3]
[0][0][0], 0.80000114, 0.80000114, 0.22500114
[0][0][1], -1.9999988, -1.8249989, -1.1499989
[0][0][2], -4.5499988, -4.749999, -2.899999
[1][0][0], 0.32500154, -0.5999985, -1.1749985
[1][0][1], -1.6999985, -2.5999985, -2.1249986
[1][0][2], -4.3749986, -5.624999, -3.9999986
[2][0][0], -1.0499989, -1.9249989, -1.6499989
[2][0][1], -2.724999, -3.0749989, -1.6499989
[2][0][2], -4.699999, -4.849999, -2.249999
[3][0][0], -1.7749989, -3.0249987, -2.3249989
[3][0][1], -3.3999987, -4.2749987, -2.5499988
[3][0][2], -4.9249988, -5.674999, -3.2249987
[4][0][0], -1.1999989, -3.1749988, -3.0749989
[4][0][1], -2.249999, -4.599999, -4.1749988
[4][0][2], -2.724999, -5.124999, -4.474999
[5][0][0], -1.2999997, -2.8999996, -2.5999997
[5][0][1], -0.72499967, -3.1749997, -3.6999996
[5][0][2], -0.3499996, -3.6999996, -4.95
[6][0][0], -0.7749996, -2.2499995, -3.5749993
[6][0][1], -1.2249997, -2.3749995, -3.1249998
[6][0][2], -2.3749995, -3.9499996, -4.3749995
[7][0][0], -1.9, -2.3249998, -2.5749998
[7][0][1], -2.425, -3.1750002, -3.075
[7][0][2], -2.775, -4.525, -4.6499996
[8][0][0], 0.12500077, -0.5749993, -0.59999925
[8][0][1], -3.3999991, -4.224999, -3.5999992
[8][0][2], -6.374999, -7.6999993, -6.774999
[9][0][0], 0.125, -0.37499997, -1.5
[9][0][1], -1.2, -2.5000002, -3.6
[9][0][2], -4.15, -6.9, -8.200001
[10][0][0], -2.024999, -1.3249989, -1.8249987
[10][0][1], -1.8499988, -1.7249988, -2.399999
[10][0][2], -2.9999988, -4.6499987, -5.8999987
[11][0][0], -2.8249998, -1.6249995, -1.7749996
[11][0][1], -3.3499997, -2.5499997, -2.3249996
[11][0][2], -4.6, -5.1249995, -4.8499994
[12][0][0], -3.0249996, -2.2499998, -1.1249995
[12][0][1], -4.95, -4.2999997, -2.2499998
[12][0][2], -5.8749995, -6.5999994, -4.5
[13][0][0], -0.9499997, -0.09999958, 0.90000033
[13][0][1], -2.4749997, -1.7249997, -0.024999648
[13][0][2], -4.3499994, -4.35, -1.6499996
[14][0][0], 0.39999998, 0.2, 0.37499994
[14][0][1], -1.375, -1.125, 0.099999964
[14][0][2], -3.2, -3.25, -0.825
[15][0][0], 2.1500015, 0.65000147, 0.07500154
[15][0][1], 0.27500156, -0.9749985, -1.0749985
[15][0][2], -0.99999845, -1.9749985, -1.5499985
[16][0][0], 1.1000015, -0.099998474, 1.5497208E-6
[16][0][1], 1.4750016, -0.12499848, -0.7249984
[16][0][2], 1.4500015, -0.7749985, -1.9749985
[17][0][0], 0.55000037, 0.6500004, 0.1500004
[17][0][1], 1.8750005, 1.5750004, 0.025000371
[17][0][2], 2.0250003, 0.9000004, -1.1499996
[18][0][0], 0.25000188, 0.20000196, -0.5249981
[18][0][1], 0.57500196, 1.937151E-6, -1.3249981
[18][0][2], 0.3750019, -1.6999981, -3.4499981
[19][0][0], 1.5500015, 1.1500015, 1.1250015
[19][0][1], -0.5999985, -1.6999984, -1.7999985
[19][0][2], -1.0499985, -3.3249984, -4.0249987
[20][0][0], -1.0249996, -0.9499996, -0.8499996
[20][0][1], -1.6999996, -1.5249996, -1.0249996
[20][0][2], -1.5749996, -2.5749996, -2.7749996
[21][0][0], 0.1750012, -0.674999, -1.9249988
[21][0][1], -2.0499988, -2.999999, -3.3249989
[21][0][2], -1.9249988, -3.8249989, -4.124999
[22][0][0], 1.3000001, 0.5500001, -0.7
[22][0][1], -0.050000012, -1.025, -1.875
[22][0][2], -0.27500004, -2.575, -3.625
[23][0][0], 1.6500001, 1.375, 0.049999982
[23][0][1], 0.77500004, 0.17500001, -1.575
[23][0][2], 1.425, 0.525, -1.3
[24][0][0], 1.2750022, -0.19999772, -1.3999977
[24][0][1], -0.3499977, -1.2249978, -1.4999977
[24][0][2], -1.3249978, -1.1749977, -0.19999772
[25][0][0], 0.4000004, -0.22499959, -0.4749996
[25][0][1], -1.6249995, -1.8249996, -1.1999996
[25][0][2], -2.7999997, -2.7999997, -1.3499997
[26][0][0], -0.17499998, 0.275, -0.14999995
[26][0][1], -2.2, -1.9000001, -1.875
[26][0][2], -4.8, -4.875, -3.875
[27][0][0], -0.37499967, -0.69999963, -0.7749996
[27][0][1], -1.4499997, -2.2999995, -2.2999995
[27][0][2], -3.3249993, -4.5749993, -3.8499997
[28][0][0], 1.6000004, 0.2750004, -0.9999996
[28][0][1], 0.30000037, -1.1499996, -2.2749996
[28][0][2], -1.6749997, -3.1499996, -3.5749993
[29][0][0], 0.80000156, 1.1750015, 0.40000153
[29][0][1], 0.9000015, 1.1750015, -0.09999851
[29][0][2], -0.07499847, -0.67499846, -2.1749985
[30][0][0], 1.725, 1.775, 1.7
[30][0][1], 1.3499999, 1.7249999, 0.925
[30][0][2], 1.575, 1.075, -0.65
[31][0][0], 3.625, 3.675, 2.925
[31][0][1], 0.79999995, 1.2249999, 0.975
[31][0][2], 0.49999997, -0.099999964, -0.62499994
[32][0][0], -0.70000005, 2.1, 4.1
[32][0][1], -2.4750001, 0.22500001, 1.95
[32][0][2], -3.025, -1.4000001, -0.55
[33][0][0], -2.749999, -2.2999992, -0.7749992
[33][0][1], -3.2499993, -2.5749993, -0.97499925
[33][0][2], -3.5749993, -3.1249993, -1.8249993
[34][0][0], -0.7999996, -0.9499996, -0.024999589
[34][0][1], -4.4499993, -3.8499997, -1.7999996
[34][0][2], -6.2499995, -5.8499994, -3.3999996
[35][0][0], 2.0250008, 1.5000008, 1.4000008
[35][0][1], 0.52500075, 0.22500077, -0.19999927
[35][0][2], -0.6249992, -1.5999992, -2.5499992
[36][0][0], 1.2500007, 1.7250009, 1.8000008
[36][0][1], -0.6249992, 0.6750007, 1.3250008
[36][0][2], -1.0249993, -0.07499921, 0.3750008
[37][0][0], 0.02500076, 0.6750007, 1.1500007
[37][0][1], -2.1999993, -1.3499993, -0.52499926
[37][0][2], -2.8249993, -2.7749991, -2.3499992
[38][0][0], -3.2249997, -2.8499994, -2.2749996
[38][0][1], -1.9499996, -1.4749997, -1.2749996
[38][0][2], -2.1249995, -2.5999994, -3.3749995
[39][0][0], -1.4999986, -4.024998, -7.024998
[39][0][1], -2.5749986, -3.9249983, -5.5499983
[39][0][2], -2.1249986, -3.1999984, -4.1999984
[40][0][0], 0.27500078, -1.2249992, -3.124999
[40][0][1], -0.97499925, -2.5249991, -3.7749994
[40][0][2], -2.2999992, -4.0749993, -4.274999
[41][0][0], 0.8500008, -0.49999928, -1.6999992
[41][0][1], -0.024999237, -1.8749992, -2.3999991
[41][0][2], -1.2249992, -3.9499993, -3.6749992
[42][0][0], 1.6750013, -0.07499893, -1.7749989
[42][0][1], 1.9250011, -0.3499989, -2.2999988
[42][0][2], 1.775001, -1.5499989, -3.8749988
[43][0][0], 3.575001, 2.4500012, 0.9500011
[43][0][1], 2.950001, 1.1000011, -0.9249989
[43][0][2], 2.525001, -0.39999884, -2.8999991
[44][0][0], 1.6500001, 1.55, 0.70000005
[44][0][1], 3.175, 2.15, -1.4901161E-8
[44][0][2], 2.925, 0.775, -2.05
[45][0][0], -0.024999976, -0.099999994, -1.625
[45][0][1], 1.55, 2.05, 0.39999998
[45][0][2], 0.85, 0.825, -0.625
[46][0][0], -0.124999225, -0.77499926, -1.8249992
[46][0][1], -0.37499925, -0.8749992, -1.9499992
[46][0][2], -1.5499992, -2.4749992, -3.499999
[47][0][0], -0.7999984, -1.4499984, -1.9499985
[47][0][1], -1.2749984, -1.0999985, -0.9249985
[47][0][2], -1.9499986, -2.0749984, -1.8249985
[48][0][0], -0.875, -1.125, -1.7
[48][0][1], -1.825, -1.9749999, -1.9749999
[48][0][2], -1.75, -2.5, -2.275
[49][0][0], -0.29999804, -0.92499816, -0.3749981
[49][0][1], -1.5499982, -1.599998, -1.224998
[49][0][2], -0.2499981, -1.0999981, -1.5999982
[50][0][0], 0.6000019, 0.5250019, 1.425002
[50][0][1], -1.4499981, -0.82499814, -0.024998069
[50][0][2], -0.52499807, -0.7999981, -1.2749981
[51][0][0], 1.875, 2.375, 2.85
[51][0][1], -0.125, 0.6, 0.9499999
[51][0][2], 0.3, 0.15, -0.25000003
[52][0][0], -0.09999925, 1.3500007, 3.2750008
[52][0][1], -0.5249992, 1.0750008, 1.9250007
[52][0][2], 1.4250008, 2.0750008, 1.6750007
[53][0][0], -0.22499964, -0.2999996, -0.1999996
[53][0][1], -1.4499996, -0.84999967, -0.9249996
[53][0][2], -0.6499996, -0.2999996, -0.72499967
[54][0][0], 1.0250019, 1.850002, 2.400002
[54][0][1], 1.0000019, 1.050002, 0.27500194
[54][0][2], 2.300002, 1.5250019, 0.075001895
[55][0][0], -0.24999923, -0.09999925, 0.22500077
[55][0][1], -0.54999924, -0.22499926, -0.124999255
[55][0][2], 0.20000076, 0.15000075, 0.0750007
[56][0][0], -0.024998456, 0.15000156, -0.17499852
[56][0][1], -2.3499985, -1.7749985, -1.2249984
[56][0][2], -3.1499984, -2.7499986, -1.6249983
[57][0][0], -0.70000005, -0.34999993, -0.22499987
[57][0][1], -2.225, -2.475, -2.3500001
[57][0][2], -2.75, -3.5, -3.1750002
[58][0][0], 0.5250004, 1.0000004, 1.5500004
[58][0][1], -0.6749996, 0.17500041, 0.15000042
[58][0][2], -2.1499996, -1.4999996, -2.0499997
[59][0][0], 0.37500003, 0.8999999, 0.62499994
[59][0][1], -1.75, -0.65000004, -0.25
[59][0][2], -3.875, -3.05, -2.4250002
[60][0][0], -2.0999994, -1.4999993, -1.3499992
[60][0][1], -2.4749992, -1.9249992, -1.9499993
[60][0][2], -3.199999, -3.3249993, -3.4249992
[61][0][0], -2.075, -3.1, -2.1750002
[61][0][1], -2.4, -3.275, -2.775
[61][0][2], -1.45, -3.15, -3.25
[62][0][0], 2.0000014, 0.9750015, 0.10000157
[62][0][1], 1.3250015, -0.5249984, -2.0249984
[62][0][2], 2.1250014, -1.3249985, -3.5249984
[63][0][0], 1.2500004, 2.3500004, 2.4500005
[63][0][1], -0.27499962, 0.9500004, 0.55000037
[63][0][2], 0.075000465, 0.17500037, -1.0249996
[64][0][0], -2.25, -0.6, 0.975
[64][0][1], -2.6750002, -0.625, 0.4
[64][0][2], -1.6499999, -1.175, -1.875
[65][0][0], -0.12499887, 0.22500114, 0.9750012
[65][0][1], -2.474999, -2.1999989, -1.5749989
[65][0][2], -2.549999, -3.624999, -4.1749988
[66][0][0], -0.3249977, 0.7500023, 0.95000225
[66][0][1], -0.9749977, -1.2499977, -2.6249976
[66][0][2], -0.19999771, -2.2749977, -5.224998
[67][0][0], -1.8249996, -0.87499964, 3.874302E-7
[67][0][1], -3.0249996, -1.8499997, -1.5249997
[67][0][2], -2.6249995, -2.5999997, -3.3749998
[68][0][0], -0.6749985, -0.8999985, -1.1999985
[68][0][1], -1.9499985, -1.6999985, -1.9249985
[68][0][2], -3.0249987, -3.0249984, -3.3499985
[69][0][0], -1.025, -1.975, -3.0749998
[69][0][1], -1.5500001, -1.9000001, -2.35
[69][0][2], -2.0749998, -2.9, -3.0249999
[70][0][0], 1.05, 1.0500001, 0.4249999
[70][0][1], -1.4000001, -1.6249999, -1.9499999
[70][0][2], -3.0, -4.025, -3.65
[71][0][0], -0.49999887, 0.7500012, 1.7750012
[71][0][1], -1.8999988, -0.87499887, -0.19999886
[71][0][2], -2.474999, -2.399999, -2.1999989
[72][0][0], 1.4, 2.325, 2.15
[72][0][1], 0.825, 1.1750001, 0.20000002
[72][0][2], 0.75, -0.47499996, -1.9250002
[73][0][0], -0.9999985, -0.3749985, 1.3750014
[73][0][1], -0.32499847, 1.1750015, 2.5250015
[73][0][2], 0.07500154, 0.9750015, 1.4000015
[74][0][0], 1.1250007, 0.82500076, 0.4000008
[74][0][1], 0.35000077, 0.8000008, 0.47500074
[74][0][2], -0.2999992, -0.44999927, -0.84999925
[75][0][0], -0.47499928, 0.85000074, 1.1750007
[75][0][1], 0.7500008, 2.0750008, 1.1750008
[75][0][2], 3.2750008, 2.6000009, -0.14999923
[76][0][0], -0.17499962, 0.77500033, 2.1000004
[76][0][1], 1.0000004, 1.5750004, 1.4500004
[76][0][2], 1.8750004, 0.50000036, -1.1999996
[77][0][0], 2.3500025, 1.9000022, 0.47500232
[77][0][1], 1.3250023, 0.4000023, -1.0749978
[77][0][2], 0.7000023, -1.2499977, -2.4999979
[78][0][0], 2.8750007, 2.5500007, 0.45000076
[78][0][1], 2.1250007, 1.2000008, -1.2749991
[78][0][2], 1.3000007, -0.64999926, -2.7499993
[79][0][0], 0.07500193, 0.07500188, -0.92499816
[79][0][1], 1.975002, 2.475002, 1.250002
[79][0][2], 2.125002, 2.9250019, 2.225002
[80][0][0], 0.12500203, 0.45000184, 0.6750019
[80][0][1], 0.50000185, 0.9750019, 0.9250019
[80][0][2], 0.9250019, 1.1750019, 0.70000196
[81][0][0], -0.3749985, 0.5500015, 1.5500015
[81][0][1], -0.8249985, 1.4975667E-6, 0.6750015
[81][0][2], -1.1499984, -0.5249985, -0.14999843
[82][0][0], -0.92499924, 0.90000075, 2.5750008
[82][0][1], -0.09999925, 1.6250008, 2.8250008
[82][0][2], -0.6249993, 0.20000081, 0.9000008
[83][0][0], 0.10000113, 1.4500012, 1.4750012
[83][0][1], -1.0249988, 0.85000116, 1.6500012
[83][0][2], -1.0749989, -0.37499884, 0.07500112
[84][0][0], 0.8250001, 3.15, 4.05
[84][0][1], 2.05, 4.5, 4.5
[84][0][2], 1.65, 2.425, 1.5999999
[85][0][0], 0.3, 1.025, 1.4499999
[85][0][1], 0.6, 2.225, 2.5749998
[85][0][2], -0.125, 0.925, 0.97499996
[86][0][0], -0.7249999, 1.15, 2.05
[86][0][1], 0.525, 2.0500002, 2.375
[86][0][2], 0.25, 0.575, 0.275
[87][0][0], -2.65, -0.49999997, 1.3
[87][0][1], -2.125, 0.35000005, 2.0249999
[87][0][2], -1.9, -0.37499997, 0.6
[88][0][0], -1.1499996, -0.27499962, 1.1750003
[88][0][1], -0.7749996, 1.1500003, 2.7250004
[88][0][2], -0.89999956, 0.50000036, 1.4750004
[89][0][0], -1.7249988, -0.77499884, 0.4500011
[89][0][1], -2.524999, -0.14999884, 1.4750011
[89][0][2], -2.4249988, -0.52499884, 0.5000012
[90][0][0], 1.0500004, 1.3500004, 1.7500005
[90][0][1], 1.4500003, 2.4750004, 2.7250004
[90][0][2], 0.95000035, 1.2750003, 0.9500004
[91][0][0], -0.99999875, 0.4500012, 1.9250011
[91][0][1], -2.3499987, -0.22499888, 2.100001
[91][0][2], -2.2499988, -1.3249989, 0.32500112
[92][0][0], -0.34999806, 1.3500019, 2.750002
[92][0][1], -2.5249982, 0.050001904, 2.375002
[92][0][2], -2.924998, -1.3249981, 0.6500019
[93][0][0], -1.1750001, 1.2749999, 2.8
[93][0][1], -2.075, 0.4, 2.05
[93][0][2], -1.725, -0.44999996, 0.3
[94][0][0], 0.325, 2.275, 3.1999998
[94][0][1], 0.22499996, 2.05, 2.425
[94][0][2], 0.67499995, 1.325, 0.625
[95][0][0], -0.6749989, 2.0000012, 4.3250012
[95][0][1], -2.899999, 0.075001165, 2.275001
[95][0][2], -3.3999987, -1.4249989, 0.15000112
[96][0][0], 0.05000037, 0.87500036, 2.0000005
[96][0][1], -0.17499961, 1.3750005, 2.0250003
[96][0][2], -0.024999589, 0.62500036, 0.12500042
[97][0][0], 0.4250011, 0.47500116, 1.1750013
[97][0][1], -1.5499989, -1.1499989, -0.49999887
[97][0][2], -2.1999989, -2.724999, -2.4999988
[98][0][0], 0.35000175, 1.1250019, 1.325002
[98][0][1], -1.1999981, -1.8499982, -2.374998
[98][0][2], -2.299998, -4.6999984, -5.574998
[99][0][0], -1.1, 0.27500004, 1.55
[99][0][1], -0.34999996, -0.42500004, -0.45000002
[99][0][2], -1.075, -2.6000001, -3.125
[100][0][0], -0.95, 0.049999937, 0.42499995
[100][0][1], -0.39999998, -0.425, -0.675
[100][0][2], -1.65, -2.325, -2.325
[101][0][0], -1.1500001, 0.52500004, 1.1000001
[101][0][1], -0.5, 0.45000002, 0.19999999
[101][0][2], -1.375, -1.475, -1.825
[102][0][0], -2.25, -2.5500002, -1.8
[102][0][1], 0.55, 0.125, -0.72499996
[102][0][2], 0.625, 0.275, -0.95000005
[103][0][0], -1.4999989, -1.8499988, -2.6999989
[103][0][1], -0.04999882, -0.9249989, -2.1499987
[103][0][2], -0.099998854, -1.2749989, -2.3249989
[104][0][0], -1.2499985, -1.4249985, -1.5749985
[104][0][1], -0.44999847, -0.3999985, -1.2499985
[104][0][2], -0.19999847, 0.025001533, -0.8999985
[105][0][0], -2.1999986, -1.1999985, -0.34999853
[105][0][1], -1.1249985, 0.15000153, 0.17500153
[105][0][2], -0.54999846, 0.22500151, -0.37499848
[106][0][0], -0.94999874, 0.9500011, 2.0750012
[106][0][1], -2.1499987, 0.87500113, 2.1250012
[106][0][2], -2.7999988, -0.47499883, 0.6250012
[107][0][0], -1.85, 0.19999999, 2.15
[107][0][1], -2.775, 0.42500004, 2.925
[107][0][2], -3.8000002, -1.125, 1.3
[108][0][0], -2.7999988, -0.5499988, 1.400001
[108][0][1], -5.2749987, -1.9999989, 1.1750011
[108][0][2], -6.024999, -2.9249988, 0.50000113
[109][0][0], -4.574999, -1.9999993, 0.85000086
[109][0][1], -4.224999, -0.4499992, 2.750001
[109][0][2], -2.874999, 0.12500077, 2.3000007
[110][0][0], -2.724999, -3.1749988, -1.3749988
[110][0][1], -4.199999, -3.299999, -0.64999884
[110][0][2], -3.4499986, -1.9999988, 0.22500116
[111][0][0], -2.2249992, -1.6999992, -0.44999927
[111][0][1], -2.4999993, -1.2999992, 0.32500082
[111][0][2], -2.8749993, -1.7249993, -0.24999925
[112][0][0], -1.1249993, -0.22499922, 0.6250008
[112][0][1], -3.3249993, -1.8749992, -0.22499928
[112][0][2], -5.174999, -4.0749993, -2.1499994
[113][0][0], -0.87499964, -0.09999959, 1.3250004
[113][0][1], -1.0249996, 0.22500041, 1.4250004
[113][0][2], -2.2999997, -1.4749995, -0.2249996
[114][0][0], -0.19999963, 1.8500004, 2.8250003
[114][0][1], -0.42499962, 2.0750005, 3.1000004
[114][0][2], -1.2249995, 0.17500037, 0.9750004
[115][0][0], -1.075, 1.15, 2.75
[115][0][1], -0.375, 2.15, 3.4250002
[115][0][2], -1.275, -0.07499999, 0.625
[116][0][0], -1.4749999, 0.35000002, 0.6
[116][0][1], -0.84999996, 1.9749999, 2.825
[116][0][2], -0.84999996, 1.5500001, 2.225
[117][0][0], -2.825, -1.1500001, 0.32499996
[117][0][1], -3.3500001, -0.425, 1.675
[117][0][2], -3.25, -0.575, 1.3
[118][0][0], -2.75, -0.87500006, 1.5500001
[118][0][1], -2.45, 0.025000006, 2.65
[118][0][2], -1.95, -0.375, 1.325
[119][0][0], -1.6749996, -0.49999958, 1.0250005
[119][0][1], -1.8249997, -0.5499996, 0.8250004
[119][0][2], -1.8249996, -1.1749996, -0.3249997
[120][0][0], -1.5499992, -0.22499919, 0.9500008
[120][0][1], -2.4249992, 0.25000077, 2.4500008
[120][0][2], -2.0499992, 0.30000076, 2.3750007
[121][0][0], -0.09999961, 0.8000003, 2.3250003
[121][0][1], -1.9249997, -0.8999996, 0.80000037
[121][0][2], -0.97499967, -0.6749996, 0.40000033
[122][0][0], -3.1999998, -2.275, -0.100000024
[122][0][1], -2.9, -0.92499995, 1.75
[122][0][2], -2.375, 0.45, 3.1750002
[123][0][0], -1.8, -1.25, -1.45
[123][0][1], -1.3, 0.75, 1.95
[123][0][2], -0.8499999, 1.425, 2.8999999
[124][0][0], -0.024999976, 2.175, 2.8000002
[124][0][1], 0.65, 3.575, 3.6249998
[124][0][2], 0.7, 3.5, 2.9
[125][0][0], -1.7, -0.22499993, 2.425
[125][0][1], 0.12499994, 2.5, 5.1749997
[125][0][2], 1.15, 3.0749998, 4.775
[126][0][0], 2.4250016, 2.6750016, 1.8000015
[126][0][1], 2.4250016, 4.4250016, 4.7500014
[126][0][2], 2.7000015, 5.1500015, 5.5000014
[127][0][0], 1.925, 1.725, 0.37499994
[127][0][1], 2.25, 1.7750001, 0.375
[127][0][2], 2.425, 1.3, -0.025000006
[128][0][0], 0.62500155, 0.17500156, 0.42500156
[128][0][1], 1.8750017, 1.2500015, 0.8500015
[128][0][2], 2.0750017, 1.5750015, 1.2250015
[129][0][0], 1.150001, 0.12500116, 0.20000117
[129][0][1], 3.9000013, 2.5500011, 1.4500011
[129][0][2], 4.1000013, 2.625001, 1.3500012
[130][0][0], -1.625, -2.775, -2.1999998
[130][0][1], 1.2750001, 0.8, 0.79999995
[130][0][2], 2.975, 2.4, 1.725
[131][0][0], -0.75, -1.4749999, -1.9999999
[131][0][1], 0.07500002, 0.10000001, 0.099999994
[131][0][2], 0.67499995, 1.025, 1.3
[132][0][0], -0.475, -0.97499996, -1.55
[132][0][1], -0.65, -0.40000004, -0.02500002
[132][0][2], -1.125, -0.7, 0.7
[133][0][0], -1.675, -1.975, -1.4
[133][0][1], -0.95, -1.075, -0.5
[133][0][2], -1.1750001, -1.05, 0.12499999
[134][0][0], -1.8999989, -1.4999988, -1.1499989
[134][0][1], -1.2999989, -0.44999886, -0.3749989
[134][0][2], -0.72499883, 0.30000114, 0.45000112
[135][0][0], -1.2499995, -0.27499968, 0.050000392
[135][0][1], -1.1499996, -0.27499962, -0.39999962
[135][0][2], -0.6749996, 0.45000038, 0.22500038
[136][0][0], -1.6000001, -1.725, -1.2750001
[136][0][1], -0.95, -1.05, -1.125
[136][0][2], -0.875, -0.54999995, -0.775
[137][0][0], -0.6749997, -1.5749996, -1.9749997
[137][0][1], 1.2000004, 0.40000036, -0.09999963
[137][0][2], 2.1500006, 1.4750004, 0.7000004
[138][0][0], -0.14999922, -0.5749991, -1.0249991
[138][0][1], 2.1000009, 1.4750009, 0.7750008
[138][0][2], 2.4500008, 1.5750008, 0.7000008
[139][0][0], 0.10000077, -1.3249993, -3.5749993
[139][0][1], 2.7750008, 2.4000008, 0.5000008
[139][0][2], 2.4750009, 3.1250007, 2.1500008
[140][0][0], -1.8749989, -3.224999, -3.2999988
[140][0][1], 1.6000011, 0.52500117, -0.04999885
[140][0][2], 2.700001, 2.3750012, 1.6000011
[141][0][0], -0.8749985, -1.8499985, -2.2999983
[141][0][1], 0.87500155, 0.100001514, -0.49999845
[141][0][2], 1.3500016, 1.6250015, 1.4000015
[142][0][0], -0.55, -1.3249998, -2.075
[142][0][1], 1.05, 0.79999995, 0.35000002
[142][0][2], 2.0500002, 2.9250002, 3.1499999
[143][0][0], -0.7500001, -2.125, -2.65
[143][0][1], 1.075, -0.37499997, -1.075
[143][0][2], 1.825, 1.7249999, 1.625
[144][0][0], -0.049999967, -2.675, -4.35
[144][0][1], 1.975, -0.65000004, -1.7749999
[144][0][2], 1.5, 0.20000003, 1.125
[145][0][0], -0.7249984, -5.0749984, -6.7749987
[145][0][1], -0.7749984, -4.0249987, -2.8999987
[145][0][2], -2.8999984, -3.7999985, 1.7750015
[146][0][0], 0.475, -1.05, -1.1249999
[146][0][1], -3.275, -1.575, 3.375
[146][0][2], -7.35, -2.375, 7.75
[147][0][0], -2.375, -3.85, -1.25
[147][0][1], -5.175, -3.7, 3.0500002
[147][0][2], -5.6, -1.55, 7.85
[148][0][0], -0.90000004, -2.0, -1.2499999
[148][0][1], 1.45, 1.45, 2.9250002
[148][0][2], 3.475, 4.3, 6.325
[149][0][0], -0.82499886, -0.5249989, 1.8750011
[149][0][1], 0.7000011, 2.8250012, 5.9500012
[149][0][2], 1.950001, 4.875001, 8.300001
[150][0][0], -1.0749997, -1.2999997, -0.19999966
[150][0][1], 0.5500004, 2.7250004, 4.9750004
[150][0][2], 2.0250006, 5.6000004, 8.025
[151][0][0], -0.15, -0.49999997, -0.05000007
[151][0][1], 1.6999999, 1.9999999, 2.275
[151][0][2], 2.6000001, 3.6999998, 4.125
[152][0][0], -0.39999998, 0.05000007, 1.525
[152][0][1], 2.05, 3.4, 4.3
[152][0][2], 4.5, 6.3, 6.1000004
[153][0][0], -0.37500003, -0.525, 0.75000006
[153][0][1], 1.175, 2.075, 3.3250003
[153][0][2], 1.625, 3.225, 4.3999996
[154][0][0], -2.175, -2.9249997, -1.725
[154][0][1], 0.35, 0.35, 1.7749999
[154][0][2], 1.05, 1.7250001, 3.25
[155][0][0], -0.6, -1.1, -0.6
[155][0][1], 1.325, 1.4250001, 1.6
[155][0][2], 0.925, 1.475, 2.125
[156][0][0], -2.0999992, -3.224999, -3.0249994
[156][0][1], -0.19999921, -0.22499931, 0.12500076
[156][0][2], 0.22500077, 0.70000076, 1.2500007
[157][0][0], -1.3999997, -2.2749996, -2.5249996
[157][0][1], -1.7999997, -2.5249994, -2.0999994
[157][0][2], -1.6999996, -1.6999997, -0.5999996
[158][0][0], -1.4499992, -2.1249993, -1.7749993
[158][0][1], -0.7499993, -1.1999992, -1.0249994
[158][0][2], 0.50000083, -0.34999922, -0.4749993
[159][0][0], -0.6499981, 0.025001919, 1.1250019
[159][0][1], -0.44999814, 0.87500197, 2.6000018
[159][0][2], 0.30000186, 1.2500019, 2.500002
[160][0][0], 0.55000114, 0.32500112, 1.4000012
[160][0][1], -0.72499883, -0.3249988, 1.3250011
[160][0][2], -1.1749988, -0.79999894, 0.8750012
[161][0][0], -2.375, -1.9750001, 0.07500005
[161][0][1], -2.65, -1.475, 0.8
[161][0][2], -1.225, -0.050000012, 1.2
[162][0][0], -0.75, 0.22500011, 1.55
[162][0][1], -1.6, -0.22499998, 1.325
[162][0][2], -1.35, 0.32500002, 1.675
[163][0][0], -0.7249997, 0.25000036, 1.3250003
[163][0][1], -0.6749996, 0.30000043, 1.3750004
[163][0][2], -0.9749996, 0.15000038, 1.6250004
[164][0][0], 0.85000116, 2.1250012, 2.5750012
[164][0][1], 0.67500114, 2.1250012, 3.2750013
[164][0][2], -0.7749989, 0.5750011, 2.4500012
[165][0][0], 0.45, 1.575, 2.175
[165][0][1], 0.34999996, 1.525, 2.675
[165][0][2], -1.175, -0.050000012, 1.65
[166][0][0], -0.67499804, 1.8750019, 3.8000019
[166][0][1], -0.12499809, 2.4750018, 4.850002
[166][0][2], -1.1249981, 0.9250019, 3.575002
[167][0][0], 0.87500006, 2.6, 3.8000002
[167][0][1], 1.3, 3.0, 4.8
[167][0][2], -0.3, 0.84999996, 3.2
[168][0][0], 2.4000003, 2.9750004, 3.3000004
[168][0][1], 2.5250003, 3.9250004, 4.9500003
[168][0][2], 0.3500004, 1.9000005, 3.5750003
[169][0][0], 1.2750005, 2.5750003, 3.8000002
[169][0][1], 1.3000004, 3.4000006, 5.6000004
[169][0][2], -0.37499964, 1.6000004, 4.2250004
[170][0][0], 1.675002, 3.0750017, 4.300002
[170][0][1], 1.4000019, 3.125002, 4.7000017
[170][0][2], -0.09999812, 1.4000019, 3.3250017
[171][0][0], 2.0250008, 0.95000076, 0.6750008
[171][0][1], 1.7500007, 1.2500007, 1.9250007
[171][0][2], 0.5500007, 0.45000076, 1.8250008
[172][0][0], 1.325, -0.22500002, -0.65000004
[172][0][1], 0.47500002, 0.049999952, 0.625
[172][0][2], -0.19999999, 0.55, 1.75
[173][0][0], 3.6, 1.6, 0.225
[173][0][1], 2.5749998, 1.675, 1.475
[173][0][2], 1.775, 2.525, 3.45
[174][0][0], 2.95, 2.2749999, 1.7250001
[174][0][1], 3.35, 3.3249998, 3.025
[174][0][2], 3.5499997, 3.975, 3.925
[175][0][0], 2.6000009, 3.2250006, 3.9000006
[175][0][1], 4.000001, 4.4000006, 4.600001
[175][0][2], 3.7250009, 3.8250005, 3.8250008
[176][0][0], 1.475, 2.575, 4.4
[176][0][1], 2.725, 3.8000002, 4.8999996
[176][0][2], 2.275, 3.0, 3.55
[177][0][0], 3.45, 1.6999999, 1.7
[177][0][1], 3.4999998, 2.225, 2.6999998
[177][0][2], 1.575, 2.075, 4.1000004
[178][0][0], 2.4500003, 1.2000004, 2.3000004
[178][0][1], 2.2250004, 2.5000005, 4.7250004
[178][0][2], 0.75000036, 3.5250006, 7.7250004
[179][0][0], 1.675, 1.5500001, 3.75
[179][0][1], 1.375, 3.475, 7.925
[179][0][2], -0.725, 3.6499999, 9.85
[180][0][0], 0.050000012, 1.925, 5.075
[180][0][1], -1.0, 3.6, 9.225
[180][0][2], -2.85, 3.1, 9.75
[181][0][0], 0.6500008, 0.82500076, 3.0250006
[181][0][1], -0.3999992, 1.8000008, 6.3500004
[181][0][2], -1.8499991, 1.7750008, 7.500001
[182][0][0], 2.2250016, 3.3000016, 3.2250013
[182][0][1], 1.7250016, 3.7250013, 5.2250013
[182][0][2], 0.32500154, 2.7750015, 5.2750015
[183][0][0], -0.1499981, 2.1750019, 4.400002
[183][0][1], -0.6249981, 1.3750019, 3.8500018
[183][0][2], -1.0999981, 0.42500192, 2.8500018
[184][0][0], 1.3500007, 2.6500008, 4.5250006
[184][0][1], -0.2749992, 1.6750007, 4.9000006
[184][0][2], -1.5499992, 1.0500008, 5.3000007
[185][0][0], 2.7500005, 3.3750005, 4.8500004
[185][0][1], 3.2750006, 4.7250004, 6.75
[185][0][2], 2.6250005, 4.9250007, 7.3750005
[186][0][0], 4.3250012, 4.6000013, 5.6000013
[186][0][1], 3.6500013, 5.0250015, 6.4500012
[186][0][2], 2.6750011, 4.4500012, 6.050001
[187][0][0], 7.375, 7.2000003, 6.375
[187][0][1], 5.0, 5.1, 4.925
[187][0][2], 2.3249998, 3.075, 4.25
[188][0][0], 5.2, 4.15, 3.625
[188][0][1], 3.8, 3.8999996, 4.025
[188][0][2], 2.025, 3.85, 5.3500004
[189][0][0], 2.4000008, 2.3500009, 3.6250007
[189][0][1], 2.6000009, 3.6500008, 5.225001
[189][0][2], 2.5250006, 4.625001, 6.6000004
[190][0][0], 0.775, 1.275, 3.9500003
[190][0][1], 1.4749999, 2.8500001, 5.85
[190][0][2], 2.2749999, 4.125, 6.8
[191][0][0], 1.0750004, 1.2750003, 3.1750004
[191][0][1], 1.8250003, 3.2750003, 5.7000003
[191][0][2], 1.6500003, 3.8000002, 6.2750006
[192][0][0], 2.2500005, 2.3750005, 3.6250005
[192][0][1], 1.2000003, 2.4000006, 4.3750005
[192][0][2], 0.4500004, 2.3250003, 4.3250003
[193][0][0], 3.1250012, 3.875001, 4.475001
[193][0][1], 1.2750012, 2.6750011, 4.150001
[193][0][2], 0.45000112, 2.2250009, 4.2250013
[194][0][0], 1.8250011, 2.3250012, 3.1000013
[194][0][1], 0.07500114, 1.8000011, 3.5000012
[194][0][2], -1.5249989, 1.6750011, 4.4750013
[195][0][0], 3.2, 2.9, 3.0500002
[195][0][1], 1.175, 1.85, 3.675
[195][0][2], -1.7000002, 0.55, 4.6499996
[196][0][0], 3.95, 3.0, 3.15
[196][0][1], 2.3000002, 2.625, 4.45
[196][0][2], 0.099999964, 2.5500002, 6.475
[197][0][0], 2.375, 2.0, 3.1000001
[197][0][1], 3.625, 3.8999999, 5.125
[197][0][2], 3.15, 5.275, 7.25
[198][0][0], 3.375001, 3.4750006, 3.025001
[198][0][1], 3.8250008, 4.000001, 3.5500007
[198][0][2], 2.7500007, 4.1000004, 4.5500007
[199][0][0], 3.6, 3.25, 2.9
[199][0][1], 3.1499999, 3.525, 4.375
[199][0][2], 0.39999998, 2.75, 6.0
[200][0][0], 1.025, 1.5000001, 3.125
[200][0][1], 0.10000001, 2.4499998, 5.65
[200][0][2], -2.5249999, 3.1, 8.825
[201][0][0], 2.975, 3.1999998, 3.725
[201][0][1], 2.3000002, 5.425, 7.875
[201][0][2], -0.3, 6.575, 11.725
[202][0][0], 2.7500002, 3.5249999, 4.975
[202][0][1], 3.375, 6.025, 8.224999
[202][0][2], 2.375, 7.625, 11.45
[203][0][0], 1.5750003, 3.5250006, 5.6000004
[203][0][1], 1.2750003, 5.75, 9.1
[203][0][2], 0.7000004, 7.2000003, 11.8
[204][0][0], 1.4250011, 1.9500012, 2.900001
[204][0][1], 0.10000111, 3.875001, 7.400001
[204][0][2], -2.5749989, 3.750001, 9.600001
[205][0][0], 3.5500002, 3.3, 1.4749999
[205][0][1], 1.6, 3.275, 3.425
[205][0][2], -1.375, 2.025, 4.6
[206][0][0], 3.375, 3.2250001, 1.9
[206][0][1], 1.0, 1.65, 2.0749998
[206][0][2], -2.875, -1.125, 1.7749999
[207][0][0], 2.55, 1.1250001, 0.54999995
[207][0][1], -0.9499999, -1.0000001, 0.85
[207][0][2], -5.525, -2.975, 2.35
[208][0][0], 4.0, 2.475, 1.075
[208][0][1], 3.3249998, 4.225, 4.7
[208][0][2], 0.42499995, 4.675, 8.049999
[209][0][0], 4.175, 2.3, 1.525
[209][0][1], 4.925, 4.025, 4.05
[209][0][2], 3.025, 4.1, 5.85
[210][0][0], 1.5500015, 0.8250016, 1.2000015
[210][0][1], 2.2750015, 3.0000014, 4.925001
[210][0][2], 1.7000015, 4.3000016, 7.6000013
[211][0][0], 0.30000192, 1.2500019, 1.8750018
[211][0][1], 0.20000193, 1.9250019, 3.750002
[211][0][2], -0.074998096, 2.375002, 4.825002
[212][0][0], 1.4749999, 1.8, 1.2250001
[212][0][1], -1.0500001, 0.375, 1.65
[212][0][2], -2.4750001, 0.55, 3.5749998
[213][0][0], 0.050000012, 1.5, 3.4
[213][0][1], -0.40000004, 3.0, 6.8250003
[213][0][2], -0.65000004, 4.1000004, 9.425
[214][0][0], -0.625, 2.125, 4.975
[214][0][1], 0.85, 5.925, 9.9
[214][0][2], 1.525, 8.125, 12.174999
[215][0][0], -1.0249996, 1.6500003, 4.0250006
[215][0][1], 2.3750005, 7.125, 9.725
[215][0][2], 4.325001, 9.725, 11.725
[216][0][0], 3.4250011, 2.0000012, 1.650001
[216][0][1], 5.7250013, 4.800001, 4.175001
[216][0][2], 6.7000012, 6.2250013, 5.000001
[217][0][0], 1.0000008, 1.1500007, 2.9250007
[217][0][1], 1.2000008, 1.9250008, 4.2250004
[217][0][2], -0.09999919, 1.5250008, 3.9000008
[218][0][0], 1.1750015, 1.9500015, 3.5750015
[218][0][1], -0.37499845, 1.8000015, 4.5250015
[218][0][2], -2.0499985, 1.9750016, 5.9000015
[219][0][0], 1.6750019, 2.150002, 3.250002
[219][0][1], -0.77499807, 2.400002, 5.500002
[219][0][2], -2.174998, 3.275002, 7.6500015
[220][0][0], 3.1750011, 3.6750011, 4.425001
[220][0][1], 2.400001, 5.425001, 7.4250007
[220][0][2], 1.0750011, 6.625001, 9.875001
[221][0][0], 1.5500001, 2.25, 3.725
[221][0][1], 1.8, 4.4, 6.575
[221][0][2], 0.975, 4.9750004, 7.525
[222][0][0], 2.5, 2.0, 1.375
[222][0][1], 2.1, 3.4499998, 4.35
[222][0][2], 1.075, 3.7, 5.4750004
[223][0][0], 2.625, 1.4000001, 0.45000002
[223][0][1], 3.1, 3.3000002, 2.8
[223][0][2], 2.6750002, 4.525, 4.625
[224][0][0], 0.27500153, -0.57499844, -0.099998474
[224][0][1], 1.2500014, 1.6250014, 2.1250017
[224][0][2], 1.4500015, 2.8250015, 3.0750015
[225][0][0], -0.37500003, -1.575, -0.90000004
[225][0][1], 0.90000004, 0.20000003, 0.84999996
[225][0][2], 0.925, 0.95000005, 1.45
[226][0][0], -1.1749998, -1.2750001, -0.14999998
[226][0][1], -1.5, -0.47500002, 2.0
[226][0][2], -2.0, -0.37499997, 2.6999998
[227][0][0], -0.4749993, -0.84999925, -0.124999255
[227][0][1], -0.6999993, -0.07499927, 1.8250008
[227][0][2], -1.1499994, 0.40000078, 3.0250008
[228][0][0], -1.4749999, -1.35, 0.35000008
[228][0][1], -2.95, -1.825, 1.625
[228][0][2], -4.075, -2.0500002, 2.3999999
[229][0][0], -1.65, -1.3749999, -0.9750001
[229][0][1], -2.6249998, -1.6500002, 0.875
[229][0][2], -3.4750001, -1.5999999, 2.625
[230][0][0], -3.15, -4.875, -4.025
[230][0][1], -3.9750001, -4.0750003, -0.65
[230][0][2], -3.6999998, -1.975, 3.2
[231][0][0], -5.2749996, -6.0999994, -3.975
[231][0][1], -6.55, -5.525, -0.47500002
[231][0][2], -4.85, -2.05, 4.375
[232][0][0], -3.849999, -4.649999, -3.3249993
[232][0][1], -3.574999, -2.974999, 0.40000072
[232][0][2], -0.8999992, 1.3500009, 5.6750007
[233][0][0], -4.375, -5.65, -4.6
[233][0][1], -3.4499998, -3.7, -1.6249999
[233][0][2], -0.85, 0.0, 2.375
[234][0][0], -2.5, -2.3749998, -1.05
[234][0][1], -3.225, -2.125, 0.425
[234][0][2], -2.425, -0.8000001, 2.325
[235][0][0], -0.65, -0.65, -0.50000006
[235][0][1], -1.3999999, 0.625, 2.6750002
[235][0][2], -0.77500004, 2.35, 5.5
[236][0][0], 2.55, 1.25, 0.42500004
[236][0][1], 4.275, 3.5749998, 3.2250001
[236][0][2], 5.225, 4.85, 4.7
[237][0][0], -1.0499985, -2.5749986, -0.87499845
[237][0][1], 0.27500153, -0.89999855, 1.9250014
[237][0][2], 1.2250016, 0.8000015, 4.0500016
[238][0][0], -1.325, -1.85, -0.3
[238][0][1], -0.95, -0.07500005, 2.825
[238][0][2], -0.8, 2.05, 6.0
[239][0][0], -2.275, -2.8249998, -2.4
[239][0][1], -0.875, 0.55, 1.75
[239][0][2], -0.29999998, 3.05, 4.825
[240][0][0], -2.2, -2.375, -1.95
[240][0][1], -2.35, -1.425, -0.12500001
[240][0][2], -2.05, 0.14999999, 2.175
[241][0][0], -0.6499997, -0.8499996, -1.1499996
[241][0][1], -1.5499996, 0.075000376, 1.0500004
[241][0][2], -2.0249996, 1.5500003, 3.9250004
[242][0][0], -1.025, -1.4499999, -1.325
[242][0][1], -0.42499998, 0.15000004, 1.075
[242][0][2], -0.725, 1.55, 3.525
[243][0][0], -2.025, -1.2999998, -0.325
[243][0][1], -0.025000036, 1.875, 2.975
[243][0][2], 0.625, 4.75, 6.5249996
[244][0][0], 1.55, 0.8500001, 0.025000036
[244][0][1], 4.7, 3.85, 2.05
[244][0][2], 6.9249997, 6.9, 4.475
[245][0][0], -2.2, -3.0500002, -2.25
[245][0][1], 2.0749998, 0.375, 0.024999984
[245][0][2], 6.15, 4.125, 2.575
[246][0][0], -3.6999993, -4.049999, -2.6499991
[246][0][1], 0.30000076, -0.02499926, 0.57500076
[246][0][2], 4.3000007, 4.4250007, 4.125001
[247][0][0], -2.399999, -1.4999989, -0.3499988
[247][0][1], -1.1999989, 0.40000117, 1.4250011
[247][0][2], 0.5750012, 3.000001, 3.6750011
[248][0][0], 2.1250007, 2.2750008, 2.0750008
[248][0][1], 1.3500006, 1.8000008, 1.9250008
[248][0][2], 0.52500075, 1.8250008, 2.9500008
[249][0][0], 1.4750009, 1.0000007, 7.4505806E-7
[249][0][1], 0.5500008, 0.15000077, -0.14999925
[249][0][2], -0.9749992, -0.49999925, 0.8000007
[250][0][0], -0.17499961, -2.2249994, -3.3249998
[250][0][1], -1.0249996, -2.2999997, -1.8749996
[250][0][2], -2.0999997, -1.1249996, 1.5250003
[251][0][0], -3.1999981, -5.324998, -4.674998
[251][0][1], -2.5749981, -2.824998, -0.5999981
[251][0][2], -2.624998, 0.42500186, 4.925002
[252][0][0], -2.8999994, -4.5499997, -4.825
[252][0][1], -1.0249996, 0.3250004, 1.1250004
[252][0][2], 1.6750004, 6.700001, 8.875
[253][0][0], -1.5999992, -3.9499993, -6.174999
[253][0][1], 1.5250008, 1.4750006, -0.6249992
[253][0][2], 4.450001, 7.100001, 6.000001
[254][0][0], 0.42500114, -3.374999, -5.6749988
[254][0][1], 3.4250011, 0.12500115, -2.599999
[254][0][2], 5.225001, 3.5250013, 1.650001
[255][0][0], 1.775001, -4.3999987, -7.9749985
[255][0][1], 0.32500112, -5.824999, -8.099998
[255][0][2], -0.47499883, -4.949999, -5.124999
[256][0][0], -0.54999924, -2.3999994, -3.4749994
[256][0][1], -6.749999, -7.749999, -5.049999
[256][0][2], -9.549999, -9.2, -3.1999993
[257][0][0], -1.799999, 0.10000113, 2.1750011
[257][0][1], -8.674998, -3.124999, 4.875001
[257][0][2], -12.449999, -4.3499985, 7.650001
[258][0][0], -4.5249996, -1.9249992, 0.37500077
[258][0][1], -7.649999, 0.20000076, 7.250001
[258][0][2], -8.324999, 2.4750009, 12.250001
[259][0][0], -2.7749999, -0.6499996, -0.6499996
[259][0][1], -2.5249994, 4.05, 5.7
[259][0][2], -1.3999995, 8.175, 11.200001
[260][0][0], 2.1500003, 1.1500003, -1.6749996
[260][0][1], 4.675, 4.8, 1.5250003
[260][0][2], 6.375, 7.9750004, 5.0500007
[261][0][0], 2.05, -1.45, -3.8999999
[261][0][1], 4.1, 0.3, -2.5499997
[261][0][2], 5.075, 2.2, -0.2
[262][0][0], -1.525, -4.425, -5.325
[262][0][1], -1.0, -3.0, -3.1999998
[262][0][2], -0.725, -1.0749999, -0.3
[263][0][0], -1.2249999, -3.425, -4.325
[263][0][1], -2.2250001, -3.9250002, -3.675
[263][0][2], -2.425, -2.775, -1.2249999
[264][0][0], -1.874999, -3.749999, -4.849999
[264][0][1], -2.6499987, -4.3999987, -4.424999
[264][0][2], -2.224999, -2.499999, -1.3749989
[265][0][0], -2.5749998, -3.65, -4.175
[265][0][1], -2.6999998, -3.2, -2.7250001
[265][0][2], -2.075, -1.975, -0.54999995
[266][0][0], -2.2749982, -3.424998, -3.5499983
[266][0][1], -1.6999981, -2.1499982, -1.1749982
[266][0][2], -1.2999982, -0.92499804, 1.275002
[267][0][0], -0.29999992, -1.075, -1.3500001
[267][0][1], -0.27500004, 1.15, 3.05
[267][0][2], 0.17499995, 3.4750001, 7.3
[268][0][0], -2.075, -2.2, -1.125
[268][0][1], -0.30000007, 2.525, 5.75
[268][0][2], 3.175, 7.65, 11.450001
[269][0][0], 0.7499999, 2.3, 2.55
[269][0][1], 5.575, 8.075, 7.625
[269][0][2], 10.05, 12.275001, 10.525001
[270][0][0], 4.8750014, 5.8500013, 5.300001
[270][0][1], 8.850001, 8.800001, 6.675001
[270][0][2], 11.075001, 9.850001, 6.6000013
[271][0][0], 0.55, 1.7, 3.0749998
[271][0][1], 3.45, 3.4, 3.5750003
[271][0][2], 5.025, 3.6250002, 2.525
[272][0][0], -1.7, -2.4, -1.8
[272][0][1], -0.19999999, -0.525, 0.59999996
[272][0][2], 1.15, 0.525, 1.075
[273][0][0], -5.9, -8.35, -8.924999
[273][0][1], -3.675, -4.825, -5.2
[273][0][2], -0.825, -1.0, -1.725
[274][0][0], -5.3999987, -6.574999, -7.5999985
[274][0][1], -4.499999, -5.099999, -6.2749987
[274][0][2], -1.6999989, -1.9999988, -3.5499988
[275][0][0], -4.275, -4.0499997, -2.7250001
[275][0][1], -5.675, -5.95, -4.0
[275][0][2], -4.75, -5.825, -4.25
[276][0][0], -1.7499999, 1.25, 3.725
[276][0][1], -3.7749999, -0.049999833, 3.6
[276][0][2], -4.025, -0.925, 2.75
[277][0][0], -0.325, 2.175, 4.175
[277][0][1], -1.2, 2.4, 5.525
[277][0][2], -2.15, 1.5250001, 5.325
[278][0][0], 0.7, 2.8, 4.4750004
[278][0][1], -1.8, 1.2, 4.25
[278][0][2], -2.825, 0.3, 4.4
[279][0][0], 1.950002, 2.7250018, 2.350002
[279][0][1], 0.72500193, 2.4250019, 3.125002
[279][0][2], 0.40000188, 2.175002, 3.3250017
[280][0][0], 0.5500003, 0.75000036, 0.32500035
[280][0][1], 2.2250004, 2.7750003, 1.9500003
[280][0][2], 3.2500005, 3.4500003, 2.0000005
[281][0][0], -0.19999887, 0.4500012, -0.12499879
[281][0][1], 1.2250011, 2.3000011, 1.4250011
[281][0][2], 3.0250013, 3.3000011, 1.6750011
[282][0][0], 0.6500004, 2.2000003, 2.4500005
[282][0][1], -0.049999606, 1.6500003, 1.9500004
[282][0][2], 0.6000003, 1.1000004, 0.5750004
[283][0][0], 0.37500075, 2.300001, 3.0750008
[283][0][1], -0.34999925, 1.5250008, 2.0500007
[283][0][2], 0.25000077, 1.0000008, 0.60000074
[284][0][0], -0.79999995, 0.45, 1.625
[284][0][1], -0.075, 1.7, 3.025
[284][0][2], 0.6, 1.5, 2.0
[285][0][0], -1.125, -0.575, 0.49999997
[285][0][1], -0.24999997, 0.5, 1.575
[285][0][2], -0.44999996, -0.29999998, 0.30000004
[286][0][0], -0.72499955, -0.6749996, -0.8749997
[286][0][1], -0.57499963, -0.3749996, -0.024999633
[286][0][2], -0.8499996, -1.0999997, -0.54999965
[287][0][0], -0.59999925, -0.72499925, -0.67499924
[287][0][1], -1.2999991, -1.1999993, -0.47499922
[287][0][2], -1.8749992, -1.6749992, -0.5749992
[288][0][0], -0.97499925, -0.9749992, -0.4499992
[288][0][1], -0.34999925, -0.42499924, 0.050000772
[288][0][2], -0.9749992, -1.4249992, -1.1249993
[289][0][0], -0.7749992, -0.124999285, 7.748604E-7
[289][0][1], 0.45000076, 0.72500074, 0.15000078
[289][0][2], 1.4500008, 1.2750008, 0.30000076
[290][0][0], 1.5250015, 2.7250013, 2.2000015
[290][0][1], 2.1500015, 3.5000017, 2.7250016
[290][0][2], 2.2500014, 3.0000014, 2.2250016
[291][0][0], 0.07500148, 2.1750016, 2.4000015
[291][0][1], -0.12499851, 2.2000017, 2.9000015
[291][0][2], 0.25000155, 1.4000015, 1.7750015
[292][0][0], -2.8999991, -2.1249993, -0.34999925
[292][0][1], -1.6249993, -0.97499925, 0.5000008
[292][0][2], -0.24999923, -0.59999925, -0.37499923
[293][0][0], -4.725, -5.4, -4.0750003
[293][0][1], -3.7999997, -4.5, -2.9
[293][0][2], -2.3, -3.25, -1.9
[294][0][0], -5.25, -6.45, -5.475
[294][0][1], -6.1499996, -6.1499996, -3.375
[294][0][2], -5.25, -5.0, -1.5749999
[295][0][0], -4.7999997, -5.1249995, -4.8999996
[295][0][1], -5.2999997, -4.2249994, -2.2249997
[295][0][2], -5.075, -3.4999995, -0.14999962
[296][0][0], -1.3249998, -1.2750001, -1.525
[296][0][1], -3.2, -1.5749999, 0.22499996
[296][0][2], -5.725, -1.9249998, 3.0
[297][0][0], 1.2750012, 3.0000012, 3.275001
[297][0][1], -1.3249989, 4.400001, 7.8500013
[297][0][2], -5.0249987, 4.500001, 11.925
[298][0][0], -1.45, 0.6, 2.225
[298][0][1], -2.6499999, 2.875, 6.4
[298][0][2], -3.575, 4.825, 9.95
[299][0][0], -5.875, -5.95, -5.9
[299][0][1], -3.8999999, -0.17499998, 1.025
[299][0][2], -1.5999999, 5.125, 6.7999997
[300][0][0], -2.4249997, -2.6749997, -5.075
[300][0][1], 0.5500004, 1.5250005, -0.9249996
[300][0][2], 2.5750003, 4.6250005, 2.1250002
[301][0][0], 0.32500193, 0.42500198, -1.124998
[301][0][1], 1.1250019, 1.1250019, -0.9499981
[301][0][2], 2.3000019, 1.950002, -0.52499807
[302][0][0], 0.3000008, 0.32500076, -0.29999924
[302][0][1], 0.47500074, 1.4250007, 0.9000007
[302][0][2], 0.8500008, 1.8500007, 0.8750007
[303][0][0], 0.30000076, 0.5250008, -0.42499924
[303][0][1], 0.32500076, 1.7000008, 1.1250007
[303][0][2], 0.42500073, 2.3000007, 1.8000008
[304][0][0], -1.6249988, -2.4499989, -3.549999
[304][0][1], -0.57499886, -0.09999886, -0.82499886
[304][0][2], -0.4749989, 0.7250011, 0.25000116
[305][0][0], -4.849999, -5.374999, -6.6749988
[305][0][1], -3.3249989, -2.0499988, -2.6749988
[305][0][2], -2.149999, -0.37499884, -0.84999883
[306][0][0], -3.725, -4.85, -5.5750003
[306][0][1], -2.525, -3.3, -3.9
[306][0][2], -1.35, -1.95, -2.4
[307][0][0], -3.5499997, -5.95, -6.6999993
[307][0][1], -2.3499997, -3.2749996, -3.1749997
[307][0][2], -1.3749995, -1.1499996, -0.5249996
[308][0][0], -4.2999983, -5.449999, -5.6749983
[308][0][1], -1.9249984, -1.7499985, -1.6999984
[308][0][2], 0.15000153, 1.1750015, 1.1500015
[309][0][0], -4.999999, -5.1749997, -3.8499994
[309][0][1], -2.1999996, -1.5499996, -0.32499957
[309][0][2], -1.1999996, 0.2000004, 1.4250004
[310][0][0], -4.3999996, -5.399999, -5.274999
[310][0][1], -1.2249992, -1.4499992, -1.0749992
[310][0][2], -0.79999924, -0.92499924, -0.3249992
[311][0][0], -4.7749987, -7.2499986, -8.199999
[311][0][1], -1.7749989, -3.9499989, -4.5249987
[311][0][2], -0.69999886, -2.3749988, -2.1249988
[312][0][0], -2.8499997, -4.625, -4.725
[312][0][1], -0.9499996, -2.9999998, -3.2249994
[312][0][2], -0.12499961, -2.4999995, -2.5499997
[313][0][0], -2.5499997, -3.9749997, -4.1
[313][0][1], -1.5499996, -2.9499993, -2.725
[313][0][2], -1.1999996, -2.3999996, -1.3249997
[314][0][0], -2.3749995, -2.2499995, -1.5249996
[314][0][1], -2.8749995, -1.7999997, -0.14999963
[314][0][2], -3.2999997, -1.4749995, 1.0000004
[315][0][0], 0.45000076, 1.0500007, 0.25000075
[315][0][1], -0.19999921, 1.1500008, 1.1750008
[315][0][2], -1.1249993, 0.025000766, 0.27500078
[316][0][0], -0.09999773, -0.024997652, -0.5999977
[316][0][1], -0.62499774, 0.3250023, 0.37500232
[316][0][2], -1.1249977, -0.4749977, -0.4249977
[317][0][0], -1.625, -1.95, -1.95
[317][0][1], -2.1000001, -2.2, -1.725
[317][0][2], -1.475, -2.025, -1.95
[318][0][0], -2.4749978, -3.0749977, -3.2499976
[318][0][1], -3.074998, -2.9249978, -1.9249978
[318][0][2], -3.1499977, -3.2499976, -1.9499977
[319][0][0], -3.3249993, -4.4499993, -4.5749993
[319][0][1], -4.9499993, -4.774999, -3.1499991
[319][0][2], -5.024999, -4.549999, -2.1499994
[320][0][0], -0.07499999, -0.92499995, -2.05
[320][0][1], -4.075, -4.225, -3.55
[320][0][2], -5.1000004, -5.175, -3.4750001
[321][0][0], -1.8999996, -1.0999997, -0.8249996
[321][0][1], -4.5999994, -3.0499997, -1.3499997
[321][0][2], -5.7749996, -4.1499996, -1.5999997
[322][0][0], -0.9749993, -1.0749992, -1.3999991
[322][0][1], -3.4499993, -2.6749992, -1.5249993
[322][0][2], -4.749999, -3.6249993, -1.1749991
[323][0][0], -2.099998, -1.5249982, -1.324998
[323][0][1], -4.074998, -2.249998, -0.1499981
[323][0][2], -4.774998, -2.3249981, 0.925002
[324][0][0], -2.0999987, -1.9749987, -1.8249989
[324][0][1], -2.5749989, -1.0999987, 0.25000113
[324][0][2], -2.3499987, 0.025001153, 2.100001
[325][0][0], -1.2499989, -1.7999989, -2.1749988
[325][0][1], -1.2499989, -1.0249989, -0.87499887
[325][0][2], -0.59999883, 0.15000117, 0.5000012
[326][0][0], -1.1999985, -0.99999845, -0.9749985
[326][0][1], -2.1249986, -1.2249985, -0.5999985
[326][0][2], -1.2499985, -0.7499985, -0.19999848
[327][0][0], -0.14999926, 1.8750007, 2.1250007
[327][0][1], -0.8499992, 0.6250008, 0.70000076
[327][0][2], -1.2499993, -1.0499992, -1.1499993
[328][0][0], -2.2250001, -1.525, -1.7
[328][0][1], -2.55, -1.025, -0.10000001
[328][0][2], -2.025, -0.74999994, 0.024999991
[329][0][0], 0.27500078, 1.1750008, -0.47499925
[329][0][1], -2.5249991, -0.7499992, -0.77499926
[329][0][2], -3.6749992, -2.1249993, -1.3999991
[330][0][0], -0.049998827, 0.8750012, -0.37499887
[330][0][1], -3.1249988, -1.6749989, -1.2499988
[330][0][2], -4.5999985, -3.2999988, -1.6749989
[331][0][0], -0.14999846, 0.6000015, -0.9999985
[331][0][1], -3.5749984, -2.1499984, -1.9749985
[331][0][2], -4.124998, -2.2499986, -0.9749985
[332][0][0], -1.025, -1.15, -2.4250002
[332][0][1], -1.625, -0.54999995, -0.47500002
[332][0][2], -1.2249999, 0.55, 1.4999999
[333][0][0], -1.5249997, -3.5999997, -6.1249995
[333][0][1], -0.8999996, -1.7249997, -2.3249996
[333][0][2], -0.19999963, -0.42499965, 0.075000405
[334][0][0], 1.6750007, 0.5500007, -1.7999991
[334][0][1], 2.2500007, 1.4250008, 7.748604E-7
[334][0][2], 2.4500008, 1.2750008, 0.17500074
[335][0][0], 0.42500073, -0.39999926, -1.0999992
[335][0][1], -0.72499925, -1.3999993, -1.2999992
[335][0][2], 0.050000757, -1.3499992, -1.4999992
[336][0][0], -0.3249996, -0.97499955, -1.6749997
[336][0][1], -1.7249995, -2.2499995, -2.0749996
[336][0][2], 0.20000038, -1.0999997, -0.9999996
[337][0][0], -1.075, -1.675, -2.025
[337][0][1], -3.025, -3.1, -2.7250001
[337][0][2], -2.475, -2.9250002, -2.225
[338][0][0], -0.4749981, -0.8999981, -2.199998
[338][0][1], -1.8249981, -2.0999982, -2.924998
[338][0][2], -2.499998, -3.3999982, -4.099998
[339][0][0], -1.0999988, -0.8249989, -1.3999989
[339][0][1], -2.3249989, -2.1249988, -2.599999
[339][0][2], -2.999999, -3.999999, -4.624999
[340][0][0], 0.8500019, 1.5250019, 0.6750019
[340][0][1], -1.049998, -0.3249981, -1.0249982
[340][0][2], -2.824998, -3.3249981, -4.2249985
[341][0][0], 0.8, 1.675, 1.4
[341][0][1], -2.875, -2.1750002, -1.425
[341][0][2], -3.75, -4.8, -3.6
[342][0][0], 1.2750001, 1.15, 2.125
[342][0][1], -2.1999998, -2.2250001, -0.45000005
[342][0][2], -2.15, -2.375, -0.02500002
[343][0][0], 3.8250005, 4.4500003, 3.8500004
[343][0][1], 1.2750005, 1.5000004, 0.57500035
[343][0][2], -0.37499964, -0.72499967, -1.2249997
[344][0][0], -0.44999886, 1.2500012, 0.80000114
[344][0][1], -1.9249988, -0.32499886, -0.52499884
[344][0][2], -2.6749988, -1.8499988, -1.924999
[345][0][0], -3.424998, -2.499998, -1.424998
[345][0][1], -4.999998, -4.024998, -2.9249983
[345][0][2], -3.2749982, -3.524998, -3.324998
[346][0][0], -0.8249985, -2.0999985, -2.6249986
[346][0][1], -4.7749987, -5.4999986, -4.6749983
[346][0][2], -4.449999, -5.1749983, -3.9749987
[347][0][0], -1.4249989, -0.6499988, -0.37499887
[347][0][1], -4.0499988, -3.5499988, -2.5749989
[347][0][2], -4.599999, -4.824999, -3.8249989
[348][0][0], -2.6499991, -2.8499994, -4.524999
[348][0][1], -2.3999991, -1.6999992, -1.8499993
[348][0][2], -2.2499993, -2.0499992, -1.6249993
[349][0][0], -3.4249988, -2.7749987, -3.749999
[349][0][1], -3.724999, -1.8249989, -1.2999988
[349][0][2], -2.899999, -0.6249988, 0.47500116
[350][0][0], -3.75, -2.975, -2.6
[350][0][1], -3.475, -0.525, 1.325
[350][0][2], -1.35, 1.9749999, 3.875
[351][0][0], -2.3249998, -2.2999997, -1.9499996
[351][0][1], -3.7749996, -1.6999996, 0.2500004
[351][0][2], -1.1749996, 1.3000003, 2.8750005
[352][0][0], -3.4749987, -3.524999, -2.8249989
[352][0][1], -3.6249986, -2.2749987, -0.37499887
[352][0][2], -1.6499989, -0.32499892, 1.3250011
[353][0][0], -1.8249992, -1.2249992, -0.22499923
[353][0][1], -3.9249992, -2.7999992, -0.5999992
[353][0][2], -1.8999991, -1.8749993, -0.47499925
[354][0][0], -1.0499992, -0.64999926, 0.22500071
[354][0][1], -1.8999993, -2.1249993, -1.2249992
[354][0][2], 0.32500076, -1.0499992, -1.3749993
[355][0][0], -1.1749997, 0.7250004, 1.2750003
[355][0][1], -0.87499964, 1.0500003, 0.8000004
[355][0][2], 0.1250004, 1.1250004, -0.4999996
[356][0][0], -0.925, -0.425, -0.12499999
[356][0][1], -1.225, -0.775, -0.79999995
[356][0][2], -0.49999997, -0.55, -1.325
[357][0][0], -0.32499924, -0.52499926, 0.32500076
[357][0][1], -3.1499991, -2.5249991, -0.6499992
[357][0][2], -2.249999, -1.6499991, -0.32499924
[358][0][0], 0.4500015, -0.3249984, 1.1500015
[358][0][1], -2.5249987, -3.4499984, -1.3249985
[358][0][2], -2.1749988, -3.6999986, -2.3249984
[359][0][0], -0.29999882, 0.42500117, 1.3750012
[359][0][1], -1.5499989, -1.474999, -0.5499989
[359][0][2], -0.9999988, -2.6249988, -2.874999
[360][0][0], -2.8999996, -3.2249997, -2.8999996
[360][0][1], -3.2499995, -3.5499997, -3.0749998
[360][0][2], -2.9749994, -3.8499994, -3.85
[361][0][0], -3.6, -4.75, -4.2749996
[361][0][1], -5.225, -5.625, -3.7000003
[361][0][2], -4.475, -4.65, -2.625
[362][0][0], 2.125, 0.024999917, -1.7750001
[362][0][1], -2.3749998, -3.525, -2.9250002
[362][0][2], -3.1000001, -3.5, -1.375
[363][0][0], 0.10000116, 0.55000114, 0.32500112
[363][0][1], -1.699999, -1.0499989, -0.49999887
[363][0][2], -3.374999, -3.2749987, -2.149999
[364][0][0], -0.6499985, 0.05000153, -1.9749985
[364][0][1], 0.17500153, 0.75000155, -0.9249985
[364][0][2], -1.3749985, -1.6999985, -2.6249986
[365][0][0], -1.1499989, -0.24999887, -0.7499989
[365][0][1], -2.9249988, -2.4999988, -2.1249988
[365][0][2], -4.124999, -4.599999, -3.8749988

vwnd.time[366]
1963536.0, 1963560.0, 1963584.0, 1963608.0, 1963632.0, 1963656.0, 1963680.0, 1963704.0, 1963728.0, 1963752.0, 1963776.0, 1963800.0, 1963824.0, 1963848.0, 1963872.0, 1963896.0, 1963920.0, 1963944.0, 1963968.0, 1963992.0, 1964016.0, 1964040.0, 1964064.0, 1964088.0, 1964112.0, 1964136.0, 1964160.0, 1964184.0, 1964208.0, 1964232.0, 1964256.0, 1964280.0, 1964304.0, 1964328.0, 1964352.0, 1964376.0, 1964400.0, 1964424.0, 1964448.0, 1964472.0, 1964496.0, 1964520.0, 1964544.0, 1964568.0, 1964592.0, 1964616.0, 1964640.0, 1964664.0, 1964688.0, 1964712.0, 1964736.0, 1964760.0, 1964784.0, 1964808.0, 1964832.0, 1964856.0, 1964880.0, 1964904.0, 1964928.0, 1964952.0, 1964976.0, 1965000.0, 1965024.0, 1965048.0, 1965072.0, 1965096.0, 1965120.0, 1965144.0, 1965168.0, 1965192.0, 1965216.0, 1965240.0, 1965264.0, 1965288.0, 1965312.0, 1965336.0, 1965360.0, 1965384.0, 1965408.0, 1965432.0, 1965456.0, 1965480.0, 1965504.0, 1965528.0, 1965552.0, 1965576.0, 1965600.0, 1965624.0, 1965648.0, 1965672.0, 1965696.0, 1965720.0, 1965744.0, 1965768.0, 1965792.0, 1965816.0, 1965840.0, 1965864.0, 1965888.0, 1965912.0, 1965936.0, 1965960.0, 1965984.0, 1966008.0, 1966032.0, 1966056.0, 1966080.0, 1966104.0, 1966128.0, 1966152.0, 1966176.0, 1966200.0, 1966224.0, 1966248.0, 1966272.0, 1966296.0, 1966320.0, 1966344.0, 1966368.0, 1966392.0, 1966416.0, 1966440.0, 1966464.0, 1966488.0, 1966512.0, 1966536.0, 1966560.0, 1966584.0, 1966608.0, 1966632.0, 1966656.0, 1966680.0, 1966704.0, 1966728.0, 1966752.0, 1966776.0, 1966800.0, 1966824.0, 1966848.0, 1966872.0, 1966896.0, 1966920.0, 1966944.0, 1966968.0, 1966992.0, 1967016.0, 1967040.0, 1967064.0, 1967088.0, 1967112.0, 1967136.0, 1967160.0, 1967184.0, 1967208.0, 1967232.0, 1967256.0, 1967280.0, 1967304.0, 1967328.0, 1967352.0, 1967376.0, 1967400.0, 1967424.0, 1967448.0, 1967472.0, 1967496.0, 1967520.0, 1967544.0, 1967568.0, 1967592.0, 1967616.0, 1967640.0, 1967664.0, 1967688.0, 1967712.0, 1967736.0, 1967760.0, 1967784.0, 1967808.0, 1967832.0, 1967856.0, 1967880.0, 1967904.0, 1967928.0, 1967952.0, 1967976.0, 1968000.0, 1968024.0, 1968048.0, 1968072.0, 1968096.0, 1968120.0, 1968144.0, 1968168.0, 1968192.0, 1968216.0, 1968240.0, 1968264.0, 1968288.0, 1968312.0, 1968336.0, 1968360.0, 1968384.0, 1968408.0, 1968432.0, 1968456.0, 1968480.0, 1968504.0, 1968528.0, 1968552.0, 1968576.0, 1968600.0, 1968624.0, 1968648.0, 1968672.0, 1968696.0, 1968720.0, 1968744.0, 1968768.0, 1968792.0, 1968816.0, 1968840.0, 1968864.0, 1968888.0, 1968912.0, 1968936.0, 1968960.0, 1968984.0, 1969008.0, 1969032.0, 1969056.0, 1969080.0, 1969104.0, 1969128.0, 1969152.0, 1969176.0, 1969200.0, 1969224.0, 1969248.0, 1969272.0, 1969296.0, 1969320.0, 1969344.0, 1969368.0, 1969392.0, 1969416.0, 1969440.0, 1969464.0, 1969488.0, 1969512.0, 1969536.0, 1969560.0, 1969584.0, 1969608.0, 1969632.0, 1969656.0, 1969680.0, 1969704.0, 1969728.0, 1969752.0, 1969776.0, 1969800.0, 1969824.0, 1969848.0, 1969872.0, 1969896.0, 1969920.0, 1969944.0, 1969968.0, 1969992.0, 1970016.0, 1970040.0, 1970064.0, 1970088.0, 1970112.0, 1970136.0, 1970160.0, 1970184.0, 1970208.0, 1970232.0, 1970256.0, 1970280.0, 1970304.0, 1970328.0, 1970352.0, 1970376.0, 1970400.0, 1970424.0, 1970448.0, 1970472.0, 1970496.0, 1970520.0, 1970544.0, 1970568.0, 1970592.0, 1970616.0, 1970640.0, 1970664.0, 1970688.0, 1970712.0, 1970736.0, 1970760.0, 1970784.0, 1970808.0, 1970832.0, 1970856.0, 1970880.0, 1970904.0, 1970928.0, 1970952.0, 1970976.0, 1971000.0, 1971024.0, 1971048.0, 1971072.0, 1971096.0, 1971120.0, 1971144.0, 1971168.0, 1971192.0, 1971216.0, 1971240.0, 1971264.0, 1971288.0, 1971312.0, 1971336.0, 1971360.0, 1971384.0, 1971408.0, 1971432.0, 1971456.0, 1971480.0, 1971504.0, 1971528.0, 1971552.0, 1971576.0, 1971600.0, 1971624.0, 1971648.0, 1971672.0, 1971696.0, 1971720.0, 1971744.0, 1971768.0, 1971792.0, 1971816.0, 1971840.0, 1971864.0, 1971888.0, 1971912.0, 1971936.0, 1971960.0, 1971984.0, 1972008.0, 1972032.0, 1972056.0, 1972080.0, 1972104.0, 1972128.0, 1972152.0, 1972176.0, 1972200.0, 1972224.0, 1972248.0, 1972272.0, 1972296.0

vwnd.level[1]
850.0

vwnd.lat[3]
27.5, 25.0, 22.5

vwnd.lon[3]
85.0, 87.5, 90.0


