Dataset {
    Grid {
     ARRAY:
        Float32 vwnd[time = 365][level = 1][lat = 3][lon = 3];
     MAPS:
        Float64 time[time = 365];
        Float32 level[level = 1];
        Float32 lat[lat = 3];
        Float32 lon[lon = 3];
    } vwnd;
} Datasets/ncep.reanalysis.dailyavgs/pressure/vwnd.2023.nc;
---------------------------------------------
vwnd.vwnd[365][1][3][3]
[0][0][0], 3.0000012, 3.2000012, 2.150001
[0][0][1], 1.1750011, 0.60000116, -0.74999887
[0][0][2], -0.27499887, -1.9749988, -3.0749989
[1][0][0], 2.025001, 2.1750011, 1.6750011
[1][0][1], -0.5249989, -1.5749989, -2.224999
[1][0][2], -1.3749988, -3.4249988, -3.7999988
[2][0][0], 1.9000003, 1.5250003, 1.7250004
[2][0][1], -0.82499963, -2.4749997, -2.3749995
[2][0][2], -2.0249996, -4.4999995, -3.9249997
[3][0][0], -0.9, -1.1, -0.024999976
[3][0][1], -1.2, -2.975, -2.6
[3][0][2], -3.025, -5.8500004, -5.25
[4][0][0], -4.5749993, -5.024999, -5.374999
[4][0][1], -3.3999991, -4.049999, -3.3499994
[4][0][2], -3.9749992, -5.174999, -3.6999993
[5][0][0], -1.9499991, -2.4999993, -3.2999992
[5][0][1], -3.0749993, -3.1499991, -2.2749991
[5][0][2], -4.724999, -4.049999, -1.6499993
[6][0][0], 0.32499996, 0.17500001, -0.9
[6][0][1], -2.65, -2.525, -1.6999999
[6][0][2], -5.2499995, -4.45, -2.0249999
[7][0][0], 0.07500115, 0.3750012, -0.024998844
[7][0][1], -3.1249988, -2.649999, -1.3249989
[7][0][2], -5.649999, -4.2999988, -0.99999887
[8][0][0], -1.3749986, -0.7999984, -0.27499843
[8][0][1], -4.0249987, -3.3249984, -1.4249985
[8][0][2], -6.1249986, -5.0749984, -1.7999985
[9][0][0], -0.8999996, -0.94999963, -0.049999595
[9][0][1], -2.8499997, -3.5249999, -2.1249995
[9][0][2], -5.1749997, -5.874999, -3.7249994
[10][0][0], -0.75, -0.47499993, -0.3250001
[10][0][1], -2.4499998, -2.875, -2.15
[10][0][2], -3.475, -4.9249997, -4.025
[11][0][0], 1.0250015, 1.4500015, 1.9500015
[11][0][1], -1.5999985, -1.9499985, -1.1749985
[11][0][2], -2.4499984, -3.9999986, -3.2499983
[12][0][0], 1.2500007, 1.6500008, 2.4250007
[12][0][1], -0.4999992, -0.07499922, 0.20000078
[12][0][2], -0.6749993, -1.8249993, -2.4749992
[13][0][0], -0.29999846, 1.1500015, 2.3500016
[13][0][1], -2.2749984, -0.34999847, 0.5750015
[13][0][2], -2.1499984, -1.6499984, -2.0749986
[14][0][0], 0.20000154, 1.6750016, 2.4250014
[14][0][1], -1.8749985, -0.92499846, -0.8499985
[14][0][2], -1.6249985, -2.4749985, -3.6749983
[15][0][0], 0.6000007, 1.9250008, 2.8250008
[15][0][1], -1.2749991, 0.07500079, 0.32500073
[15][0][2], -1.2749991, -1.4749992, -2.5249991
[16][0][0], 2.600001, 2.8750012, 1.9750012
[16][0][1], 0.075001135, -0.5499989, -1.974999
[16][0][2], -0.99999887, -2.9499989, -4.574999
[17][0][0], 1.325002, 2.025002, 2.1500018
[17][0][1], 0.5500019, 0.1250019, -0.6249981
[17][0][2], -0.7749982, -2.874998, -3.974998
[18][0][0], 0.35000116, 0.35000113, 1.0000011
[18][0][1], -1.6249988, -2.4999988, -2.3249989
[18][0][2], -2.6999989, -4.949999, -5.124999
[19][0][0], 2.4250002, 1.4, 1.05
[19][0][1], -0.625, -2.875, -3.125
[19][0][2], -3.125, -6.425, -6.2000003
[20][0][0], 1.1000015, 1.1500015, 1.6500015
[20][0][1], -2.1749983, -2.9999983, -2.1499984
[20][0][2], -5.5499988, -7.4249983, -5.8999987
[21][0][0], 0.6750008, 1.5750008, 2.3500009
[21][0][1], -2.3499992, -2.2749991, -1.3749992
[21][0][2], -4.499999, -5.549999, -4.4749994
[22][0][0], -0.34999922, 0.6500007, 1.5000007
[22][0][1], -3.2749994, -2.9249992, -1.7999992
[22][0][2], -4.4499993, -5.7249994, -4.999999
[23][0][0], 0.82500076, 0.5250007, 1.1500007
[23][0][1], -1.8249993, -3.0249991, -2.4749994
[23][0][2], -2.1749992, -5.0999994, -4.9499993
[24][0][0], 0.4500004, 0.15000041, 1.0250003
[24][0][1], -2.4249997, -3.1999996, -1.8749995
[24][0][2], -2.9749997, -4.5999994, -2.9249995
[25][0][0], -0.17499964, 0.7750004, 0.9750004
[25][0][1], -4.7249994, -3.3999996, -1.8499995
[25][0][2], -6.2249994, -5.5749993, -3.4749997
[26][0][0], 0.05000116, 0.8250011, 0.8250012
[26][0][1], -2.8249989, -3.1499987, -3.274999
[26][0][2], -4.749999, -6.4999986, -6.374999
[27][0][0], 0.025002271, 1.1000023, 1.1000023
[27][0][1], -2.1249976, -2.0749977, -1.7749977
[27][0][2], -3.4999976, -4.8499975, -4.3999977
[28][0][0], -0.44999883, 0.1000011, 0.8250012
[28][0][1], -3.874999, -4.5499988, -2.974999
[28][0][2], -3.0999987, -5.3499994, -4.149999
[29][0][0], -0.52499926, 0.72500074, 1.3750008
[29][0][1], -4.8249993, -3.624999, -1.6499991
[29][0][2], -4.899999, -4.4749994, -2.3999991
[30][0][0], 0.975, 3.025, 3.7999997
[30][0][1], -5.3250003, -3.65, -1.725
[30][0][2], -7.7500005, -6.625, -4.05
[31][0][0], -3.1749983, -2.8249984, -1.5499985
[31][0][1], -3.2499986, -3.0499985, -2.4749985
[31][0][2], -4.274998, -4.4499984, -4.1249986
[32][0][0], -0.72499883, -0.77499884, -1.7749989
[32][0][1], -2.7249987, -3.1999989, -3.974999
[32][0][2], -3.7999988, -4.6749988, -4.9749985
[33][0][0], -0.9749985, 0.9750015, 1.8500016
[33][0][1], -3.1999986, -2.6749985, -1.6749985
[33][0][2], -5.2249985, -6.2749987, -5.0999985
[34][0][0], 0.22500004, 1.875, 1.9
[34][0][1], -3.125, -2.325, -1.7750001
[34][0][2], -6.0249996, -6.5750003, -5.35
[35][0][0], -0.1499992, 1.5250007, 1.9000008
[35][0][1], -3.2999992, -2.4249992, -1.6499991
[35][0][2], -5.024999, -5.624999, -4.549999
[36][0][0], -0.024998084, 2.200002, 3.075002
[36][0][1], -1.2999979, -0.024998099, 0.2250019
[36][0][2], -2.124998, -2.1999981, -2.3999982
[37][0][0], 1.9500004, 2.6500006, 3.0750003
[37][0][1], 0.60000044, 1.2250004, 1.0500004
[37][0][2], -1.0999997, -1.6999996, -2.2499995
[38][0][0], 1.125, 3.1, 3.825
[38][0][1], -0.35000002, 1.95, 2.5500002
[38][0][2], -1.725, -0.7, -0.49999997
[39][0][0], 0.22499996, 2.1750002, 3.5
[39][0][1], -1.5, 0.275, 1.35
[39][0][2], -2.725, -2.0, -1.05
[40][0][0], -1.0249994, -1.1999993, 0.72500086
[40][0][1], -2.1249993, -2.1249993, -0.64999926
[40][0][2], -2.0749993, -2.9749992, -2.4999993
[41][0][0], 1.7500015, 2.9500015, 3.7500017
[41][0][1], -1.6749985, -0.7999985, -0.34999844
[41][0][2], -3.2999985, -3.5249984, -3.2749984
[42][0][0], -0.4499988, 3.5250013, 5.650001
[42][0][1], -3.724999, -0.42499882, 0.90000117
[42][0][2], -5.3999987, -3.9999988, -3.349999
[43][0][0], -2.7249992, -0.24999928, 0.2750008
[43][0][1], -4.3249993, -1.4499993, -0.6249992
[43][0][2], -5.2499995, -3.5999994, -3.0999994
[44][0][0], -1.2999984, 0.5750016, 0.5750015
[44][0][1], -2.4999983, -0.44999847, -0.54999846
[44][0][2], -3.8999987, -2.5749984, -2.3749986
[45][0][0], -0.32499892, 0.45000112, -0.5499989
[45][0][1], -2.049999, -0.6499988, -0.4749989
[45][0][2], -5.149999, -3.1999989, -0.69999886
[46][0][0], 0.10000157, 0.45000148, -0.099998415
[46][0][1], -0.8999984, 0.25000155, 0.6500015
[46][0][2], -3.3249984, -0.97499853, 1.0750015
[47][0][0], 0.82500196, 0.5500019, -0.024998114
[47][0][1], 1.9000019, 2.2250018, 1.4750019
[47][0][2], 1.200002, 2.150002, 1.8500019
[48][0][0], 0.52500117, 1.6000012, 0.7000012
[48][0][1], 1.0750011, 1.4250011, 0.20000115
[48][0][2], 0.92500114, 0.5000012, -0.24999885
[49][0][0], 0.3500004, 1.0250005, 1.1500005
[49][0][1], 0.15000036, 0.62500036, 0.2000004
[49][0][2], -0.6749996, -0.5499996, -0.8499996
[50][0][0], -0.24999814, 1.5750018, 2.5500019
[50][0][1], -1.3999981, 0.47500193, 0.8750019
[50][0][2], -1.799998, -0.59999806, -0.024998099
[51][0][0], 0.100000024, 0.54999995, 2.375
[51][0][1], -1.875, -1.0500001, 0.875
[51][0][2], -3.45, -2.85, -0.675
[52][0][0], 1.6000001, 3.3, 4.2749996
[52][0][1], -0.5, 0.84999996, 1.9250001
[52][0][2], -3.0, -1.9749999, -0.12499997
[53][0][0], 2.7, 4.2, 3.775
[53][0][1], 1.725, 2.525, 1.6750001
[53][0][2], -0.92499995, -0.825, -1.1
[54][0][0], 1.5250008, 2.8000007, 2.1250007
[54][0][1], -0.77499926, 0.6750008, 0.70000076
[54][0][2], -2.7249994, -1.7249992, -1.4249992
[55][0][0], 2.0000012, 3.3250012, 2.6750014
[55][0][1], 0.10000116, -0.024998888, -0.9999988
[55][0][2], -2.049999, -2.499999, -2.3999991
[56][0][0], 0.8, 2.475, 2.8000002
[56][0][1], 0.35000002, 0.85, 0.39999998
[56][0][2], 0.20000002, 0.099999994, -0.35000002
[57][0][0], 1.7000006, 2.5000007, 2.4750009
[57][0][1], 0.22500077, 0.57500076, 0.35000074
[57][0][2], -0.8749993, -0.9749992, -0.8499992
[58][0][0], 0.77500033, 1.4500003, 1.1500003
[58][0][1], -0.62499964, -0.74999964, -1.4749995
[58][0][2], -0.7749996, -1.7249997, -2.6999996
[59][0][0], -0.14999807, 0.9000019, 1.3500018
[59][0][1], -0.32499805, -0.5749981, -1.3749981
[59][0][2], -0.8499981, -2.3249981, -3.474998
[60][0][0], 0.100001544, 2.0000014, 1.8000015
[60][0][1], -1.0499985, 0.07500154, -0.1499985
[60][0][2], -2.8249984, -2.6749985, -2.3249986
[61][0][0], -0.74999917, 1.4000008, 1.8750007
[61][0][1], -1.5749993, -1.0999992, -1.5749992
[61][0][2], -2.7249994, -3.8999994, -4.674999
[62][0][0], 1.1697412E-6, 1.7500011, 2.1500013
[62][0][1], -2.9499989, -2.5749989, -2.3749988
[62][0][2], -4.199999, -5.5249987, -5.5249987
[63][0][0], 0.25000075, 1.4500008, 1.6500006
[63][0][1], -3.1749992, -2.6499994, -2.3249993
[63][0][2], -4.974999, -5.449999, -5.0999994
[64][0][0], 2.8000007, 3.7500007, 3.4000006
[64][0][1], 0.5750008, 0.17500076, -1.2999992
[64][0][2], -1.9999993, -3.3249993, -4.799999
[65][0][0], 2.375, 2.6749997, 1.8
[65][0][1], 0.05000004, -0.39999998, -1.7
[65][0][2], -1.6250001, -2.7, -4.025
[66][0][0], 2.800001, 2.9250007, 1.3500006
[66][0][1], 0.82500076, -0.39999923, -2.8499992
[66][0][2], -0.49999928, -2.4999993, -4.9499993
[67][0][0], 1.6750003, 2.2250004, 2.1000006
[67][0][1], 1.3750005, 0.6250004, -1.0249996
[67][0][2], -0.6749996, -1.5499995, -3.2999997
[68][0][0], 2.4250011, 2.1750011, 1.0500011
[68][0][1], 2.775001, 2.200001, -0.19999886
[68][0][2], 1.1250012, 0.65000117, -2.049999
[69][0][0], 1.2750003, 1.6250004, 1.0500003
[69][0][1], 1.5250003, 2.0000005, 0.3000004
[69][0][2], 1.0250003, 1.7000003, -0.6249996
[70][0][0], 2.000001, 0.32500073, -1.8999991
[70][0][1], 1.1000007, 0.050000787, -1.4499993
[70][0][2], 0.100000784, -0.39999926, -1.7999992
[71][0][0], 2.5250018, 2.1750019, 0.3500019
[71][0][1], 1.1000018, 0.10000189, -1.4749981
[71][0][2], 0.22500187, -1.074998, -1.9499981
[72][0][0], 2.3750002, 4.675, 4.7500005
[72][0][1], 0.8500004, 2.6250005, 2.4500005
[72][0][2], -0.07499963, 0.95000035, 0.35000038
[73][0][0], 0.5250004, 2.7750003, 4.825001
[73][0][1], 0.57500035, 1.9500003, 3.1000004
[73][0][2], -0.049999654, 0.10000044, 0.30000043
[74][0][0], 3.375, 4.125, 4.225
[74][0][1], 3.1000001, 3.7000003, 3.075
[74][0][2], 3.0, 3.425, 2.325
[75][0][0], 2.775, 3.6, 3.9250002
[75][0][1], 3.375, 3.7250001, 2.675
[75][0][2], 2.65, 2.7, 0.975
[76][0][0], 1.8750014, 2.5250015, 3.6750016
[76][0][1], 0.9000015, 1.4500015, 2.0750015
[76][0][2], 0.80000156, 1.3000015, 1.4250015
[77][0][0], 3.775, 4.7750006, 5.8750005
[77][0][1], 1.8750004, 2.7000003, 3.3500004
[77][0][2], 0.95000035, 1.9000003, 2.5750003
[78][0][0], 3.0000014, 3.6750016, 5.0000014
[78][0][1], 1.0500015, 1.7000015, 2.9250016
[78][0][2], 0.6500015, 1.5000015, 2.6750016
[79][0][0], 4.9750004, 4.875, 5.0250006
[79][0][1], 2.8750005, 1.7750003, 1.0750003
[79][0][2], 1.1000004, -0.5749996, -1.4249996
[80][0][0], 1.2250011, 3.0750012, 4.150001
[80][0][1], -0.17499885, 1.1000012, 1.3250011
[80][0][2], -2.1999989, -1.3749988, -1.0999988
[81][0][0], 1.1750004, 3.6250002, 4.8
[81][0][1], -0.024999611, 1.9250004, 2.9500003
[81][0][2], -2.0999997, -0.99999964, -0.22499962
[82][0][0], 1.8000004, 3.5500002, 4.3000007
[82][0][1], 0.32500035, 1.6750004, 2.2750003
[82][0][2], 4.172325E-7, -0.12499963, -0.4749996
[83][0][0], 2.3750005, 2.5500004, 2.9750004
[83][0][1], 0.57500035, 1.0750004, 1.3750004
[83][0][2], 0.025000371, -0.12499958, -0.4749996
[84][0][0], 1.275, 3.625, 4.975
[84][0][1], -0.87500006, 0.675, 1.6750001
[84][0][2], -1.125, -0.97499996, -0.85
[85][0][0], 1.6250005, 4.175, 5.875001
[85][0][1], 0.8000004, 1.6750004, 1.7250004
[85][0][2], 0.12500039, -0.9249996, -2.0249996
[86][0][0], 1.1750011, 2.2000012, 2.850001
[86][0][1], 1.275001, 1.6000011, 1.1750011
[86][0][2], 1.6000011, 0.67500114, -0.94999886
[87][0][0], 1.4500011, 2.8500013, 2.350001
[87][0][1], 1.7000011, 2.975001, 1.8500011
[87][0][2], 1.9250011, 2.150001, 0.30000117
[88][0][0], 1.1250011, 2.0250013, 1.8500011
[88][0][1], 2.350001, 2.8750012, 2.350001
[88][0][2], 2.4750013, 1.9250011, 0.87500113
[89][0][0], 1.5500015, 1.1250015, 1.0750015
[89][0][1], 0.32500154, 0.5500015, 0.62500155
[89][0][2], 0.6500015, 0.8500016, 0.35000154
[90][0][0], -0.59999967, 0.57500035, 2.7750006
[90][0][1], -0.8499996, 0.6000003, 1.8750005
[90][0][2], -0.3249996, 0.8500004, 1.0250005
[91][0][0], -1.0249996, 1.0250005, 2.9250004
[91][0][1], -1.6499996, 0.075000376, 1.4250004
[91][0][2], -2.2749996, -0.9999996, 0.025000364
[92][0][0], -1.8249996, 0.6000004, 2.9250002
[92][0][1], -1.4999996, 0.6750003, 2.6250005
[92][0][2], -0.5499996, 0.50000036, 1.3250003
[93][0][0], 0.9500012, 2.350001, 3.7000012
[93][0][1], 0.15000111, 2.0750012, 3.1500013
[93][0][2], 0.30000114, 1.3750012, 1.5750011
[94][0][0], -0.89999956, 0.6750004, 2.8000002
[94][0][1], -3.4999995, -1.3749996, 1.6750004
[94][0][2], -3.7749996, -2.0499995, 0.80000037
[95][0][0], -0.69999886, 1.3750011, 1.8750011
[95][0][1], -2.399999, -0.47499892, 0.050001115
[95][0][2], -3.224999, -1.9499989, -1.2749989
[96][0][0], -1.2499988, -0.22499883, -0.074998856
[96][0][1], -1.8749989, -0.19999883, 0.17500117
[96][0][2], -2.6749988, -1.4499989, -0.8749989
[97][0][0], -0.7499992, -0.54999924, -0.7249992
[97][0][1], -1.5999992, -1.1499991, -1.0999992
[97][0][2], -2.4499993, -2.6499991, -2.6499991
[98][0][0], 0.6250004, 1.2250004, 0.8000003
[98][0][1], -0.17499962, 0.5000004, 0.3000004
[98][0][2], -2.0249996, -2.0749996, -1.6499996
[99][0][0], -0.92499995, 0.35, 1.0749999
[99][0][1], -1.325, -0.15, 0.65000004
[99][0][2], -3.4250002, -3.0000002, -1.8
[100][0][0], -0.9999996, 0.8250004, 1.5250003
[100][0][1], -1.6249995, -0.17499964, 0.6000004
[100][0][2], -3.2999997, -2.8999996, -2.2749996
[101][0][0], -1.8499993, -0.024999201, 0.32500076
[101][0][1], -2.324999, -0.34999922, 0.5000008
[101][0][2], -3.7249992, -2.5999992, -1.3999993
[102][0][0], -0.34999806, 0.5250019, -0.22499812
[102][0][1], -1.199998, 0.27500188, 0.37500188
[102][0][2], -3.2749982, -2.2749982, -1.2249981
[103][0][0], -0.7249996, -0.4249996, -1.3499997
[103][0][1], -0.8749996, 0.30000037, -0.12499958
[103][0][2], -1.7999996, -0.9749996, -0.92499965
[104][0][0], -1.6000001, -1.15, -1.6249999
[104][0][1], -2.0, -0.82500005, -0.70000005
[104][0][2], -2.5500002, -0.975, -0.27500004
[105][0][0], -1.599999, -0.24999884, 0.35000107
[105][0][1], -0.8499987, 0.10000116, 0.3500012
[105][0][2], -1.3999989, -0.7499988, -0.34999886
[106][0][0], -1.8249992, 0.025000691, 0.87500083
[106][0][1], -0.9499992, 1.4750007, 2.7250009
[106][0][2], -1.9249992, 0.025000751, 1.6000007
[107][0][0], -3.1749997, -1.2749996, -0.6749996
[107][0][1], -2.5499997, 0.52500033, 1.7500004
[107][0][2], -2.6749997, 0.10000039, 1.6500003
[108][0][0], -1.7999997, -0.6999997, -0.37499952
[108][0][1], -3.5999997, -0.54999954, 1.7250003
[108][0][2], -3.8999999, -0.8249996, 2.1000004
[109][0][0], 0.09999996, 0.82500005, 1.85
[109][0][1], -3.35, -1.35, 1.825
[109][0][2], -4.025, -2.325, 1.425
[110][0][0], 0.325, 0.79999995, 1.875
[110][0][1], -1.675, -1.5, 0.099999994
[110][0][2], -1.75, -2.3999999, -0.525
[111][0][0], 0.05000031, 1.5750005, 2.8000007
[111][0][1], -0.92499965, 0.2500004, 1.3250004
[111][0][2], -0.9999997, -0.6499996, 0.3250004
[112][0][0], -0.89999914, 0.95000076, 2.5250006
[112][0][1], 2.0500007, 2.8750007, 2.3500009
[112][0][2], 3.0500007, 2.0000007, -0.07499924
[113][0][0], 0.95000184, 0.2750019, -0.34999812
[113][0][1], 2.425002, 1.8000019, 0.8750019
[113][0][2], 2.775002, 1.2750019, -0.2999981
[114][0][0], 0.85, 1.35, 0.92500013
[114][0][1], 1.3, 0.675, -0.3
[114][0][2], 0.6, -1.125, -2.15
[115][0][0], -0.49999967, 0.3750004, 1.1750004
[115][0][1], 0.25000036, 0.2750004, 0.47500038
[115][0][2], -0.07499963, -1.4249997, -1.6249996
[116][0][0], 0.9, 1.5999999, 2.025
[116][0][1], 0.15000004, 0.15000004, 0.099999994
[116][0][2], -1.0249999, -2.0, -2.1
[117][0][0], -0.25000006, 0.6250001, 1.125
[117][0][1], 0.050000012, 0.525, 0.45000002
[117][0][2], -0.375, -0.9750001, -1.6750001
[118][0][0], 0.37499994, 1.95, 2.525
[118][0][1], 0.875, 2.025, 1.4749999
[118][0][2], 0.525, 0.575, -0.85
[119][0][0], 3.0000007, 3.9000008, 3.6000009
[119][0][1], 1.7250009, 1.7000008, 0.65000075
[119][0][2], -0.27499923, -1.6999993, -2.9749992
[120][0][0], 4.8750005, 4.3750005, 2.8500006
[120][0][1], 4.5250006, 2.8250003, 0.42500037
[120][0][2], 3.7000003, 0.80000037, -1.7999996
[121][0][0], 2.9750004, 1.7250003, 1.0000005
[121][0][1], 2.7500005, 1.8000004, 0.70000035
[121][0][2], 2.0250006, 1.0500003, 0.32500038
[122][0][0], 3.0000012, 1.9750011, 1.2000012
[122][0][1], 1.6750011, 0.85000116, 0.35000116
[122][0][2], 1.0500011, 0.40000114, 0.55000114
[123][0][0], 2.0750015, 2.7250013, 2.7000017
[123][0][1], 2.1750016, 2.1500015, 1.1750015
[123][0][2], 2.1500015, 1.5750015, 0.3000015
[124][0][0], 0.12500149, 1.5250015, 2.1500015
[124][0][1], -0.3249985, 0.9000016, 1.3500016
[124][0][2], -0.6499985, -0.3999985, -0.4999985
[125][0][0], -0.9999988, 1.2750012, 2.2250013
[125][0][1], -1.8249989, -0.09999883, 0.80000114
[125][0][2], -1.7999989, -1.2999988, -0.7749989
[126][0][0], -1.8999984, 0.3250016, 2.1000016
[126][0][1], -2.5249984, -0.6999985, 0.45000157
[126][0][2], -1.8499985, -1.5499985, -1.4749986
[127][0][0], -1.4249996, 4.0605664E-7, 2.0750003
[127][0][1], -2.2249997, -0.5749996, 1.1250004
[127][0][2], -1.4749997, -0.9249996, -0.09999961
[128][0][0], 1.275, 2.25, 3.225
[128][0][1], -0.25000003, 0.75, 1.4749999
[128][0][2], -1.775, -1.375, -0.57500005
[129][0][0], 0.17500001, 2.3500001, 3.65
[129][0][1], -1.05, 0.85, 1.875
[129][0][2], -2.05, -0.6999999, 0.099999964
[130][0][0], -0.5, 1.2750001, 1.7
[130][0][1], -0.575, 1.9, 2.3500001
[130][0][2], -1.4499999, 1.2249999, 2.025
[131][0][0], -2.124999, -1.4999988, -2.149999
[131][0][1], 0.025001138, 0.77500117, -0.04999888
[131][0][2], -0.37499887, 0.65000117, 1.0000012
[132][0][0], 0.4500015, -1.2749985, -3.5249987
[132][0][1], 0.4250015, -1.1499984, -2.4499984
[132][0][2], -2.5999985, -3.3749986, -1.7249985
[133][0][0], 0.30000156, -1.0499983, -2.5499985
[133][0][1], -0.8749985, -3.1499984, -3.5999985
[133][0][2], -3.4499984, -6.2249985, -4.4999986
[134][0][0], 0.1000008, 1.1500008, 1.6500008
[134][0][1], 0.22500075, 2.000001, 2.625001
[134][0][2], -0.6999992, 1.0500007, 1.9250008
[135][0][0], -2.9249988, -0.94999874, 1.3000011
[135][0][1], -2.099999, 0.42500117, 3.000001
[135][0][2], -1.3999989, 0.8250011, 2.875001
[136][0][0], -1.1749992, 0.6750008, 2.1000009
[136][0][1], 0.22500077, 2.5500007, 4.300001
[136][0][2], 0.12500076, 1.9750007, 3.4750009
[137][0][0], -0.39999965, 0.9000004, 1.5000004
[137][0][1], -0.6749996, 1.2750003, 2.9000006
[137][0][2], -1.2749996, 0.30000037, 1.9250003
[138][0][0], 0.07500011, 1.2249999, 2.2250001
[138][0][1], -0.5, 0.8, 1.9250001
[138][0][2], -1.425, -0.45, 0.475
[139][0][0], -0.049999952, 1.7, 2.775
[139][0][1], 0.90000004, 2.275, 2.9
[139][0][2], 0.024999976, 0.52500004, 0.92499995
[140][0][0], -1.5749999, 1.025, 2.3500001
[140][0][1], 0.525, 3.65, 4.45
[140][0][2], 1.025, 3.45, 3.45
[141][0][0], -0.72499996, -0.825, -2.05
[141][0][1], 0.22500002, 2.05, 2.225
[141][0][2], 1.1175871E-8, 2.225, 3.0500002
[142][0][0], -2.525, -2.6750002, -3.15
[142][0][1], -0.9499999, -0.35, 0.19999996
[142][0][2], -0.025000036, 0.85, 1.7249999
[143][0][0], -1.5499992, -1.8249992, -1.9999993
[143][0][1], -1.7499994, -0.6999992, 0.17500077
[143][0][2], -1.3749993, 0.37500072, 1.9250008
[144][0][0], 1.0750012, 1.5000011, 0.90000117
[144][0][1], -0.17499888, 0.85000116, 0.80000114
[144][0][2], -1.0249989, 0.7500012, 1.5500011
[145][0][0], 1.6500013, 2.475001, 2.450001
[145][0][1], 1.025001, 1.9750012, 1.7750012
[145][0][2], 0.42500108, 1.4750011, 1.900001
[146][0][0], -0.525, 0.0, 0.125
[146][0][1], -2.4499998, -1.0999999, 0.40000004
[146][0][2], -3.4250002, -1.5749999, 0.92499995
[147][0][0], -1.3000001, -1.6, -1.5250001
[147][0][1], -1.3500001, -1.2750001, -0.975
[147][0][2], -1.125, -0.675, -0.225
[148][0][0], -1.1499999, -3.2250001, -3.4499998
[148][0][1], -0.475, -2.4, -2.35
[148][0][2], -1.2, -2.5, -1.75
[149][0][0], -1.2249992, -2.5499992, -1.8499992
[149][0][1], -2.3249993, -2.8999991, -1.7999992
[149][0][2], -2.6499991, -2.7999992, -1.6249992
[150][0][0], -1.1499996, -2.2249997, -1.4249997
[150][0][1], -3.8749995, -3.3999996, -1.2999996
[150][0][2], -4.5999994, -3.0749996, -0.34999964
[151][0][0], 0.45000005, 0.39999992, 1.1250001
[151][0][1], -2.75, -2.35, -0.47500002
[151][0][2], -4.4249997, -3.425, -0.42499998
[152][0][0], 0.42499998, 0.70000005, 0.95
[152][0][1], -2.6499999, -1.875, -0.725
[152][0][2], -3.625, -2.125, -0.050000012
[153][0][0], 1.8499999, 2.55, 1.9749999
[153][0][1], -0.55, 0.15, -0.12499997
[153][0][2], -0.8000001, 0.17500003, 0.5
[154][0][0], 0.42500043, -0.39999968, -0.5249997
[154][0][1], -0.87499964, -0.9499996, -0.54999965
[154][0][2], -0.9749996, -0.24999961, 0.47500038
[155][0][0], -0.5749992, -0.57499915, -0.32499918
[155][0][1], -0.27499926, -0.1749992, -0.6999992
[155][0][2], 0.12500076, 0.52500075, -0.09999925
[156][0][0], 0.8000004, 2.1500003, 2.1250005
[156][0][1], -0.57499963, 0.32500038, 0.10000037
[156][0][2], -1.8999997, -1.2999997, -1.0249996
[157][0][0], -0.8749996, -0.37499964, 0.4500004
[157][0][1], -2.2999997, -1.5499997, -0.5749996
[157][0][2], -2.3749995, -1.3249997, -0.47499967
[158][0][0], -0.64999855, -0.07499844, 0.40000156
[158][0][1], -2.3749986, -2.1999984, -1.7249986
[158][0][2], -3.3749986, -3.0499985, -2.2249985
[159][0][0], 0.8250015, 0.90000147, 0.40000153
[159][0][1], -0.79999846, -0.94999844, -1.1749985
[159][0][2], -2.1749983, -2.1499987, -1.8249985
[160][0][0], 0.22500078, 1.4000008, 2.2000008
[160][0][1], -0.3249992, 0.75000083, 1.5250008
[160][0][2], -2.074999, -0.92499924, 0.3000008
[161][0][0], -0.7999989, -0.5499989, 0.15000114
[161][0][1], -0.74999887, 0.97500116, 2.3500013
[161][0][2], -1.9499989, 0.40000117, 2.025001
[162][0][0], 0.1250004, 1.3750005, 2.7250004
[162][0][1], -0.8499996, 0.80000037, 3.4500003
[162][0][2], -2.9749997, -1.9249996, 1.4250004
[163][0][0], -0.59999967, 1.6000004, 3.5000005
[163][0][1], -0.24999963, 2.2500005, 4.5750003
[163][0][2], -0.7999997, 0.7000004, 2.5250006
[164][0][0], -1.7249988, 0.90000117, 3.800001
[164][0][1], -2.6749988, 0.92500114, 5.0750012
[164][0][2], -4.399999, -1.3749988, 3.0000012
[165][0][0], -2.5499988, 0.12500119, 3.8250012
[165][0][1], -3.474999, 0.37500113, 5.575001
[165][0][2], -4.6749988, -1.4249989, 3.7250013
[166][0][0], 0.12500034, 2.2750003, 4.8250003
[166][0][1], -1.7749996, 1.7250004, 5.6250005
[166][0][2], -4.049999, -0.34999967, 3.7750006
[167][0][0], -0.84999883, 1.4250011, 3.8500013
[167][0][1], -0.24999884, 2.8000011, 5.650001
[167][0][2], -1.1749989, 2.125001, 4.925001
[168][0][0], -1.4249997, -0.2249996, 2.6750002
[168][0][1], -0.72499967, 1.4500004, 4.4500003
[168][0][2], -0.9999996, 1.3750004, 3.7750006
[169][0][0], 0.9750004, 0.10000044, 2.0750003
[169][0][1], 1.6250004, 1.5750003, 3.7250004
[169][0][2], 0.65000033, 1.9500004, 4.125
[170][0][0], 3.0250008, 2.3750007, 2.6750007
[170][0][1], 3.9750006, 3.875001, 4.7750006
[170][0][2], 2.2250009, 2.3750007, 3.7250009
[171][0][0], 2.2750008, 0.65000075, 0.45000076
[171][0][1], 4.0250006, 3.7000008, 4.2250004
[171][0][2], 2.9000008, 3.3250008, 4.350001
[172][0][0], 0.27499998, -1.175, -1.4250001
[172][0][1], 1.7, 1.65, 3.15
[172][0][2], 0.5, 1.55, 4.475
[173][0][0], 0.52500033, -0.9499997, -1.2749996
[173][0][1], 0.2750004, 0.50000036, 2.8000002
[173][0][2], -2.3249996, -0.52499956, 4.0750003
[174][0][0], 1.400001, 0.87500113, 0.12500115
[174][0][1], -0.19999887, 1.1000011, 3.0000012
[174][0][2], -2.1999989, 0.40000114, 4.2000012
[175][0][0], 1.1324883E-6, 1.7000011, 2.025001
[175][0][1], -1.6749988, 1.5750011, 3.8750012
[175][0][2], -1.9749988, 2.9250011, 6.825001
[176][0][0], 0.7750011, 2.3750012, 3.2000012
[176][0][1], 1.3500011, 4.9500012, 6.7000012
[176][0][2], 1.3000011, 6.6000013, 9.300001
[177][0][0], 1.3250023, 2.5750022, 3.9000025
[177][0][1], 2.8250022, 6.200002, 7.900002
[177][0][2], 3.8250022, 8.5250025, 10.350002
[178][0][0], 1.8, 2.675, 3.5
[178][0][1], 3.85, 5.4749994, 6.25
[178][0][2], 4.725, 6.775, 7.4500003
[179][0][0], 2.825, 2.625, 2.75
[179][0][1], 4.9249997, 4.7749996, 4.75
[179][0][2], 5.5, 5.8, 5.825
[180][0][0], 4.075, 3.775, 3.1749997
[180][0][1], 4.25, 3.725, 3.3250003
[180][0][2], 3.5500002, 3.25, 3.375
[181][0][0], 6.05, 5.225, 3.475
[181][0][1], 4.85, 3.925, 2.75
[181][0][2], 2.025, 1.9749999, 2.45
[182][0][0], 3.6000001, 4.0, 3.9
[182][0][1], 3.4250002, 4.625, 4.875
[182][0][2], 1.375, 2.925, 4.05
[183][0][0], 2.225, 2.9, 3.225
[183][0][1], 3.4250002, 4.4, 4.65
[183][0][2], 3.05, 3.7499998, 3.8999999
[184][0][0], 4.275, 3.5749998, 2.775
[184][0][1], 4.0, 2.825, 2.2749999
[184][0][2], 2.575, 1.6, 2.475
[185][0][0], 3.8500004, 2.2500005, 2.3750002
[185][0][1], 3.0750005, 1.4500003, 2.4000006
[185][0][2], 2.0500004, 1.3000004, 3.8250003
[186][0][0], 2.5249999, 1.875, 3.025
[186][0][1], 2.125, 3.275, 5.825
[186][0][2], 1.8, 4.2999997, 7.8250003
[187][0][0], 2.0000012, 2.275001, 2.650001
[187][0][1], 4.4750013, 5.825001, 6.200001
[187][0][2], 4.175001, 6.7250013, 7.8000016
[188][0][0], 3.775001, 2.9000006, 2.6750007
[188][0][1], 3.6000009, 3.5750008, 4.2500005
[188][0][2], 2.2250006, 2.9000008, 4.125001
[189][0][0], 1.8, 0.72499996, 1.3750001
[189][0][1], 1.125, 2.15, 3.975
[189][0][2], 0.975, 3.15, 5.025
[190][0][0], 1.6750004, 0.5500004, 1.9000003
[190][0][1], 1.5500004, 1.8250004, 3.9000006
[190][0][2], 1.4500004, 2.7750003, 4.65
[191][0][0], 3.9500005, 2.6750002, 2.2750003
[191][0][1], 4.175, 4.0750003, 4.175
[191][0][2], 3.9750004, 4.7250004, 5.0750003
[192][0][0], 6.2250004, 5.0250006, 4.1500006
[192][0][1], 6.025, 6.0250006, 5.9000006
[192][0][2], 4.4000006, 5.55, 6.4750004
[193][0][0], 4.5249996, 4.025, 4.1000004
[193][0][1], 3.25, 3.375, 4.45
[193][0][2], 1.875, 2.7, 4.475
[194][0][0], 2.4250007, 2.775001, 2.675001
[194][0][1], 2.0750008, 2.9750006, 3.5250006
[194][0][2], 0.47500077, 1.7250009, 2.7500007
[195][0][0], 1.3500001, 2.4499998, 3.3999999
[195][0][1], -0.4, 1.825, 4.425
[195][0][2], -2.475, 0.325, 3.675
[196][0][0], 1.125, 2.675, 4.125
[196][0][1], 0.70000005, 4.05, 6.2749996
[196][0][2], -0.925, 3.975, 6.9
[197][0][0], 2.6, 3.8500001, 3.4250002
[197][0][1], 2.75, 6.025, 6.5249996
[197][0][2], 0.099999994, 5.25, 7.5750003
[198][0][0], 2.875, 2.175, 0.525
[198][0][1], 3.525, 3.75, 2.575
[198][0][2], 0.97499996, 3.925, 4.925
[199][0][0], 1.625, 0.32500008, -0.14999998
[199][0][1], 2.625, 2.6999998, 3.1999998
[199][0][2], 1.275, 3.9499998, 6.325
[200][0][0], 0.6, 0.024999991, -0.45000005
[200][0][1], 2.225, 2.825, 3.05
[200][0][2], 0.975, 3.775, 5.75
[201][0][0], 2.8000007, 2.2000008, 1.1750008
[201][0][1], 5.075001, 5.100001, 4.050001
[201][0][2], 4.225001, 6.2500005, 6.6000004
[202][0][0], 0.90000075, 1.0000007, 2.3250008
[202][0][1], 4.0250006, 4.100001, 4.525001
[202][0][2], 4.7750006, 6.100001, 6.575001
[203][0][0], 2.8250017, 2.8250017, 3.2250016
[203][0][1], 5.7750015, 5.4000015, 4.6750016
[203][0][2], 5.6000013, 6.1500015, 5.4500017
[204][0][0], 3.7000008, 2.750001, 2.5000007
[204][0][1], 5.625001, 4.9000006, 4.0500007
[204][0][2], 4.0250006, 5.3250003, 5.7250004
[205][0][0], 1.9750018, 1.5250019, 2.5250018
[205][0][1], 2.250002, 3.000002, 4.2000017
[205][0][2], 0.60000193, 4.675002, 7.5250015
[206][0][0], 1.75, 1.775, 2.0249999
[206][0][1], 2.25, 4.3250003, 5.375
[206][0][2], 1.9, 7.2749996, 9.775
[207][0][0], 2.1, 1.775, 1.125
[207][0][1], 3.0, 4.45, 4.35
[207][0][2], 3.425, 7.525, 8.25
[208][0][0], 0.09999998, 0.725, 1.85
[208][0][1], 0.325, 2.925, 5.075
[208][0][2], -0.79999995, 3.95, 7.2250004
[209][0][0], 0.12500158, 1.0750015, 2.8250015
[209][0][1], -2.4999986, -0.049998462, 3.4750016
[209][0][2], -5.5749984, -1.2749984, 4.0000014
[210][0][0], 2.1, 2.25, 2.875
[210][0][1], -1.1250001, -0.12499994, 1.925
[210][0][2], -5.6499996, -3.325, 0.925
[211][0][0], 0.8000001, 1.0250001, 1.05
[211][0][1], -2.475, -1.65, -0.19999999
[211][0][2], -6.2, -4.4, -1.15
[212][0][0], -0.050000004, -0.42500004, 0.5249999
[212][0][1], -5.05, -4.2999997, -0.6749999
[212][0][2], -9.525, -7.2999997, -1.15
[213][0][0], 1.5500001, 3.125, 3.8
[213][0][1], -0.37500012, 4.5, 7.9249997
[213][0][2], -3.35, 3.8, 9.85
[214][0][0], 1.4999999, 4.2749996, 4.7250004
[214][0][1], 2.35, 7.05, 8.3
[214][0][2], 1.75, 7.05, 8.9
[215][0][0], 2.2750003, 3.7000003, 4.175
[215][0][1], 3.4750004, 5.8500004, 6.2250004
[215][0][2], 3.0000002, 6.0750003, 6.8
[216][0][0], -0.049999267, 1.2250007, 2.9500008
[216][0][1], 0.82500076, 3.7750006, 6.350001
[216][0][2], 0.7000008, 4.225001, 6.675001
[217][0][0], -1.0, 0.6, 1.75
[217][0][1], -1.8749999, 0.9750001, 3.6
[217][0][2], -1.625, 1.5, 4.25
[218][0][0], 1.075, 1.65, 2.025
[218][0][1], -1.9500002, -1.25, 0.55
[218][0][2], -3.7749999, -2.8249998, 0.050000027
[219][0][0], -0.67499924, 0.9500007, 3.0500007
[219][0][1], -2.9999993, -0.9499992, 1.8750007
[219][0][2], -3.6499991, -1.5249993, 1.4750007
[220][0][0], -1.0749985, 0.6000015, 2.3750017
[220][0][1], -2.7249987, -0.9499985, 1.4500015
[220][0][2], -3.8999984, -1.9749985, 0.7750015
[221][0][0], 0.6000015, 2.4250016, 3.2000015
[221][0][1], -0.099998444, 1.8750015, 2.6750016
[221][0][2], -1.2999984, 0.57500154, 1.5000014
[222][0][0], 0.35000086, 2.6500008, 3.6250007
[222][0][1], -0.02499929, 1.9250007, 3.150001
[222][0][2], -1.4499992, -0.049999237, 1.4000007
[223][0][0], -1.125, 0.99999994, 3.2
[223][0][1], -2.3, -0.42500004, 2.3500001
[223][0][2], -3.6750002, -1.9749999, 1.05
[224][0][0], 1.6000011, 2.7500012, 3.7750013
[224][0][1], -0.12499887, 0.3500011, 1.4750012
[224][0][2], -1.5499989, -1.2999989, 0.20000115
[225][0][0], 0.825, 1.1500001, 1.325
[225][0][1], -0.17499998, 0.27500004, 1.15
[225][0][2], -1.45, -0.525, 1.15
[226][0][0], -0.5499996, 0.15000041, 0.92500037
[226][0][1], -1.4499996, 0.10000038, 1.5250003
[226][0][2], -2.6249995, -0.24999964, 1.6250004
[227][0][0], 0.92500156, 1.9750015, 1.6250014
[227][0][1], -1.0749984, 0.37500152, 0.95000154
[227][0][2], -2.7499986, -1.6749985, -0.47499847
[228][0][0], 1.7500007, 3.025001, 2.2000008
[228][0][1], -2.8999991, -0.39999926, 1.3250008
[228][0][2], -5.7249994, -2.6499994, 1.2500008
[229][0][0], 1.9250001, 1.9000002, 0.39999998
[229][0][1], -0.099999964, 2.4500003, 3.275
[229][0][2], -1.4499999, 3.425, 6.525
[230][0][0], 1.9000001, 1.45, 1.375
[230][0][1], 4.625, 5.7750006, 5.55
[230][0][2], 5.65, 8.125, 7.775
[231][0][0], 1.5999999, 1.025, 0.82500005
[231][0][1], 3.95, 4.8250003, 4.625
[231][0][2], 4.5, 6.325, 5.9249997
[232][0][0], 1.7249999, 2.25, 1.925
[232][0][1], 2.5749998, 4.1000004, 3.85
[232][0][2], 2.1, 4.425, 4.4
[233][0][0], 1.5000001, 1.875, 2.375
[233][0][1], 1.7, 3.125, 3.775
[233][0][2], 1.5500001, 3.5, 4.1749997
[234][0][0], 2.375, 4.0, 4.675
[234][0][1], 1.15, 3.0749998, 4.275
[234][0][2], -0.85, 0.8249999, 2.7250001
[235][0][0], 2.3, 4.275, 6.0750003
[235][0][1], -0.55, 2.025, 4.875
[235][0][2], -3.2749999, -0.425, 3.4
[236][0][0], 2.175, 3.5749998, 5.1499996
[236][0][1], -1.5999999, 0.325, 3.55
[236][0][2], -4.3, -2.3, 2.15
[237][0][0], -0.074999966, 1.05, 2.825
[237][0][1], -2.175, -1.0749999, 1.7
[237][0][2], -3.15, -2.3, 0.65
[238][0][0], -0.34999964, 1.4500004, 2.6000004
[238][0][1], -1.3999996, -0.1749996, 1.0500004
[238][0][2], -2.1249995, -1.4249997, -0.27499962
[239][0][0], 0.9250004, 2.4500003, 3.2250004
[239][0][1], -0.9249996, 0.37500042, 1.1250004
[239][0][2], -2.2749996, -1.3249996, -0.39999962
[240][0][0], -0.49999923, 0.77500075, 1.0250008
[240][0][1], -3.449999, -1.7249992, -0.5749992
[240][0][2], -5.0499997, -3.324999, -1.6749991
[241][0][0], -0.22499964, 0.2250004, -0.07499966
[241][0][1], -1.3999996, -0.6749996, -0.49999964
[241][0][2], -3.0999997, -2.0499995, -0.8999996
[242][0][0], 0.85000116, 0.10000114, -0.94999886
[242][0][1], 0.15000114, -0.14999884, -0.3249989
[242][0][2], -0.84999883, -0.8749988, -0.34999886
[243][0][0], 1.9500008, 1.4000008, -0.79999924
[243][0][1], 0.57500076, 0.77500075, 0.27500075
[243][0][2], -1.4249994, -0.8749993, 0.12500077
[244][0][0], 0.9250008, 1.8000007, 0.30000076
[244][0][1], -1.2999992, 0.025000747, -0.49999923
[244][0][2], -2.5499992, -1.3499992, -0.8499992
[245][0][0], 0.70000005, 1.15, 0.12499994
[245][0][1], -2.55, -1.075, -0.45000005
[245][0][2], -3.6750002, -1.425, 0.45000002
[246][0][0], 0.85, 0.17499998, -1.55
[246][0][1], -0.825, 0.42499992, -0.04999999
[246][0][2], -0.775, 2.2, 3.1
[247][0][0], -0.82499963, -3.0999997, -3.7249994
[247][0][1], 2.0750003, 0.35000044, -0.5749996
[247][0][2], 3.6500006, 3.7000005, 3.6750004
[248][0][0], -1.2749984, -3.0499985, -2.5749984
[248][0][1], -0.14999846, -1.7749984, -0.6249985
[248][0][2], 0.9750015, 0.8500015, 3.8500013
[249][0][0], -0.75, -0.55, 0.725
[249][0][1], 0.9250001, 1.725, 3.95
[249][0][2], 2.95, 4.375, 7.275
[250][0][0], 1.25, 1.75, 2.55
[250][0][1], 3.4, 4.4750004, 5.375
[250][0][2], 6.2, 7.1000004, 7.1000004
[251][0][0], 6.05, 4.0, 1.9499998
[251][0][1], 7.0, 4.8250003, 2.375
[251][0][2], 7.0499997, 5.025, 2.35
[252][0][0], 4.4750013, 2.5250013, 0.72500116
[252][0][1], 5.4750013, 3.5750012, 1.1000011
[252][0][2], 5.0250015, 3.7250013, 1.2500011
[253][0][0], 4.1250005, 2.125001, 0.5250007
[253][0][1], 4.4000006, 3.0250008, 1.6500008
[253][0][2], 1.4250007, 1.7500007, 1.6500007
[254][0][0], 3.6500003, 1.2000003, -1.3249997
[254][0][1], 3.4000006, 1.5750003, 0.4000004
[254][0][2], -0.29999962, -0.3499996, 1.3250003
[255][0][0], 0.84999996, 0.025, -0.07499993
[255][0][1], -0.225, 0.40000004, 2.725
[255][0][2], -3.15, -0.65, 4.8500004
[256][0][0], 0.12500036, -0.67499965, -0.8999997
[256][0][1], 0.62500036, 3.1500003, 5.0000005
[256][0][2], -0.12499964, 5.5250006, 9.45
[257][0][0], 2.775, 0.52500004, -0.82500005
[257][0][1], 6.425, 5.425, 3.85
[257][0][2], 7.5, 7.8499994, 6.5
[258][0][0], 0.67499995, -1.95, -0.62499994
[258][0][1], 3.2249997, 0.67499995, 1.7
[258][0][2], 3.2749999, 1.425, 2.525
[259][0][0], -0.84999996, -1.95, -0.27500004
[259][0][1], -0.47500002, -1.35, 0.77500004
[259][0][2], -1.175, -1.4749999, 0.975
[260][0][0], -2.375, -2.675, -0.050000012
[260][0][1], -3.275, -2.7, 1.175
[260][0][2], -4.1000004, -2.45, 2.45
[261][0][0], -2.325, -0.67499983, 2.05
[261][0][1], -3.35, 0.22500002, 4.95
[261][0][2], -4.65, 0.75, 7.5499997
[262][0][0], -2.2749999, -0.42499995, 2.125
[262][0][1], -2.6499999, 2.15, 7.0249996
[262][0][2], -2.5, 4.4249997, 10.825
[263][0][0], 0.9500011, 3.400001, 4.900001
[263][0][1], 0.025001146, 5.175001, 7.950001
[263][0][2], 0.42500114, 6.8750014, 10.025002
[264][0][0], 1.3000004, 3.4250002, 4.3250003
[264][0][1], 2.4250004, 6.0250006, 6.8
[264][0][2], 4.05, 7.9500003, 8.150001
[265][0][0], 0.30000037, 1.8750005, 2.0750003
[265][0][1], 2.0500004, 5.7750006, 6.1250005
[265][0][2], 3.0250003, 6.875001, 6.875
[266][0][0], 1.3500007, 2.2000008, 2.4500008
[266][0][1], 0.8750008, 3.3000007, 3.9250007
[266][0][2], 1.2750008, 4.000001, 4.550001
[267][0][0], 0.375, 1.0250001, 1.1500001
[267][0][1], 0.5, 2.125, 1.9999999
[267][0][2], 1.575, 3.475, 2.725
[268][0][0], 1.1250011, 0.8250012, -0.024998844
[268][0][1], 0.8750012, 1.275001, 0.5750011
[268][0][2], 1.4250013, 1.9500011, 1.275001
[269][0][0], 0.025001481, -1.0499984, -1.7749985
[269][0][1], -0.84999853, -0.5999985, -0.9749985
[269][0][2], -0.32499844, 0.5250015, 0.25000152
[270][0][0], -0.8499985, -1.9499985, -1.9499985
[270][0][1], -2.2749987, -2.8499985, -2.0249984
[270][0][2], -1.6749985, -2.4499986, -1.6499985
[271][0][0], -2.8999982, -3.8999982, -2.5249982
[271][0][1], -4.0499983, -4.5499983, -2.049998
[271][0][2], -2.6499982, -3.2749982, -0.3999982
[272][0][0], -0.40000004, -0.49999997, 0.22500005
[272][0][1], -2.6499999, -0.27499998, 2.875
[272][0][2], -3.25, 0.35, 5.4999995
[273][0][0], -0.52500004, -0.55, -0.17499997
[273][0][1], -1.2249999, 0.575, 2.325
[273][0][2], -0.75, 1.5749999, 4.325
[274][0][0], 0.6750001, 0.5, 0.049999997
[274][0][1], -0.45000002, 1.1999999, 1.875
[274][0][2], 1.0, 3.225, 4.5750003
[275][0][0], 2.125001, 3.0250013, 2.5250013
[275][0][1], -0.17499888, 3.975001, 4.9500012
[275][0][2], 0.7500012, 6.775001, 8.500001
[276][0][0], 1.8500007, 3.8500009, 4.325001
[276][0][1], -0.9749992, 4.575001, 6.900001
[276][0][2], -1.1249993, 6.8000007, 10.375
[277][0][0], -1.75, 0.27499995, 3.275
[277][0][1], -2.5, 2.125, 6.175
[277][0][2], -1.8000001, 4.05, 8.0
[278][0][0], -2.875, -1.875, -0.050000012
[278][0][1], -2.9, 0.22499996, 3.1
[278][0][2], -1.2749999, 2.6, 5.175
[279][0][0], -1.25, -0.22499993, 0.7249999
[279][0][1], -2.85, -0.575, 1.375
[279][0][2], -2.225, 0.425, 2.2
[280][0][0], 1.325, 1.9, 1.45
[280][0][1], 0.45, 1.625, 1.5
[280][0][2], -0.12499994, 1.05, 1.0
[281][0][0], 0.9499999, 2.6499999, 2.675
[281][0][1], -1.7249999, 0.45, 1.175
[281][0][2], -2.3500001, -0.95, -0.54999995
[282][0][0], 1.875, 3.4499998, 3.75
[282][0][1], -2.175, -0.97499996, 0.125
[282][0][2], -4.0, -3.5, -1.975
[283][0][0], 0.925, 1.775, 1.775
[283][0][1], -1.325, -0.6, 0.24999997
[283][0][2], -3.9499998, -3.125, -1.125
[284][0][0], 1.975, 1.775, 0.6
[284][0][1], 0.09999998, -0.024999991, -0.3
[284][0][2], -1.5, -1.65, -1.25
[285][0][0], 1.1250015, 1.6500015, 0.8500016
[285][0][1], -0.49999845, -0.7249985, -1.4749985
[285][0][2], -1.9249985, -2.5999985, -2.9249983
[286][0][0], 0.22500002, 0.5, 2.4214387E-8
[286][0][1], -0.75, -0.675, -1.275
[286][0][2], -1.3, -1.925, -2.925
[287][0][0], 0.47500038, 1.2750003, 1.4750004
[287][0][1], -1.6999996, -0.8999996, -0.44999963
[287][0][2], -2.6499996, -2.7249994, -2.9249997
[288][0][0], -1.4499996, -1.4999995, -0.6499996
[288][0][1], -3.4749997, -3.4249997, -2.0499997
[288][0][2], -3.2999997, -3.7999997, -2.7249997
[289][0][0], -1.175, -0.95000005, 0.20000002
[289][0][1], -3.775, -3.0500002, -1.1999999
[289][0][2], -4.55, -3.5, -1.3249999
[290][0][0], 0.9250004, 1.2250004, 0.97500044
[290][0][1], -1.5249996, -0.92499965, -0.84999955
[290][0][2], -3.1999996, -2.4249997, -2.0499997
[291][0][0], 0.6750015, 0.50000155, -0.9249985
[291][0][1], -1.3249985, -1.6999985, -2.7999983
[291][0][2], -2.5749984, -2.8749986, -3.2999985
[292][0][0], 0.025001198, -1.3749988, -2.8249989
[292][0][1], -1.0749989, -2.499999, -3.9999986
[292][0][2], -1.9499989, -3.1499991, -4.374999
[293][0][0], -0.39999887, -1.7499988, -2.9749987
[293][0][1], -2.4249988, -3.1999989, -3.149999
[293][0][2], -3.0749989, -3.1999989, -1.8499988
[294][0][0], -0.8249996, -1.1249998, -1.3999996
[294][0][1], -2.7749996, -2.0249996, -1.0999997
[294][0][2], -3.5249996, -1.5749996, 0.5500004
[295][0][0], 0.9250001, 0.17500004, -0.67499995
[295][0][1], -0.6, -0.12500003, 0.100000024
[295][0][2], -2.625, 0.3, 2.9499998
[296][0][0], 1.1750001, 0.099999905, -1.3
[296][0][1], -1.575, -1.725, -1.275
[296][0][2], -4.25, -3.3, -0.325
[297][0][0], -0.6749984, -2.6249986, -4.1499987
[297][0][1], -2.0249984, -3.6749985, -4.0999985
[297][0][2], -2.5749984, -3.5999985, -2.7999985
[298][0][0], 1.0000012, 0.10000117, -1.1499989
[298][0][1], 0.10000114, -0.9249988, -1.6499989
[298][0][2], -0.8499989, -1.7749989, -1.9749988
[299][0][0], 0.625, -0.049999952, -1.0250001
[299][0][1], 0.39999998, 0.049999997, -0.82500005
[299][0][2], -0.825, -1.325, -2.0
[300][0][0], -0.87499994, -1.1750002, -1.825
[300][0][1], -1.0999999, -1.1, -1.275
[300][0][2], -1.7499999, -1.9499999, -1.925
[301][0][0], -0.5249988, -0.9749989, -2.1999989
[301][0][1], -1.3999989, -1.5749989, -2.3749988
[301][0][2], -1.4999988, -1.8999988, -2.3749988
[302][0][0], -0.3499996, -1.3249996, -2.5249996
[302][0][1], -1.4249996, -1.4999996, -1.8249996
[302][0][2], -1.7749996, -1.3499997, -1.0999995
[303][0][0], -2.2999985, -3.4249983, -3.9499984
[303][0][1], -1.7499983, -1.6749984, -1.6249985
[303][0][2], -0.37499848, 0.5250015, 0.7250015
[304][0][0], -0.5499985, -1.9249985, -2.0499983
[304][0][1], -0.024998486, -1.1249986, -1.5999985
[304][0][2], 0.97500145, -0.1999985, -1.1749985
[305][0][0], 0.7500007, -0.5999993, -1.5749995
[305][0][1], 0.5000008, -0.79999924, -1.8249992
[305][0][2], 0.9750008, -0.6249992, -2.0249991
[306][0][0], 1.6750007, 0.025000721, -1.7749991
[306][0][1], 1.2500007, -0.37499923, -2.5249991
[306][0][2], 0.80000085, -0.79999924, -2.6249993
[307][0][0], -0.775, -1.7249999, -2.25
[307][0][1], 0.62499994, 0.25, -0.65000004
[307][0][2], 0.0, 0.0, -0.70000005
[308][0][0], -2.2749977, -3.3249977, -4.4249973
[308][0][1], -2.3999977, -2.7749977, -3.449998
[308][0][2], -1.4999976, -1.7499977, -2.3749976
[309][0][0], -3.3749993, -3.8249993, -3.3249993
[309][0][1], -3.3999994, -3.7499993, -3.0499992
[309][0][2], -2.7249992, -3.3499992, -2.9499993
[310][0][0], -1.4249992, -0.54999924, -0.09999927
[310][0][1], -3.0999992, -2.2249992, -1.1749992
[310][0][2], -4.574999, -4.1999993, -2.7499993
[311][0][0], 0.17500149, 0.6500015, -0.29999846
[311][0][1], -2.1999984, -2.3499985, -2.5249984
[311][0][2], -4.5999985, -5.124998, -4.2999983
[312][0][0], -1.1499996, -0.6499996, -1.0499996
[312][0][1], -3.2749996, -3.2999997, -3.1999998
[312][0][2], -5.399999, -5.875, -4.95
[313][0][0], -0.7999996, -2.3749995, -2.4999995
[313][0][1], -3.9999995, -5.1249995, -3.8999996
[313][0][2], -6.325, -6.7, -4.2
[314][0][0], -1.2249995, -2.6999996, -1.9999998
[314][0][1], -3.1499996, -5.325, -4.2
[314][0][2], -5.299999, -6.7499995, -4.3749995
[315][0][0], -2.474999, -4.4249988, -5.0249987
[315][0][1], -2.8249989, -4.699999, -4.574999
[315][0][2], -3.6749988, -5.1249986, -4.099999
[316][0][0], -0.9499989, -2.9249988, -3.9999988
[316][0][1], -2.6749988, -3.8749988, -3.624999
[316][0][2], -3.2499988, -3.5499988, -2.1749988
[317][0][0], -0.44999886, -1.6749988, -1.1749989
[317][0][1], -2.2999988, -2.4999988, -1.349999
[317][0][2], -2.799999, -2.4749987, -1.1999989
[318][0][0], -0.39999884, -1.2499988, -1.8249989
[318][0][1], -2.099999, -1.2999988, -0.37499887
[318][0][2], -2.2499988, -0.3749988, 1.2750012
[319][0][0], 0.075001165, -0.9249988, -2.0499988
[319][0][1], -1.0749989, -0.39999887, -0.074998856
[319][0][2], -1.0499988, 1.925001, 4.0750012
[320][0][0], -3.4999988, -4.5499988, -2.849999
[320][0][1], -5.499999, -4.474999, 0.32500112
[320][0][2], -5.9249988, -3.5499988, 3.000001
[321][0][0], -1.3249989, -2.7999988, -3.274999
[321][0][1], -3.474999, -4.2499986, -2.5499988
[321][0][2], -4.4249988, -4.3999987, -1.0499989
[322][0][0], 0.125, -0.67499995, -0.82500005
[322][0][1], -2.875, -3.5, -2.05
[322][0][2], -4.1, -4.575, -2.05
[323][0][0], -0.85, -0.42500004, 0.49999994
[323][0][1], -3.15, -2.625, -0.775
[323][0][2], -3.425, -3.2, -1.4250001
[324][0][0], -1.3999984, -2.0249984, -2.3499985
[324][0][1], -2.6249986, -1.9749985, -0.3999985
[324][0][2], -3.3749983, -2.8249984, -0.7999985
[325][0][0], -2.75, -4.2, -5.25
[325][0][1], -2.575, -3.15, -2.9250002
[325][0][2], -2.7, -3.3, -2.425
[326][0][0], -0.6999999, -2.375, -3.75
[326][0][1], -2.1, -3.1750002, -3.1999998
[326][0][2], -3.15, -4.1, -2.775
[327][0][0], -0.62499964, -1.4249996, -1.2499996
[327][0][1], -2.1499996, -2.5499997, -1.3999996
[327][0][2], -3.5249994, -3.5999994, -1.2499996
[328][0][0], -3.4749987, -5.324999, -5.749999
[328][0][1], -3.1999989, -3.4999988, -2.349999
[328][0][2], -3.2999988, -2.7999988, -0.9249988
[329][0][0], -2.3749988, -3.774999, -4.574999
[329][0][1], -2.599999, -2.5249987, -1.9499989
[329][0][2], -2.224999, -0.94999886, 0.6250012
[330][0][0], -0.6749989, -1.6999989, -2.0749989
[330][0][1], -1.8249989, -1.5249989, -1.0749989
[330][0][2], -1.1249988, -0.14999884, 0.35000113
[331][0][0], 3.2000015, 2.8250017, 1.9000015
[331][0][1], 0.20000152, 0.025001496, 0.100001514
[331][0][2], -1.2999984, -1.0749985, -0.19999847
[332][0][0], 2.2000008, 1.3000008, 0.57500076
[332][0][1], -0.49999928, -1.6499993, -1.5249991
[332][0][2], -2.3249993, -3.1999993, -2.4499993
[333][0][0], 2.3500016, 0.37500152, -0.29999846
[333][0][1], -1.8999984, -3.9499984, -3.5999985
[333][0][2], -3.0999985, -4.6499987, -3.6749985
[334][0][0], 0.55000114, -1.7999988, -1.724999
[334][0][1], -2.2999988, -4.5249987, -3.7749991
[334][0][2], -2.9999988, -4.6249986, -3.424999
[335][0][0], 0.7250016, -0.5249985, -0.39999855
[335][0][1], -1.9249984, -2.6499987, -1.5499985
[335][0][2], -2.0499985, -2.8999984, -1.9499984
[336][0][0], -0.3499996, -1.0249996, -0.44999963
[336][0][1], -2.7249994, -3.3749995, -2.0749996
[336][0][2], -2.3749995, -3.6249998, -2.9499993
[337][0][0], 2.6250012, 1.8250011, 1.650001
[337][0][1], 0.32500115, -0.7749988, -0.49999884
[337][0][2], -0.34999883, -2.3249989, -2.5749989
[338][0][0], 1.9500004, 1.6250002, 0.70000035
[338][0][1], 1.2000004, 1.5000002, 1.2250004
[338][0][2], 2.2500005, 1.7250004, 0.67500037
[339][0][0], 1.2750012, 0.52500117, -0.6749988
[339][0][1], 1.3500011, 0.15000117, -1.0249989
[339][0][2], 3.650001, 1.3250012, -0.37499887
[340][0][0], 0.9750008, 1.7000008, 1.6000007
[340][0][1], 2.125001, 3.400001, 3.4750009
[340][0][2], 3.0500007, 4.250001, 4.575001
[341][0][0], -0.9249996, -0.7749996, -1.5499997
[341][0][1], -3.3499997, -2.6999996, -1.4499996
[341][0][2], -4.0999994, -3.5249999, -0.99999964
[342][0][0], 0.8, 1.5749999, 1.725
[342][0][1], -1.475, -1.175, -0.825
[342][0][2], -3.4499998, -3.9, -3.2
[343][0][0], -1.3249992, -0.49999923, 0.3000008
[343][0][1], -2.9249992, -2.2249992, -1.1499991
[343][0][2], -4.4499993, -4.4749994, -3.1999993
[344][0][0], -2.924998, -3.874998, -4.149998
[344][0][1], -3.349998, -3.899998, -3.249998
[344][0][2], -3.4249978, -4.1749983, -2.799998
[345][0][0], 2.5750003, 2.4750004, 2.4250002
[345][0][1], -0.74999964, -0.94999963, 0.0500004
[345][0][2], -3.5999997, -3.6249998, -0.9249997
[346][0][0], -0.8, -0.47500002, 0.17500001
[346][0][1], -2.825, -1.8000001, -0.07499999
[346][0][2], -3.8000002, -2.575, 1.4901161E-8
[347][0][0], -2.3249998, -2.8000002, -2.65
[347][0][1], -3.9, -3.95, -3.275
[347][0][2], -4.05, -3.525, -2.175
[348][0][0], -1.5999986, -1.7749984, -2.1749985
[348][0][1], -4.1249986, -3.7749987, -2.7249985
[348][0][2], -4.1749988, -4.0749984, -2.3749983
[349][0][0], -0.5749992, -1.2249992, -1.9749993
[349][0][1], -3.1499991, -3.999999, -4.0999994
[349][0][2], -3.224999, -4.0749993, -3.549999
[350][0][0], 1.2000018, 0.5250019, -0.27499807
[350][0][1], -2.674998, -2.499998, -2.249998
[350][0][2], -3.7749982, -2.8249981, -1.3249981
[351][0][0], 0.8000008, 0.82500076, -0.07499926
[351][0][1], -1.6999992, -0.9999993, -0.5249992
[351][0][2], -3.199999, -1.9749992, -0.29999924
[352][0][0], -1.6999984, -1.6499984, -3.5999985
[352][0][1], -1.9999985, -1.3749986, -1.9249985
[352][0][2], -2.5999985, -2.1749983, -1.5749985
[353][0][0], -1.3999991, -0.89999926, -2.2999992
[353][0][1], -2.6749992, -1.4999992, -1.5499992
[353][0][2], -3.6999993, -2.3749993, -1.0999992
[354][0][0], -1.2749989, -2.4499989, -3.6999989
[354][0][1], -2.474999, -2.7749991, -2.474999
[354][0][2], -3.3249989, -2.6999989, -0.82499886
[355][0][0], -2.4, -4.225, -5.1
[355][0][1], -3.225, -3.25, -1.7750001
[355][0][2], -3.15, -1.5, 1.6250001
[356][0][0], -1.0999997, -1.6249995, -2.0249996
[356][0][1], -3.5999994, -1.7749996, 0.35000044
[356][0][2], -3.1999993, 0.075000435, 3.2000005
[357][0][0], -2.099999, -2.5749989, -1.599999
[357][0][1], -2.6999986, -1.3999989, 0.67500114
[357][0][2], -2.399999, -0.5249989, 1.6750011
[358][0][0], -4.0749993, -3.5499992, -2.1749992
[358][0][1], -4.524999, -2.874999, -0.024999216
[358][0][2], -4.3499994, -2.4749994, 0.72500074
[359][0][0], -3.499999, -3.0499992, -2.4249992
[359][0][1], -4.774999, -3.574999, -0.92499924
[359][0][2], -5.674999, -3.7749991, 0.025000762
[360][0][0], 0.14999998, -0.099999994, 0.17499998
[360][0][1], -1.7249999, -1.525, -0.275
[360][0][2], -3.4750001, -2.4, 0.099999964
[361][0][0], -1.5250001, -3.2, -3.8
[361][0][1], -1.325, -2.375, -2.0
[361][0][2], -2.4, -2.275, -0.575
[362][0][0], -0.19999848, -2.0749984, -4.9249983
[362][0][1], -1.4999985, -2.3499985, -2.9999986
[362][0][2], -3.2999985, -2.9249985, -1.5249984
[363][0][0], -0.90000004, -1.725, -2.1
[363][0][1], -2.075, -2.675, -1.85
[363][0][2], -4.15, -4.325, -2.1
[364][0][0], -0.24999924, -0.39999926, 0.20000078
[364][0][1], -2.1249993, -2.0749993, -0.7499993
[364][0][2], -4.249999, -4.6249995, -2.8499992

vwnd.time[365]
1954776.0, 1954800.0, 1954824.0, 1954848.0, 1954872.0, 1954896.0, 1954920.0, 1954944.0, 1954968.0, 1954992.0, 1955016.0, 1955040.0, 1955064.0, 1955088.0, 1955112.0, 1955136.0, 1955160.0, 1955184.0, 1955208.0, 1955232.0, 1955256.0, 1955280.0, 1955304.0, 1955328.0, 1955352.0, 1955376.0, 1955400.0, 1955424.0, 1955448.0, 1955472.0, 1955496.0, 1955520.0, 1955544.0, 1955568.0, 1955592.0, 1955616.0, 1955640.0, 1955664.0, 1955688.0, 1955712.0, 1955736.0, 1955760.0, 1955784.0, 1955808.0, 1955832.0, 1955856.0, 1955880.0, 1955904.0, 1955928.0, 1955952.0, 1955976.0, 1956000.0, 1956024.0, 1956048.0, 1956072.0, 1956096.0, 1956120.0, 1956144.0, 1956168.0, 1956192.0, 1956216.0, 1956240.0, 1956264.0, 1956288.0, 1956312.0, 1956336.0, 1956360.0, 1956384.0, 1956408.0, 1956432.0, 1956456.0, 1956480.0, 1956504.0, 1956528.0, 1956552.0, 1956576.0, 1956600.0, 1956624.0, 1956648.0, 1956672.0, 1956696.0, 1956720.0, 1956744.0, 1956768.0, 1956792.0, 1956816.0, 1956840.0, 1956864.0, 1956888.0, 1956912.0, 1956936.0, 1956960.0, 1956984.0, 1957008.0, 1957032.0, 1957056.0, 1957080.0, 1957104.0, 1957128.0, 1957152.0, 1957176.0, 1957200.0, 1957224.0, 1957248.0, 1957272.0, 1957296.0, 1957320.0, 1957344.0, 1957368.0, 1957392.0, 1957416.0, 1957440.0, 1957464.0, 1957488.0, 1957512.0, 1957536.0, 1957560.0, 1957584.0, 1957608.0, 1957632.0, 1957656.0, 1957680.0, 1957704.0, 1957728.0, 1957752.0, 1957776.0, 1957800.0, 1957824.0, 1957848.0, 1957872.0, 1957896.0, 1957920.0, 1957944.0, 1957968.0, 1957992.0, 1958016.0, 1958040.0, 1958064.0, 1958088.0, 1958112.0, 1958136.0, 1958160.0, 1958184.0, 1958208.0, 1958232.0, 1958256.0, 1958280.0, 1958304.0, 1958328.0, 1958352.0, 1958376.0, 1958400.0, 1958424.0, 1958448.0, 1958472.0, 1958496.0, 1958520.0, 1958544.0, 1958568.0, 1958592.0, 1958616.0, 1958640.0, 1958664.0, 1958688.0, 1958712.0, 1958736.0, 1958760.0, 1958784.0, 1958808.0, 1958832.0, 1958856.0, 1958880.0, 1958904.0, 1958928.0, 1958952.0, 1958976.0, 1959000.0, 1959024.0, 1959048.0, 1959072.0, 1959096.0, 1959120.0, 1959144.0, 1959168.0, 1959192.0, 1959216.0, 1959240.0, 1959264.0, 1959288.0, 1959312.0, 1959336.0, 1959360.0, 1959384.0, 1959408.0, 1959432.0, 1959456.0, 1959480.0, 1959504.0, 1959528.0, 1959552.0, 1959576.0, 1959600.0, 1959624.0, 1959648.0, 1959672.0, 1959696.0, 1959720.0, 1959744.0, 1959768.0, 1959792.0, 1959816.0, 1959840.0, 1959864.0, 1959888.0, 1959912.0, 1959936.0, 1959960.0, 1959984.0, 1960008.0, 1960032.0, 1960056.0, 1960080.0, 1960104.0, 1960128.0, 1960152.0, 1960176.0, 1960200.0, 1960224.0, 1960248.0, 1960272.0, 1960296.0, 1960320.0, 1960344.0, 1960368.0, 1960392.0, 1960416.0, 1960440.0, 1960464.0, 1960488.0, 1960512.0, 1960536.0, 1960560.0, 1960584.0, 1960608.0, 1960632.0, 1960656.0, 1960680.0, 1960704.0, 1960728.0, 1960752.0, 1960776.0, 1960800.0, 1960824.0, 1960848.0, 1960872.0, 1960896.0, 1960920.0, 1960944.0, 1960968.0, 1960992.0, 1961016.0, 1961040.0, 1961064.0, 1961088.0, 1961112.0, 1961136.0, 1961160.0, 1961184.0, 1961208.0, 1961232.0, 1961256.0, 1961280.0, 1961304.0, 1961328.0, 1961352.0, 1961376.0, 1961400.0, 1961424.0, 1961448.0, 1961472.0, 1961496.0, 1961520.0, 1961544.0, 1961568.0, 1961592.0, 1961616.0, 1961640.0, 1961664.0, 1961688.0, 1961712.0, 1961736.0, 1961760.0, 1961784.0, 1961808.0, 1961832.0, 1961856.0, 1961880.0, 1961904.0, 1961928.0, 1961952.0, 1961976.0, 1962000.0, 1962024.0, 1962048.0, 1962072.0, 1962096.0, 1962120.0, 1962144.0, 1962168.0, 1962192.0, 1962216.0, 1962240.0, 1962264.0, 1962288.0, 1962312.0, 1962336.0, 1962360.0, 1962384.0, 1962408.0, 1962432.0, 1962456.0, 1962480.0, 1962504.0, 1962528.0, 1962552.0, 1962576.0, 1962600.0, 1962624.0, 1962648.0, 1962672.0, 1962696.0, 1962720.0, 1962744.0, 1962768.0, 1962792.0, 1962816.0, 1962840.0, 1962864.0, 1962888.0, 1962912.0, 1962936.0, 1962960.0, 1962984.0, 1963008.0, 1963032.0, 1963056.0, 1963080.0, 1963104.0, 1963128.0, 1963152.0, 1963176.0, 1963200.0, 1963224.0, 1963248.0, 1963272.0, 1963296.0, 1963320.0, 1963344.0, 1963368.0, 1963392.0, 1963416.0, 1963440.0, 1963464.0, 1963488.0, 1963512.0

vwnd.level[1]
850.0

vwnd.lat[3]
27.5, 25.0, 22.5

vwnd.lon[3]
85.0, 87.5, 90.0


