Dataset {
    Grid {
     ARRAY:
        Float32 vwnd[time = 366][level = 1][lat = 3][lon = 3];
     MAPS:
        Float64 time[time = 366];
        Float32 level[level = 1];
        Float32 lat[lat = 3];
        Float32 lon[lon = 3];
    } vwnd;
} Datasets/ncep.reanalysis.dailyavgs/pressure/vwnd.2020.nc;
---------------------------------------------
vwnd.vwnd[366][1][3][3]
[0][0][0], 2.7000015, 2.4750016, 2.5500016
[0][0][1], 0.6000015, -0.024998462, 0.5500015
[0][0][2], 0.02500154, -1.1999984, -0.24999848
[1][0][0], 3.325, 2.0500002, 1.85
[1][0][1], 2.9, 0.79999995, 0.29999998
[1][0][2], 2.7999997, 0.325, -0.099999994
[2][0][0], 2.2000003, 2.2500002, 1.9000003
[2][0][1], 1.1500003, 0.95000035, 0.9000004
[2][0][2], 1.6250005, 1.2500005, 1.5500004
[3][0][0], 1.4750004, 2.4500003, 3.0750003
[3][0][1], -0.17499964, 0.55000037, 0.9000004
[3][0][2], -0.29999962, -0.17499962, -0.14999963
[4][0][0], -1.7499995, -0.2999996, 1.0750004
[4][0][1], -3.3749998, -1.8999996, -0.32499957
[4][0][2], -4.2, -3.5999997, -2.1999998
[5][0][0], -2.85, -1.3999996, -0.57499963
[5][0][1], -4.2749996, -3.3999996, -2.2999997
[5][0][2], -4.1999993, -4.6499996, -3.8499994
[6][0][0], -1.05, -0.92499995, 0.07500008
[6][0][1], -2.925, -3.675, -3.1750002
[6][0][2], -3.575, -5.225, -4.6000004
[7][0][0], 3.8750012, 1.525001, 0.67500114
[7][0][1], 0.9000011, -2.3249989, -3.224999
[7][0][2], -0.5999989, -4.224999, -4.574999
[8][0][0], 3.5000014, 2.9750016, 2.5000014
[8][0][1], 0.6000015, 0.025001526, -0.5999985
[8][0][2], -0.8249985, -1.2749984, -1.6499984
[9][0][0], -0.6999999, -0.65000004, -1.825
[9][0][1], -1.1, -1.1999999, -2.325
[9][0][2], -2.2250001, -2.6249998, -3.225
[10][0][0], -3.7999992, -1.6499993, -0.07499927
[10][0][1], -3.3999991, -1.8999993, -1.0249993
[10][0][2], -3.9249992, -3.6249993, -3.4249992
[11][0][0], -3.65, -1.95, -0.325
[11][0][1], -3.625, -2.3750002, -1.0749999
[11][0][2], -4.35, -4.1, -3.25
[12][0][0], -1.8499985, -1.9749985, -1.0999985
[12][0][1], -4.2749987, -4.0749984, -2.1749985
[12][0][2], -4.949999, -5.3999987, -2.8499985
[13][0][0], 0.57500035, -0.3249996, -0.57499963
[13][0][1], -2.6249998, -3.8499994, -3.4749997
[13][0][2], -3.7249997, -5.7749996, -4.5999994
[14][0][0], -0.24999887, -0.97499883, -1.0499989
[14][0][1], -2.1749988, -3.349999, -3.4499989
[14][0][2], -2.424999, -4.1749988, -4.2999988
[15][0][0], 3.0500007, 1.0000007, -0.3999992
[15][0][1], 7.748604E-7, -2.199999, -3.0749993
[15][0][2], -0.47499925, -2.4749994, -2.7749991
[16][0][0], 6.625, 5.0, 2.55
[16][0][1], 2.225, 0.17500001, -1.625
[16][0][2], 0.12500012, -1.175, -1.5
[17][0][0], 3.0499997, 2.875, 2.15
[17][0][1], 0.27499998, -0.6, -1.875
[17][0][2], -0.325, -1.6500001, -3.15
[18][0][0], 1.0999999, 2.4750001, 2.7749999
[18][0][1], 0.8000001, 1.0, -0.099999994
[18][0][2], -0.100000024, -0.85, -2.3000002
[19][0][0], -0.84999996, -0.57500005, 0.25
[19][0][1], -0.975, -1.0999999, -0.675
[19][0][2], -1.3499999, -2.125, -1.9000001
[20][0][0], -0.20000002, -0.775, 0.175
[20][0][1], -1.5, -2.1999998, -1.35
[20][0][2], -2.025, -3.3000002, -2.775
[21][0][0], -0.09999962, 0.50000036, 1.0000005
[21][0][1], -0.7999996, -1.0499996, -1.4249997
[21][0][2], -2.2249997, -3.6749997, -4.2749996
[22][0][0], 0.25000077, 2.4250007, 3.0250008
[22][0][1], -0.6999993, 0.95000076, 0.97500074
[22][0][2], -2.5249991, -1.9999992, -2.3999994
[23][0][0], -0.6249996, 0.5000004, -0.6749996
[23][0][1], -1.8249996, -0.29999956, -0.5249996
[23][0][2], -3.8999996, -2.8499994, -2.3999996
[24][0][0], 1.475, 2.375, 1.0749999
[24][0][1], 0.225, 1.3499999, 0.325
[24][0][2], -2.625, -2.475, -2.9499998
[25][0][0], -0.9749992, 0.95000076, 1.3000009
[25][0][1], -2.3499992, -0.27499926, 0.10000077
[25][0][2], -3.6499991, -2.7249994, -2.7499993
[26][0][0], -1.9249985, -0.32499847, 1.4000015
[26][0][1], -3.3499985, -2.2999983, -1.0499985
[26][0][2], -3.3249984, -3.8249984, -3.8499985
[27][0][0], 1.5000012, -0.24999888, -0.19999886
[27][0][1], 1.1750011, -1.0999988, -1.7499988
[27][0][2], 1.5750012, -1.3999988, -3.149999
[28][0][0], 2.575002, 2.975002, 1.7750019
[28][0][1], 0.30000192, 0.85000193, -0.6249981
[28][0][2], 0.42500192, -0.19999811, -2.8499982
[29][0][0], 1.3500007, 2.8750007, 2.875001
[29][0][1], -0.79999924, 0.70000076, 0.15000072
[29][0][2], -1.4499992, -0.89999926, -2.3499994
[30][0][0], 1.3249999, 1.8, 2.175
[30][0][1], -0.17500001, 0.67499995, 0.775
[30][0][2], -0.575, -0.425, -0.575
[31][0][0], 2.2250006, 3.4500008, 3.8250005
[31][0][1], 0.40000075, 0.85000074, 0.47500074
[31][0][2], -0.47499925, -0.99999934, -1.7249993
[32][0][0], -2.125, -0.75, 0.32499996
[32][0][1], -1.175, -0.6, -0.45
[32][0][2], -0.54999995, -1.4, -2.625
[33][0][0], 0.20000118, 1.2250011, 1.5500013
[33][0][1], -0.62499887, -0.74999887, -0.84999883
[33][0][2], -2.224999, -3.6999989, -3.8999991
[34][0][0], 1.3500004, 1.8250003, 2.2250004
[34][0][1], 0.025000364, -1.2499995, -1.8499997
[34][0][2], 0.15000036, -3.5499997, -5.2749996
[35][0][0], 0.12500075, 2.0500007, 2.9000006
[35][0][1], -0.6999992, 0.70000076, 0.82500076
[35][0][2], -0.9749992, -1.2499993, -2.0999994
[36][0][0], 0.8500007, 2.0500007, 2.5000007
[36][0][1], -2.0249994, -1.3249993, -0.6999992
[36][0][2], -2.3999991, -2.8999994, -2.7249992
[37][0][0], 2.6499999, 2.175, 1.25
[37][0][1], 0.725, -0.45, -2.175
[37][0][2], 1.575, -0.725, -3.825
[38][0][0], 1.5250007, 3.7000008, 3.0000007
[38][0][1], 0.77500075, 1.3500007, -0.77499926
[38][0][2], 0.7250008, -0.34999925, -3.1249993
[39][0][0], -0.82499844, 0.7250015, 0.87500155
[39][0][1], -1.3999984, -0.74999845, -1.1249985
[39][0][2], -2.4499984, -2.8499985, -2.9499984
[40][0][0], 0.7250015, 2.0250015, 2.4000015
[40][0][1], -1.1999984, -0.5999985, -0.049998462
[40][0][2], -3.4749985, -3.5249984, -2.5249984
[41][0][0], 0.4250007, 1.5250008, 1.9000008
[41][0][1], -0.64999926, 0.37500077, 1.1250007
[41][0][2], -3.4749994, -3.1499994, -1.8249992
[42][0][0], -2.9249992, -0.44999927, 1.1000009
[42][0][1], -3.3249993, -0.7749992, 0.90000075
[42][0][2], -5.199999, -3.7749994, -2.249999
[43][0][0], -3.4749994, -1.6999993, -0.22499919
[43][0][1], -4.749999, -2.4499993, 0.25000075
[43][0][2], -6.6999993, -5.149999, -2.2499993
[44][0][0], -1.8499997, -0.6249996, 0.050000325
[44][0][1], -4.325, -2.4499996, -0.47499958
[44][0][2], -6.5249996, -5.2, -2.6749997
[45][0][0], -1.8749992, -0.3499992, -0.49999923
[45][0][1], -2.5999992, -0.77499926, -0.4749993
[45][0][2], -3.1999993, -2.3999991, -2.449999
[46][0][0], -1.1749984, -0.04999852, 0.20000154
[46][0][1], -2.0749984, -0.42499846, 0.050001547
[46][0][2], -2.3749986, -1.3499985, -1.1249985
[47][0][0], -0.87499845, 0.8500016, 0.9000016
[47][0][1], -1.7999985, -0.4999985, -0.8499985
[47][0][2], -2.4249985, -2.1499984, -2.6999986
[48][0][0], -0.474998, 1.1500019, 1.3000019
[48][0][1], -1.8249981, -0.9999981, -0.82499814
[48][0][2], -2.5249982, -2.8249981, -2.074998
[49][0][0], 0.9250004, 2.1750002, 2.6500003
[49][0][1], -0.07499963, 0.37500036, 0.3750004
[49][0][2], -0.5499996, -1.3999996, -1.3749996
[50][0][0], 2.0750008, 1.4250009, 1.7250006
[50][0][1], 1.0000007, 0.27500078, 0.37500077
[50][0][2], -0.79999924, -1.9249992, -1.9249994
[51][0][0], 3.4500003, 1.7500004, 1.0750004
[51][0][1], 0.7750004, -1.7499995, -2.0499995
[51][0][2], -1.3499995, -3.5249996, -2.6999998
[52][0][0], 1.3500018, 0.1250019, 0.1250019
[52][0][1], -0.34999812, -1.9749981, -1.474998
[52][0][2], -2.4249983, -3.2999983, -1.549998
[53][0][0], 1.9000015, 0.82500154, 0.57500154
[53][0][1], 0.95000154, -0.12499848, 0.27500153
[53][0][2], -0.9499985, -1.5999985, -0.049998477
[54][0][0], 3.875002, 3.400002, 1.6250019
[54][0][1], 2.8500018, 2.075002, 0.4500019
[54][0][2], 1.150002, -0.27499813, -1.2499981
[55][0][0], 2.7000017, 3.1750016, 1.2750015
[55][0][1], 2.9000015, 3.3250015, 0.8000016
[55][0][2], 3.6000018, 3.3000014, 0.4250015
[56][0][0], -0.64999855, 0.95000154, 2.2750015
[56][0][1], -0.7749985, 0.6750015, 1.6000016
[56][0][2], -1.8499985, -0.82499844, 1.5199184E-6
[57][0][0], -2.5749993, -2.7999997, -2.4999995
[57][0][1], -1.3749996, -1.3999996, -1.1749996
[57][0][2], -2.6749997, -2.8249998, -2.3249998
[58][0][0], -0.42499998, -0.47499996, -1.5
[58][0][1], -1.2, -1.55, -2.075
[58][0][2], -1.85, -2.775, -2.775
[59][0][0], -1.1999996, -0.6499996, 0.10000035
[59][0][1], -2.3999996, -1.8499997, -0.69999963
[59][0][2], -3.3749995, -3.0249996, -1.3249996
[60][0][0], -1.0749992, 0.32500076, 2.2750008
[60][0][1], -2.3999991, -1.6749992, 0.20000073
[60][0][2], -3.2499993, -3.0749993, -1.0749993
[61][0][0], -0.17500001, 1.325, 2.95
[61][0][1], -0.625, -0.325, 0.575
[61][0][2], -2.3249998, -2.8249998, -1.7
[62][0][0], 1.3250008, 2.7250009, 2.9500008
[62][0][1], 0.35000077, 1.0500008, 0.72500074
[62][0][2], -0.5499992, -1.1999992, -1.9999993
[63][0][0], 1.6500022, 3.7000022, 3.9250023
[63][0][1], 1.0500023, 2.2750025, 1.7250024
[63][0][2], 1.3500023, 0.6500023, -0.7749977
[64][0][0], 1.4250016, 1.7500014, 2.0000017
[64][0][1], 2.8250015, 2.3750014, 1.1000016
[64][0][2], 4.2000017, 2.2250016, -0.29999846
[65][0][0], 2.7000008, 1.7000008, 1.5250008
[65][0][1], 2.4500008, 1.5250008, 1.0250008
[65][0][2], 3.3500009, 1.4750007, 0.17500076
[66][0][0], 3.350001, 3.300001, 2.2250013
[66][0][1], 2.775001, 2.8500013, 1.5500011
[66][0][2], 3.1250012, 2.525001, 0.75000113
[67][0][0], -1.4999983, -1.0499985, -0.7249985
[67][0][1], -2.6499984, -1.6749985, -0.7749984
[67][0][2], -3.0249984, -2.5499983, -1.6499985
[68][0][0], 0.27500153, 0.75000155, 1.5348196E-6
[68][0][1], -1.8999984, -1.4999986, -1.5999985
[68][0][2], -2.6749983, -3.4249985, -3.5249984
[69][0][0], 0.10000077, 1.2250006, 1.6750007
[69][0][1], -2.0999992, -1.6749992, -1.1999992
[69][0][2], -2.1749992, -3.5499992, -3.6499991
[70][0][0], 1.4750006, 0.45000076, 0.2750007
[70][0][1], 1.0250008, -0.27499923, -1.1249993
[70][0][2], 1.8750008, -0.67499924, -2.5999992
[71][0][0], -0.024999954, -1.375, -1.375
[71][0][1], -0.85, -1.15, -1.0
[71][0][2], 0.775, -0.5, -1.75
[72][0][0], 2.3250003, -0.07499963, -1.9499997
[72][0][1], 0.8750004, -1.2749995, -2.7999997
[72][0][2], 1.4750004, -1.5499997, -3.2249994
[73][0][0], 3.9000006, 2.1250007, 0.7500008
[73][0][1], 2.5000007, -0.99999917, -3.5249991
[73][0][2], 2.2000008, -2.4249992, -5.274999
[74][0][0], 1.5750003, 2.6000004, 3.1250002
[74][0][1], 0.9250004, 0.4000004, -0.4249996
[74][0][2], -0.39999962, -2.1499996, -3.1999993
[75][0][0], -0.34999925, 0.8000008, 0.9750007
[75][0][1], -0.52499926, -0.6249992, -1.2999992
[75][0][2], -1.5749993, -2.7249992, -3.624999
[76][0][0], -0.34999847, 0.35000157, -0.12499845
[76][0][1], -0.5999985, 0.20000154, -0.44999847
[76][0][2], -1.3749985, -1.3499985, -2.1249986
[77][0][0], 0.8250016, 2.5750015, 1.9000015
[77][0][1], -1.0249984, 0.07500151, 1.5050173E-6
[77][0][2], -2.4749985, -2.9749985, -2.8499985
[78][0][0], 1.1500003, 3.3000004, 3.7000003
[78][0][1], -0.97499955, 0.4750004, 0.45000035
[78][0][2], -1.7249995, -2.1249995, -2.7249994
[79][0][0], -0.99999845, 0.45000154, 1.4000015
[79][0][1], -0.5749984, 0.5250015, 0.6750015
[79][0][2], -0.62499845, -1.1249985, -1.7999985
[80][0][0], -1.1999996, -0.2249996, -0.37499958
[80][0][1], 0.025000393, 0.7500004, -0.049999624
[80][0][2], 1.5250003, 1.0250003, -0.69999963
[81][0][0], -1.0249993, -1.0749992, -1.1749992
[81][0][1], -1.5499992, -1.0999992, -1.2749991
[81][0][2], -1.1749992, -0.64999926, -1.5499992
[82][0][0], -3.4249997, -2.7999997, -1.6499997
[82][0][1], -1.2999997, -0.74999964, -0.6749996
[82][0][2], -0.07499963, -0.44999966, -1.5499997
[83][0][0], -2.725, -1.75, -1.625
[83][0][1], -2.1499999, -1.075, -1.325
[83][0][2], -1.05, -1.05, -2.175
[84][0][0], -0.72499883, 0.50000113, 0.30000117
[84][0][1], -2.524999, -1.2999989, -0.8999988
[84][0][2], -2.974999, -3.024999, -2.5749989
[85][0][0], -1.2749996, 0.22500041, 0.25000042
[85][0][1], -2.2749996, -1.4999998, -1.0499996
[85][0][2], -2.7499998, -3.5499995, -3.2249994
[86][0][0], -1.5, -0.2, 5.9604645E-8
[86][0][1], -2.75, -1.8249999, -1.45
[86][0][2], -1.975, -2.7499998, -2.725
[87][0][0], -0.44999927, 1.4500009, 1.7750008
[87][0][1], -3.1249993, -1.2499993, -0.49999923
[87][0][2], -4.0749993, -3.2249992, -2.374999
[88][0][0], 0.32500076, 2.300001, 2.7000008
[88][0][1], -1.7749991, -0.42499924, 7.4505806E-7
[88][0][2], -2.999999, -3.2499993, -3.074999
[89][0][0], -2.0249996, -0.6499996, -0.37499967
[89][0][1], -1.2999997, -0.44999963, -0.8249996
[89][0][2], -0.8249996, -1.6999996, -2.9999995
[90][0][0], -1.4249992, 0.6750007, 1.4250007
[90][0][1], -2.3999991, -0.92499924, -0.42499924
[90][0][2], -2.124999, -2.4249992, -2.7249992
[91][0][0], 0.22500072, 1.1750008, 0.9000008
[91][0][1], -2.1249993, -0.9999992, -1.1249992
[91][0][2], -1.6249993, -1.3249991, -1.6999992
[92][0][0], -0.47499812, 1.7500019, 2.725002
[92][0][1], -2.624998, -0.2249981, 0.7250019
[92][0][2], -2.249998, -0.5499981, 0.07500192
[93][0][0], 0.40000004, 2.3750002, 2.5749998
[93][0][1], -2.3, -0.100000024, 0.775
[93][0][2], -3.425, -2.225, -0.75
[94][0][0], 0.40000004, 1.0999999, 0.5
[94][0][1], -1.1500001, 0.15, 0.14999999
[94][0][2], -2.3, -1.7750001, -1.375
[95][0][0], -1.2249993, 0.8000007, 1.2500008
[95][0][1], -2.2999992, 7.4505806E-7, 0.8250007
[95][0][2], -3.5249994, -1.9749992, -1.0499992
[96][0][0], -2.1499994, 0.37500077, 1.8500007
[96][0][1], -2.4499993, 0.10000074, 1.8000008
[96][0][2], -3.4999993, -1.8249992, -0.14999923
[97][0][0], -2.474999, 0.1750012, 1.4500011
[97][0][1], -2.4499989, 0.075001135, 1.5500011
[97][0][2], -1.474999, -0.27499884, 0.67500114
[98][0][0], -1.0749998, 0.07499995, 0.5
[98][0][1], -1.2249999, 0.17500001, 0.79999995
[98][0][2], -0.39999998, 0.45, 0.9
[99][0][0], -0.87499964, 0.5750004, 1.3500005
[99][0][1], -0.27499962, 0.82500035, 0.92500037
[99][0][2], -0.72499955, -0.4249996, -0.27499962
[100][0][0], -1.6749995, -0.14999962, -0.37499964
[100][0][1], -1.5499997, 0.87500036, 1.0500004
[100][0][2], -1.0749996, 0.9500004, 0.9750004
[101][0][0], -4.1249995, -1.5999995, -0.27499968
[101][0][1], -1.5499996, 1.1750003, 1.7250003
[101][0][2], -1.1249996, 1.0250005, 1.3250003
[102][0][0], -3.6999998, -4.2749996, -4.3999996
[102][0][1], -2.0999994, -1.0499997, -0.7999996
[102][0][2], -1.4499996, -0.2249996, -0.024999619
[103][0][0], -2.1749997, -2.1499996, -2.8999996
[103][0][1], -1.6249996, -0.24999963, -0.12499964
[103][0][2], -1.7249995, -0.3499996, 0.12500037
[104][0][0], -1.1749989, -0.8749988, -2.899999
[104][0][1], -0.72499883, 0.20000112, -1.0999988
[104][0][2], -0.29999885, 0.4000011, 0.07500112
[105][0][0], -1.8499992, -2.0999994, -2.124999
[105][0][1], -1.1499993, -1.2749991, -1.2499993
[105][0][2], -1.3999993, -1.4749992, -0.67499924
[106][0][0], -1.0499982, -0.7499981, -0.8999982
[106][0][1], 0.17500192, 1.2000018, 1.0000019
[106][0][2], 0.7250019, 1.6500018, 1.9500017
[107][0][0], -2.9999993, -2.349999, -1.3999991
[107][0][1], -1.8999991, 0.10000074, 1.5000008
[107][0][2], -0.9249993, 1.3250008, 2.8750007
[108][0][0], -1.0749992, -0.22499922, 0.6750008
[108][0][1], -1.0749992, 0.77500075, 1.4750007
[108][0][2], -0.27499926, 1.7000008, 2.3250008
[109][0][0], 1.0250003, 1.0500003, 1.2750005
[109][0][1], -0.19999963, 0.90000045, 1.5500004
[109][0][2], -0.07499963, 1.0750004, 1.5000002
[110][0][0], -0.6749989, 0.60000104, 1.6250011
[110][0][1], -0.84999883, 1.2250011, 2.1000009
[110][0][2], 0.22500116, 2.2000012, 2.5000012
[111][0][0], 1.900001, 2.400001, 2.650001
[111][0][1], 1.2500012, 1.2750012, 0.6750011
[111][0][2], 1.9500012, 0.7750011, -0.82499886
[112][0][0], 0.9750008, 1.9250008, 1.9250009
[112][0][1], 0.07500076, 0.8750008, 0.52500075
[112][0][2], 0.27500075, 0.37500075, -0.44999924
[113][0][0], -1.4999986, -0.5499984, -0.124998435
[113][0][1], -0.22499847, 0.35000148, 0.12500153
[113][0][2], 0.57500154, 0.12500152, -0.9999985
[114][0][0], 0.05000083, 0.95000076, 1.4000008
[114][0][1], 1.2250007, 1.7500007, 1.6500008
[114][0][2], 2.4500008, 2.1250007, 1.3000009
[115][0][0], 0.925, -0.099999994, -1.125
[115][0][1], 1.825, 0.77500004, -0.025000006
[115][0][2], 1.775, 0.775, 0.54999995
[116][0][0], -0.9749996, -1.3999996, -1.5749996
[116][0][1], -0.74999964, -0.47499964, 0.075000405
[116][0][2], 0.35000044, 1.3250003, 2.1750002
[117][0][0], 0.17500003, -0.22500002, -0.05000005
[117][0][1], 0.375, 0.59999996, 0.87499994
[117][0][2], 1.7, 2.575, 2.575
[118][0][0], -0.39999965, 0.3250004, 1.2250004
[118][0][1], -0.39999962, 1.6500005, 2.9750004
[118][0][2], -0.97499967, 2.0250003, 3.8250005
[119][0][0], -0.6749989, -0.89999884, -0.64999884
[119][0][1], -0.82499886, -0.27499884, 0.9500012
[119][0][2], -1.8999989, -0.24999885, 2.0750012
[120][0][0], 0.42500037, 0.32500038, 0.20000042
[120][0][1], -0.87499964, 0.025000382, 1.7000003
[120][0][2], -2.3999996, -0.62499964, 2.2750006
[121][0][0], -0.625, -1.05, -1.325
[121][0][1], -1.225, -1.4000001, -0.475
[121][0][2], -2.1000001, -2.225, -0.45000002
[122][0][0], -4.275, -3.9250002, -2.65
[122][0][1], -2.525, -1.05, 0.55
[122][0][2], -0.97499996, 0.92499995, 2.725
[123][0][0], -2.9750001, -3.075, -1.675
[123][0][1], -2.65, -1.4749999, 0.5999999
[123][0][2], -1.9, -0.35000005, 1.925
[124][0][0], 0.125, -0.5, -0.25000006
[124][0][1], -0.025000002, -0.29999995, 0.47499996
[124][0][2], -2.9802322E-8, -0.35, 0.725
[125][0][0], -0.22500002, -0.875, -0.82500005
[125][0][1], 0.90000004, 1.025, 0.70000005
[125][0][2], 1.725, 1.7500001, 1.075
[126][0][0], -1.2249987, -0.14999896, 1.1000011
[126][0][1], -1.6249988, -0.69999886, 0.15000115
[126][0][2], -0.87499887, -1.2999989, -1.1749989
[127][0][0], -1.2749993, 0.02500078, 1.0000007
[127][0][1], -1.6999993, -0.67499924, -0.49999923
[127][0][2], -2.0499992, -1.3499992, -1.2249993
[128][0][0], -2.499998, -1.9249982, -0.37499815
[128][0][1], -0.7749981, 0.4250019, 1.3500018
[128][0][2], -0.52499807, 0.32500193, 0.6500019
[129][0][0], -1.4999989, -2.1749988, -2.9749987
[129][0][1], -0.5749988, -0.72499883, -1.1999989
[129][0][2], -0.09999883, -0.4749989, -0.99999887
[130][0][0], -2.3999991, -3.0249991, -3.8499994
[130][0][1], -1.1749992, -0.8999992, -1.4249992
[130][0][2], -0.22499919, 0.37500075, 7.748604E-7
[131][0][0], -1.4499989, -1.5999987, -2.549999
[131][0][1], -1.0749989, -1.1999989, -2.3249989
[131][0][2], -0.34999886, -0.24999885, -1.2749989
[132][0][0], -2.55, -2.3000002, -1.6
[132][0][1], -1.45, -1.4, -1.1
[132][0][2], -1.0, -1.0999999, -0.625
[133][0][0], -0.32500005, -0.4500001, -1.2749999
[133][0][1], -0.15, 0.8, 0.7
[133][0][2], -0.325, 0.875, 1.25
[134][0][0], 1.150001, 0.65000117, -1.1999989
[134][0][1], 0.67500114, 1.1750011, 0.67500114
[134][0][2], -0.62499887, 0.85000116, 1.8000011
[135][0][0], -2.0249996, -1.5749997, -0.94999963
[135][0][1], -1.3999996, 0.025000378, 1.3250004
[135][0][2], -1.1499996, 0.92500037, 2.4750004
[136][0][0], -2.4999998, -1.1499996, -0.24999961
[136][0][1], -2.3249996, -0.22499965, 1.2500005
[136][0][2], -2.2749996, 0.1500004, 1.7500004
[137][0][0], -3.5249987, -2.149999, -0.29999888
[137][0][1], -3.3749988, -1.5249989, 0.72500116
[137][0][2], -2.3249989, -0.4749989, 1.5750012
[138][0][0], -3.0249984, -1.8249985, -0.54999846
[138][0][1], -2.9499984, -1.6249986, -0.099998474
[138][0][2], -1.7749985, 0.3000015, 2.5000014
[139][0][0], -2.8999987, -3.7499983, -3.2499986
[139][0][1], -3.6249986, -3.1749983, -1.1499984
[139][0][2], -5.749998, -1.5999985, 4.2250013
[140][0][0], -5.4750004, -5.1499996, -2.2749999
[140][0][1], -9.05, -4.5, 3.225
[140][0][2], -12.05, -2.5749998, 10.375
[141][0][0], -6.5, -7.525, -4.8999996
[141][0][1], -6.475, -3.575, 2.925
[141][0][2], -4.725, 0.8, 8.974999
[142][0][0], -3.0749981, -3.0249982, -1.449998
[142][0][1], -1.9999981, -0.9749981, 0.95000196
[142][0][2], 0.7250019, 2.325002, 3.775002
[143][0][0], -2.6, -1.725, 1.2
[143][0][1], -1.0, 1.0999999, 3.725
[143][0][2], 0.27499998, 3.1, 5.1
[144][0][0], -2.5, -1.5249999, 1.4499999
[144][0][1], 0.6, 3.5, 6.1000004
[144][0][2], 2.3500001, 5.8500004, 7.625
[145][0][0], -0.59999996, 1.15, 2.725
[145][0][1], 1.4, 4.9, 7.1
[145][0][2], 2.1, 5.925, 7.9249997
[146][0][0], -1.9250001, 0.675, 3.25
[146][0][1], -0.07499996, 4.375, 8.0
[146][0][2], 1.0749999, 5.925, 9.35
[147][0][0], -1.9999993, -2.7749991, -1.9499993
[147][0][1], 1.1000007, 2.3250008, 4.1500006
[147][0][2], 2.950001, 5.250001, 7.325001
[148][0][0], -4.1249995, -4.825, -3.4249997
[148][0][1], -1.4499997, -1.0249996, 0.7250004
[148][0][2], 0.1750004, 1.0250003, 2.5250003
[149][0][0], -2.8249986, -2.8999991, -1.2749988
[149][0][1], -0.57499886, -0.12499888, 1.0500011
[149][0][2], 1.7750012, 2.4750013, 3.2000012
[150][0][0], -1.8749993, -3.1999993, -2.449999
[150][0][1], -0.09999925, -0.19999927, 0.85000074
[150][0][2], 1.3750007, 1.8000009, 2.6750007
[151][0][0], 0.12500075, -1.8999994, -1.3499993
[151][0][1], -0.79999924, -1.1249993, 0.45000076
[151][0][2], -1.0749992, -0.24999928, 1.8250008
[152][0][0], 1.1000007, 0.9250008, 1.8750007
[152][0][1], 0.37500075, 0.5250008, 1.8500009
[152][0][2], 0.37500075, 0.5500007, 1.6000009
[153][0][0], -0.425, -0.17499998, 1.3249999
[153][0][1], -0.32500005, 0.325, 1.825
[153][0][2], -0.57500005, 0.3, 1.4250001
[154][0][0], 0.12500107, 0.1000011, 1.5500011
[154][0][1], -0.29999885, 0.4000011, 2.5500011
[154][0][2], -0.57499886, 0.3000011, 2.5000012
[155][0][0], -0.9999993, -2.1999993, -0.02499929
[155][0][1], 2.1500008, 8.34465E-7, 1.3500009
[155][0][2], 4.875001, 1.9250008, 2.0500007
[156][0][0], 0.25000048, 1.1250005, 3.1000004
[156][0][1], 2.7250004, 4.05, 5.125
[156][0][2], 3.3000004, 4.3750005, 4.6000004
[157][0][0], 0.4500019, 0.4750019, 2.375002
[157][0][1], 0.82500196, 1.6750019, 4.275002
[157][0][2], -0.32499805, 0.70000196, 3.475002
[158][0][0], 0.075001895, -0.9999981, 0.075001895
[158][0][1], 0.40000188, 0.25000188, 2.125002
[158][0][2], -0.2499981, -0.0999981, 2.150002
[159][0][0], 0.1500012, -0.29999888, 0.17500117
[159][0][1], -0.12499887, 0.12500119, 1.0000012
[159][0][2], -1.2999989, -0.22499889, 0.97500116
[160][0][0], 1.775001, 0.37500113, -0.8999988
[160][0][1], 1.0000011, 0.27500114, -0.12499885
[160][0][2], -1.2999988, -0.74999887, 0.85000116
[161][0][0], -0.42499888, -1.4749988, -1.4499989
[161][0][1], -0.14999886, 1.1697412E-6, 0.92500114
[161][0][2], -1.0999988, 0.75000113, 3.5000012
[162][0][0], -2.024999, -3.349999, -2.0499988
[162][0][1], -1.8749988, -1.1249988, 1.875001
[162][0][2], -1.7499988, 1.3750011, 5.9750013
[163][0][0], -1.1750001, -2.675, -2.1749997
[163][0][1], -0.14999995, 1.25, 3.6750002
[163][0][2], 0.75, 5.35, 9.525
[164][0][0], -0.17499997, -0.975, -0.625
[164][0][1], 0.475, 1.8, 3.5500002
[164][0][2], 1.35, 4.7, 7.6499996
[165][0][0], 0.22500005, -0.40000004, 0.024999976
[165][0][1], 1.0, 1.75, 2.675
[165][0][2], 1.3, 3.425, 5.0499997
[166][0][0], 3.375, 2.8, 2.425
[166][0][1], 2.5, 2.975, 3.3250003
[166][0][2], 2.125, 3.775, 4.75
[167][0][0], 3.8, 4.6749997, 4.825
[167][0][1], 2.775, 5.1000004, 6.55
[167][0][2], 1.8, 4.8, 7.45
[168][0][0], 0.5749999, 0.8000001, 1.8499999
[168][0][1], 1.0250001, 2.825, 4.7
[168][0][2], 3.1499999, 6.2749996, 8.025
[169][0][0], -0.8000001, 0.375, 3.125
[169][0][1], 0.425, 2.625, 6.075
[169][0][2], 0.7, 3.325, 7.0
[170][0][0], -0.925, -0.35000002, 1.1500001
[170][0][1], -0.22500001, 1.875, 3.95
[170][0][2], -0.85, 2.375, 4.775
[171][0][0], -0.57499886, -0.62499887, 0.17500111
[171][0][1], -0.24999887, 1.8500011, 4.0000014
[171][0][2], -1.1249988, 2.8250012, 6.5750012
[172][0][0], 0.5000019, 1.2750019, 1.9750019
[172][0][1], -0.4499981, 3.0500019, 5.975002
[172][0][2], -3.499998, 2.6000018, 8.125002
[173][0][0], 2.6500008, 4.4000006, 4.475001
[173][0][1], 3.750001, 7.2500005, 7.975001
[173][0][2], 2.550001, 7.425001, 9.35
[174][0][0], 2.1, 2.7250001, 2.875
[174][0][1], 4.7749996, 6.75, 6.65
[174][0][2], 4.725, 7.95, 7.8999996
[175][0][0], 0.32500154, 0.90000147, 1.7250015
[175][0][1], 3.4500015, 4.7000012, 5.0250015
[175][0][2], 4.3500013, 5.750002, 5.625001
[176][0][0], 1.1500019, 2.200002, 3.900002
[176][0][1], 3.3500018, 4.250002, 4.850002
[176][0][2], 4.425002, 5.050002, 4.7000017
[177][0][0], 0.325, 0.825, 2.825
[177][0][1], 2.2250001, 3.425, 5.15
[177][0][2], 2.8749998, 4.35, 5.4750004
[178][0][0], -0.525, 0.27499995, 1.8
[178][0][1], 0.675, 2.175, 3.875
[178][0][2], 1.125, 2.775, 4.175
[179][0][0], -1.175, -1.35, -0.575
[179][0][1], -0.27500004, 0.525, 1.625
[179][0][2], 2.9802322E-8, 1.1500001, 2.225
[180][0][0], -2.6749997, -3.2999995, -2.3249998
[180][0][1], -0.8999997, -0.8999996, 0.37500036
[180][0][2], 0.5500003, 1.1500005, 2.4250002
[181][0][0], -2.0749996, -3.5499997, -2.2249997
[181][0][1], -0.049999624, -0.024999619, 1.9000003
[181][0][2], 1.4500003, 2.7000005, 4.4500003
[182][0][0], 0.099999964, -0.8499999, 0.124999925
[182][0][1], 1.525, 1.7249999, 3.15
[182][0][2], 1.6500001, 3.0, 4.35
[183][0][0], 2.1750004, 1.8000003, 2.0500002
[183][0][1], 2.5750003, 2.7750003, 3.4000006
[183][0][2], 1.6750004, 2.8000004, 3.8500006
[184][0][0], 3.1500015, 2.4750016, 2.2250016
[184][0][1], 3.5750017, 3.6000013, 3.6000016
[184][0][2], 2.5500016, 3.7500017, 4.375002
[185][0][0], 1.95, 1.225, 1.4499999
[185][0][1], 1.8, 1.4499999, 2.625
[185][0][2], 1.2249999, 2.3750002, 4.7000003
[186][0][0], 0.6750008, 1.0750008, 2.5000007
[186][0][1], 0.7500007, 2.7750008, 5.850001
[186][0][2], 7.4505806E-7, 4.075001, 8.725
[187][0][0], 1.1250007, 0.7500007, 1.0500008
[187][0][1], 0.35000074, 2.7000008, 5.4000006
[187][0][2], -1.6499993, 3.1000006, 7.9750004
[188][0][0], 2.3250003, 1.5500003, 1.5000002
[188][0][1], 3.2500005, 4.0000005, 5.350001
[188][0][2], 2.4750004, 4.6250005, 7.0000005
[189][0][0], 0.87500036, 1.5000004, 1.9000003
[189][0][1], 1.2500004, 2.4500003, 3.5250006
[189][0][2], 0.87500036, 2.4500003, 4.05
[190][0][0], 1.15, 2.825, 4.5499997
[190][0][1], 1.25, 3.7, 5.85
[190][0][2], 2.025, 4.5, 6.3250003
[191][0][0], 2.5249999, 4.3, 5.45
[191][0][1], 2.1, 5.3999996, 7.125
[191][0][2], 1.5, 5.4750004, 7.275
[192][0][0], -0.34999773, 1.8750024, 4.425002
[192][0][1], -0.72499776, 3.1500025, 7.1000023
[192][0][2], -1.1999977, 3.3750021, 7.6500025
[193][0][0], -0.07499963, 0.9250004, 2.8500004
[193][0][1], -0.49999964, 1.0500004, 3.6000006
[193][0][2], -1.0249996, 0.9000004, 3.6500003
[194][0][0], 0.19999996, 0.25, 1.4499999
[194][0][1], -1.275, -0.17500001, 2.375
[194][0][2], -2.1, -0.22500001, 2.825
[195][0][0], -0.09999961, 0.25000036, 1.3000004
[195][0][1], -1.2749996, 0.22500035, 2.9250002
[195][0][2], -1.6499997, 0.87500036, 4.6250005
[196][0][0], 1.0750011, 0.17500114, 0.65000105
[196][0][1], 2.3500013, 2.650001, 3.7750013
[196][0][2], 3.9250011, 5.4500012, 6.800001
[197][0][0], 1.1750008, 0.70000076, 1.5750006
[197][0][1], 4.5250006, 4.200001, 4.3750005
[197][0][2], 6.5500007, 6.250001, 5.5500007
[198][0][0], 0.5750011, 1.7500012, 3.4250011
[198][0][1], 3.000001, 4.2750015, 5.2750015
[198][0][2], 4.050001, 5.2000012, 5.4500012
[199][0][0], 0.80000114, 1.7500012, 2.9500012
[199][0][1], 2.2500012, 3.100001, 3.8250012
[199][0][2], 3.125001, 4.025001, 4.150001
[200][0][0], 1.3000015, 2.9250016, 4.7500014
[200][0][1], 1.8750017, 3.8500016, 5.4500017
[200][0][2], 3.3750017, 5.2500014, 6.000002
[201][0][0], 3.775001, 5.750001, 7.1500006
[201][0][1], 4.075001, 6.125001, 7.200001
[201][0][2], 4.1750007, 5.6500006, 5.975001
[202][0][0], -0.100000024, 1.625, 4.575
[202][0][1], -0.22499996, 1.725, 4.3250003
[202][0][2], 1.4749999, 2.675, 3.625
[203][0][0], 0.100000024, 1.7, 3.875
[203][0][1], -1.575, 0.07499999, 2.225
[203][0][2], -2.05, -0.79999995, 0.625
[204][0][0], 3.4, 4.25, 4.725
[204][0][1], 0.29999995, 1.9000001, 3.85
[204][0][2], -1.5, 0.25, 3.1999998
[205][0][0], 2.3250017, 1.2750015, 1.9000015
[205][0][1], 2.5250015, 2.5250015, 3.8500016
[205][0][2], 2.6000013, 3.5250015, 4.7250013
[206][0][0], 0.62500113, -0.09999886, 0.60000116
[206][0][1], 1.5000012, 1.6250012, 2.6750011
[206][0][2], 1.2250012, 1.8750012, 2.400001
[207][0][0], -0.5499989, 0.3750011, 1.5750012
[207][0][1], 0.17500114, 1.1500012, 2.2000012
[207][0][2], 0.17500116, 1.0750011, 1.5000012
[208][0][0], 1.4250001, 3.15, 3.8249998
[208][0][1], 0.100000024, 2.075, 2.8
[208][0][2], -1.375, 0.675, 1.6
[209][0][0], 3.225, 4.775, 4.925
[209][0][1], 2.5, 4.125, 4.075
[209][0][2], 1.8249999, 3.2749999, 3.275
[210][0][0], 2.150001, 3.3500013, 4.6000013
[210][0][1], 3.5750012, 5.550001, 6.375001
[210][0][2], 4.2250013, 5.9000015, 6.000001
[211][0][0], 1.7250011, 1.9250013, 3.100001
[211][0][1], 1.650001, 2.325001, 3.7750013
[211][0][2], 0.75000113, 1.825001, 3.3750012
[212][0][0], 1.7000015, 1.4000015, 1.8000016
[212][0][1], 0.8000015, 1.6250014, 3.0000014
[212][0][2], -0.32499847, 1.1750015, 3.1500015
[213][0][0], 1.175, 1.9999999, 1.6999999
[213][0][1], -0.24999999, 0.7, 0.84999996
[213][0][2], -1.0, 0.125, 0.625
[214][0][0], 1.825, 1.725, 0.75
[214][0][1], -0.625, -0.17500004, -0.37499994
[214][0][2], -2.25, -1.325, -0.525
[215][0][0], 1.4000007, 1.2000008, -0.17499924
[215][0][1], -1.2499993, -1.2749993, -2.2499993
[215][0][2], -3.2499995, -2.5499992, -2.1499991
[216][0][0], 1.0500011, 0.3500011, -0.12499887
[216][0][1], -2.2499988, -1.924999, -0.07499893
[216][0][2], -5.249999, -3.2999988, 1.400001
[217][0][0], -0.39999813, -0.399998, 1.225002
[217][0][1], 0.5000019, 2.000002, 5.425002
[217][0][2], 0.20000196, 4.025002, 9.575002
[218][0][0], 2.475001, 1.1000011, 1.5000012
[218][0][1], 5.525001, 4.400001, 5.2750015
[218][0][2], 4.8500013, 5.125001, 7.3250012
[219][0][0], 0.05000007, 0.67499995, 2.025
[219][0][1], 1.25, 2.4, 4.2
[219][0][2], 0.55, 1.875, 3.8
[220][0][0], 1.2249999, 1.9, 2.325
[220][0][1], 1.2750001, 2.875, 4.35
[220][0][2], -1.025, 1.575, 4.425
[221][0][0], 2.05, 2.7250001, 3.725
[221][0][1], 2.95, 4.825, 6.2250004
[221][0][2], 1.2, 5.0249996, 7.875
[222][0][0], 4.2750006, 3.1500008, 2.7750006
[222][0][1], 4.700001, 4.450001, 4.700001
[222][0][2], 3.0750005, 4.9000006, 6.575001
[223][0][0], 3.1250007, 2.4500008, 3.2000008
[223][0][1], 2.1500008, 2.9250007, 4.9000006
[223][0][2], -0.6999992, 2.0500007, 5.575001
[224][0][0], 2.9250016, 2.6750016, 3.4750013
[224][0][1], 0.15000156, 1.7000016, 4.2250013
[224][0][2], -3.3749986, 0.62500155, 5.125002
[225][0][0], 4.425002, 2.200002, 0.9500019
[225][0][1], 3.2500021, 3.150002, 3.075002
[225][0][2], 0.07500191, 3.2250018, 5.7000017
[226][0][0], 2.5750008, 0.57500076, 0.8000008
[226][0][1], 1.2000008, 1.3500007, 3.4500008
[226][0][2], -2.8249993, 0.40000075, 5.4000006
[227][0][0], 6.854534E-7, -0.32499927, 2.6750007
[227][0][1], -1.7749991, 1.5250007, 7.5500007
[227][0][2], -4.0749993, 2.9250007, 11.400001
[228][0][0], -0.37499994, -1.0000001, 1.3999999
[228][0][1], -0.45, 2.15, 7.025
[228][0][2], -1.425, 4.475, 11.15
[229][0][0], -0.9999992, -1.9249991, -1.0999992
[229][0][1], 0.025000751, 2.0250008, 5.825001
[229][0][2], 0.32500076, 5.0500007, 10.500001
[230][0][0], -1.275, -1.8000001, -0.75
[230][0][1], -1.9749999, -0.32500002, 3.025
[230][0][2], -2.875, 1.275, 6.5750003
[231][0][0], -0.54999995, -1.5749999, -1.45
[231][0][1], -3.0749998, -0.8499999, 2.9
[231][0][2], -5.525, 0.875, 8.4
[232][0][0], 1.95, 0.725, 0.7750001
[232][0][1], 2.725, 4.925, 6.975
[232][0][2], 1.825, 8.375, 12.950001
[233][0][0], 4.2750015, 2.3750012, 1.800001
[233][0][1], 7.000001, 6.7000012, 6.175001
[233][0][2], 7.0250015, 8.625002, 8.825001
[234][0][0], 4.050001, 0.9750011, 0.6000012
[234][0][1], 4.8500013, 2.3000011, 1.9750011
[234][0][2], 3.2750013, 2.1250012, 2.275001
[235][0][0], 1.8000011, -0.6249988, -0.024998903
[235][0][1], 1.5000012, -0.14999883, 1.525001
[235][0][2], -0.9249988, -1.4249989, 1.0750011
[236][0][0], -0.49999854, -2.3749986, -1.5249984
[236][0][1], -1.3999985, -2.5499985, -0.2499985
[236][0][2], -3.4999986, -3.8749986, -0.3999985
[237][0][0], -0.7999996, -1.4249996, -0.27499962
[237][0][1], -4.8499994, -4.075, 0.52500033
[237][0][2], -8.075, -6.3499994, 0.65000045
[238][0][0], -0.59999967, 0.20000038, 0.55000037
[238][0][1], -3.8749995, 0.32500052, 4.3
[238][0][2], -5.9749994, 0.52500033, 7.3750005
[239][0][0], 0.32499996, 1.6500001, 1.9750001
[239][0][1], 1.075, 4.6, 5.85
[239][0][2], 1.65, 6.7, 8.85
[240][0][0], 1.7249999, 1.125, 1.05
[240][0][1], 3.625, 4.65, 4.15
[240][0][2], 5.0, 7.6249995, 6.9750004
[241][0][0], 2.8, 0.75, 0.725
[241][0][1], 5.575, 4.425, 3.225
[241][0][2], 6.0750003, 5.9, 4.125
[242][0][0], -0.8249981, -1.7249981, 0.10000193
[242][0][1], 1.0250019, -0.12499811, 1.1000019
[242][0][2], 0.75000197, 0.27500188, 1.1250019
[243][0][0], -2.15, -1.9499999, -0.3
[243][0][1], -1.1, -1.275, -0.100000024
[243][0][2], -0.875, -0.82500005, 0.049999982
[244][0][0], -1.225, -0.4999999, 1.2249999
[244][0][1], -2.925, -1.5, 1.4749999
[244][0][2], -3.4750001, -1.6499999, 1.6999999
[245][0][0], 0.97500074, 1.0000007, 1.0000007
[245][0][1], 1.0500008, 2.2250009, 2.9250007
[245][0][2], 1.0750008, 3.2000008, 4.325001
[246][0][0], 1.8499999, 1.5, 1.3
[246][0][1], 3.875, 3.7, 2.225
[246][0][2], 4.4, 4.5, 2.3249998
[247][0][0], -0.17499885, 0.7000012, 1.5750011
[247][0][1], 1.8250011, 2.900001, 2.8000011
[247][0][2], 2.0250013, 2.9250011, 2.2250013
[248][0][0], 1.1000007, 2.7750006, 3.550001
[248][0][1], 1.0000007, 3.1500008, 4.075001
[248][0][2], 0.82500076, 2.4750009, 2.8500009
[249][0][0], 1.7250004, 2.6250005, 3.4750004
[249][0][1], 0.82500035, 2.5500004, 3.8000004
[249][0][2], 0.92500037, 2.7250004, 3.7750003
[250][0][0], 1.3750004, 2.5000005, 4.0000005
[250][0][1], 1.8250003, 2.9000003, 3.9750004
[250][0][2], 1.4000003, 2.3000002, 2.8500004
[251][0][0], 2.0500007, 2.5500007, 3.6250007
[251][0][1], 1.8000007, 2.4000008, 3.0500007
[251][0][2], 1.6000007, 2.0250008, 1.7500008
[252][0][0], 1.9499999, 2.3500001, 2.5749998
[252][0][1], 1.4250001, 1.8500001, 2.075
[252][0][2], 0.8, 1.0, 1.2250001
[253][0][0], 0.92499995, 1.6999999, 2.8999999
[253][0][1], 1.5250001, 2.025, 2.775
[253][0][2], 1.625, 1.925, 2.25
[254][0][0], 2.375, 3.275, 3.15
[254][0][1], 2.175, 3.35, 3.4
[254][0][2], 2.3000002, 3.5249999, 3.8000002
[255][0][0], 3.125, 3.6, 3.25
[255][0][1], 3.1, 3.4499998, 2.7250001
[255][0][2], 3.475, 4.075, 3.325
[256][0][0], 3.45, 3.1499999, 2.5749998
[256][0][1], 3.2, 3.175, 2.625
[256][0][2], 3.95, 4.15, 3.325
[257][0][0], 2.4250002, 2.7750003, 3.2250004
[257][0][1], 2.0500004, 2.7250004, 3.0750003
[257][0][2], 3.2250004, 4.3500004, 4.2500005
[258][0][0], 3.1250005, 3.4750004, 3.7500005
[258][0][1], 2.5500002, 3.1750002, 3.1250005
[258][0][2], 2.7000003, 4.2750006, 4.3500004
[259][0][0], 3.05, 3.3, 2.975
[259][0][1], 2.3500001, 3.4, 3.525
[259][0][2], 2.15, 3.5750003, 3.65
[260][0][0], 3.0500002, 3.975, 3.45
[260][0][1], 1.575, 2.95, 2.8
[260][0][2], 1.275, 3.0249999, 3.05
[261][0][0], 1.8000002, 2.15, 1.225
[261][0][1], 1.0, 1.725, 0.625
[261][0][2], 0.7, 1.95, 0.8
[262][0][0], 0.42499998, -0.12500003, 0.32500005
[262][0][1], -0.75, -1.2, -0.65
[262][0][2], -0.8000001, -0.79999995, -0.875
[263][0][0], 0.25000113, 0.45000112, 1.4750011
[263][0][1], -0.72499883, 1.1436641E-6, 1.3000011
[263][0][2], -1.3249989, 0.12500119, 2.2500012
[264][0][0], 1.0250022, 1.6000023, 3.2000024
[264][0][1], 0.7250023, 3.2000024, 6.4750023
[264][0][2], 0.3750023, 4.5250025, 9.325003
[265][0][0], 2.8250003, 3.9500003, 5.200001
[265][0][1], 4.2250004, 6.8500004, 8.7
[265][0][2], 5.200001, 8.400001, 10.200001
[266][0][0], 5.6500006, 7.2000012, 7.6500006
[266][0][1], 6.475001, 7.750001, 7.450001
[266][0][2], 6.5000005, 7.7250013, 7.2500005
[267][0][0], 3.3500009, 4.9250007, 6.150001
[267][0][1], 4.600001, 6.625001, 6.8500013
[267][0][2], 4.825001, 6.900001, 6.4750004
[268][0][0], 2.9, 4.8500004, 5.7000003
[268][0][1], -0.049999624, 4.1250005, 6.9000006
[268][0][2], -1.8749998, 3.0000005, 6.4250007
[269][0][0], 0.5250015, 1.6000016, 3.6500015
[269][0][1], -2.6749985, -0.07499844, 3.9750013
[269][0][2], -3.2249987, 0.6500015, 5.4250016
[270][0][0], 0.175, 1.225, 2.675
[270][0][1], -2.075, -1.4901161E-8, 2.8249998
[270][0][2], -3.7, -0.55, 3.725
[271][0][0], 1.0000007, 1.1750008, 1.0500007
[271][0][1], -0.64999926, -0.12499925, 0.5500008
[271][0][2], -1.5999992, -0.52499926, 0.9500007
[272][0][0], -0.14999998, 0.47499996, 0.575
[272][0][1], -1.525, -0.49999997, -0.024999976
[272][0][2], -2.5, -0.75, 0.5
[273][0][0], 1.65, 2.0, 1.025
[273][0][1], -0.59999996, 0.5, 0.725
[273][0][2], -1.875, 0.050000012, 1.625
[274][0][0], 2.1000001, 1.375, 0.625
[274][0][1], -0.14999989, 0.20000002, 0.2
[274][0][2], -2.225, 0.42499998, 2.375
[275][0][0], 1.0000005, 0.6500004, 0.6750004
[275][0][1], -0.2999996, 0.75000036, 1.2000004
[275][0][2], -0.87499964, 2.2500005, 3.6000004
[276][0][0], 2.2000012, 1.525001, 1.2500011
[276][0][1], 1.3250011, 1.7000011, 1.2000011
[276][0][2], 1.2250011, 3.5000012, 3.2250013
[277][0][0], 2.6000013, 1.050001, 0.20000114
[277][0][1], 1.4500011, 1.3250011, 0.52500117
[277][0][2], 1.2250012, 3.6250012, 3.3000014
[278][0][0], 1.9250011, 0.22500116, 0.22500119
[278][0][1], 1.6500012, 1.3000011, 1.1250012
[278][0][2], 1.1750011, 3.4500012, 4.050001
[279][0][0], 1.5000007, 0.82500076, 1.2250009
[279][0][1], 0.6250007, 0.9500008, 1.7750007
[279][0][2], 1.6500007, 3.4500008, 4.1250005
[280][0][0], 2.6, 1.8000001, 1.05
[280][0][1], 2.175, 2.25, 1.1999999
[280][0][2], 2.25, 3.575, 2.55
[281][0][0], 1.8000015, 1.2250016, -0.12499851
[281][0][1], 0.8500015, 0.025001526, -1.6499984
[281][0][2], 1.6250014, 0.45000157, -1.5749985
[282][0][0], 0.59999996, -0.375, -1.125
[282][0][1], -0.099999994, -1.8, -2.6499999
[282][0][2], 0.45000002, -1.675, -2.575
[283][0][0], -0.5499993, -1.3499992, -1.6999991
[283][0][1], -0.9499992, -1.7749993, -1.6749992
[283][0][2], -1.2249992, -1.5749993, 0.050000772
[284][0][0], -0.6749988, -2.1999989, -2.9499989
[284][0][1], -0.32499886, -1.4999988, -2.4249988
[284][0][2], 0.12500113, 0.12500113, -0.12499884
[285][0][0], 0.2000004, -1.4999995, -2.0249996
[285][0][1], 0.12500039, -1.3749996, -2.2499995
[285][0][2], 0.25000036, 0.2500004, 0.3750004
[286][0][0], 0.35000032, -1.0499997, -1.1249996
[286][0][1], 0.025000393, -0.8999996, -1.2999996
[286][0][2], 1.9500005, 1.7000003, 0.8750004
[287][0][0], -0.29999924, -2.0249991, -2.5249991
[287][0][1], -0.07499921, -1.7249992, -2.2999992
[287][0][2], 2.9000006, 1.3000008, 0.22500077
[288][0][0], -1.8, -2.975, -2.45
[288][0][1], -1.65, -2.175, -1.475
[288][0][2], 1.025, 0.90000004, 1.1
[289][0][0], -0.3749992, -1.5999993, -1.4999992
[289][0][1], -0.7749993, -1.9499992, -2.5749993
[289][0][2], 0.90000075, -0.17499922, -1.6749992
[290][0][0], -1.6999985, -2.1999984, -1.0499985
[290][0][1], -2.3999984, -3.1249986, -1.9249985
[290][0][2], -0.7749985, -1.8749985, -1.3499985
[291][0][0], 0.17500001, 0.09999998, 0.5
[291][0][1], -1.8000001, -2.0500002, -1.125
[291][0][2], -1.925, -2.225, -0.9000001
[292][0][0], 1.8250027, 1.5000027, 1.7000026
[292][0][1], 0.22500266, -0.12499733, 0.025002666
[292][0][2], -0.9999973, -1.3249974, -1.3749974
[293][0][0], 1.1250005, 0.7000004, 1.0750004
[293][0][1], -1.6749997, -1.4999995, 0.1250004
[293][0][2], -2.6249995, -1.9999995, 0.05000037
[294][0][0], 1.6000006, 2.3500009, 2.1500008
[294][0][1], -2.0749993, -0.124999225, 1.6750008
[294][0][2], -4.424999, -0.7749992, 3.2000008
[295][0][0], 1.4750003, 1.9000003, 2.1750004
[295][0][1], -2.3749995, -0.024999648, 2.9500003
[295][0][2], -5.075, 0.27500033, 6.55
[296][0][0], -3.1749988, -1.9999988, 1.6250011
[296][0][1], -6.2749987, -2.649999, 4.625001
[296][0][2], -7.599999, -2.124999, 7.775001
[297][0][0], -2.4749997, -1.6249995, 1.3750004
[297][0][1], -5.1499996, -4.325, 0.30000037
[297][0][2], -5.3249993, -4.5499997, 0.50000036
[298][0][0], -0.02499926, 0.82500076, 1.9000007
[298][0][1], -2.6999993, -2.124999, -0.42499924
[298][0][2], -3.0499992, -3.074999, -1.2749993
[299][0][0], 0.0, 1.9749999, 3.35
[299][0][1], -3.275, -2.275, -0.82500005
[299][0][2], -4.8, -4.275, -2.5
[300][0][0], -0.475, 0.10000005, 0.575
[300][0][1], -2.0, -1.5500001, -1.0
[300][0][2], -3.8500001, -3.575, -2.875
[301][0][0], 0.37500036, 0.22500038, -0.74999964
[301][0][1], -2.0749996, -2.0249996, -2.1999996
[301][0][2], -3.7249994, -3.7749996, -3.1249995
[302][0][0], 0.85000086, -0.64999914, -2.1749992
[302][0][1], -2.7249992, -3.1999993, -2.9499993
[302][0][2], -4.549999, -4.424999, -2.874999
[303][0][0], 0.60000116, -1.4999988, -2.099999
[303][0][1], -3.1249988, -3.9249988, -2.5749989
[303][0][2], -3.7999988, -4.199999, -1.9749988
[304][0][0], 2.2250004, 1.3250004, 0.9250004
[304][0][1], -1.7499996, -1.6999997, 0.0500004
[304][0][2], -4.0249996, -3.2499995, 0.47500038
[305][0][0], 0.92499995, 0.050000027, 0.07499999
[305][0][1], -2.675, -2.65, -0.72499996
[305][0][2], -3.9499998, -3.425, -2.2351742E-8
[306][0][0], 1.925, 2.3, 2.575
[306][0][1], -2.175, -1.15, 0.44999996
[306][0][2], -4.0249996, -2.7749999, -0.3
[307][0][0], 1.5750011, 1.8000011, 2.325001
[307][0][1], -1.7249987, -1.4249988, -0.39999887
[307][0][2], -3.1499987, -2.7999988, -1.5249989
[308][0][0], 0.90000194, 1.6500019, 2.4000018
[308][0][1], -0.824998, -0.99999815, -0.4499981
[308][0][2], -2.549998, -3.499998, -2.6999981
[309][0][0], 0.75000143, 1.2750015, 1.1750016
[309][0][1], 0.25000152, 0.5250015, -0.124998465
[309][0][2], -0.8499985, -1.5249985, -2.6499987
[310][0][0], 0.4500008, 1.4500008, 1.1750007
[310][0][1], -2.0749993, -1.5999992, -1.9499992
[310][0][2], -2.4749992, -2.9749992, -4.0999994
[311][0][0], -0.725, -0.525, -0.95
[311][0][1], -2.975, -2.5749998, -2.15
[311][0][2], -4.25, -4.225, -3.175
[312][0][0], -2.5249982, -2.2999983, -2.9249983
[312][0][1], -3.1999981, -1.7249981, -0.5749981
[312][0][2], -4.249998, -2.649998, -0.57499814
[313][0][0], -0.099998474, -0.6749986, -2.3999987
[313][0][1], -0.99999845, -0.5499985, -0.87499845
[313][0][2], -2.5499983, -1.3999984, -0.34999847
[314][0][0], -0.3499992, -1.8249991, -2.0249991
[314][0][1], 0.07500076, -0.92499924, -1.2749991
[314][0][2], 0.9000008, -0.024999237, -1.2999992
[315][0][0], -1.4250001, -2.85, -2.3000002
[315][0][1], -1.5250001, -3.35, -2.775
[315][0][2], -0.275, -2.85, -3.05
[316][0][0], -0.7999985, -1.3749985, -1.4999985
[316][0][1], -1.6749985, -2.7999985, -2.8249984
[316][0][2], -1.8499985, -3.1249983, -3.1249983
[317][0][0], -1.2749991, -1.0999992, -0.8249992
[317][0][1], -2.2249992, -2.7999992, -2.3499992
[317][0][2], -2.4999993, -3.5249991, -2.9999993
[318][0][0], -0.4749989, -0.04999882, 0.35000116
[318][0][1], -2.2999988, -2.8999987, -2.474999
[318][0][2], -2.4999988, -3.849999, -3.849999
[319][0][0], -0.19999886, -1.1249988, -0.89999884
[319][0][1], -2.624999, -3.7499986, -2.899999
[319][0][2], -2.6499987, -4.6499987, -3.9999988
[320][0][0], 0.7000007, 0.3000008, 1.8500006
[320][0][1], -3.3249993, -3.6499994, -1.1999993
[320][0][2], -4.499999, -5.424999, -2.999999
[321][0][0], 0.20000193, 0.7500019, 1.0500019
[321][0][1], -2.1499982, -1.9749981, -1.3249981
[321][0][2], -3.5249982, -4.374998, -3.799998
[322][0][0], -0.89999926, 0.8250007, 2.0750008
[322][0][1], -1.2249992, -0.37499923, 0.12500075
[322][0][2], -1.2749993, -2.374999, -3.1249993
[323][0][0], 2.2500002, 2.5750005, 2.4750004
[323][0][1], 0.07500039, -0.19999962, -0.49999964
[323][0][2], -0.84999967, -2.9999995, -4.1249995
[324][0][0], 1.9250007, 3.250001, 3.2000008
[324][0][1], 0.6250007, 1.4250008, 1.1750008
[324][0][2], -1.1499993, -2.1249993, -2.5499992
[325][0][0], 1.2000003, 2.1500003, 1.9500004
[325][0][1], -0.8999996, -0.07499963, -0.12499962
[325][0][2], -3.1249995, -3.1249995, -2.7249997
[326][0][0], -0.7499992, -0.27499923, 0.17500079
[326][0][1], -1.3499992, -1.3499992, -1.4499993
[326][0][2], -1.5999992, -2.1749992, -2.499999
[327][0][0], 1.1000012, -0.2499989, -1.0499989
[327][0][1], -1.0249989, -2.8999987, -3.5249991
[327][0][2], -2.0249987, -4.2999988, -4.5249987
[328][0][0], 0.8250011, -0.39999887, -0.6499988
[328][0][1], -2.1999989, -3.2749987, -2.674999
[328][0][2], -2.6999989, -3.4249988, -2.2999988
[329][0][0], 0.4000012, -0.6249988, -1.2749989
[329][0][1], -2.6749988, -3.5249991, -3.174999
[329][0][2], -2.4499989, -3.3249989, -2.5749989
[330][0][0], 0.62500036, -0.024999619, -0.64999974
[330][0][1], -2.9749997, -3.7249997, -3.1499996
[330][0][2], -2.7749996, -3.7499995, -2.7749996
[331][0][0], -2.774999, -2.899999, -2.224999
[331][0][1], -2.4249988, -3.024999, -2.674999
[331][0][2], -1.8999988, -3.1249988, -3.099999
[332][0][0], -1.2499988, -1.7499988, -2.9499989
[332][0][1], -2.1999989, -2.9999986, -3.574999
[332][0][2], -2.1999989, -3.0749989, -3.1999989
[333][0][0], -0.5749985, -0.099998504, -0.5999985
[333][0][1], -1.4999985, -1.8749985, -2.2999985
[333][0][2], -2.1249983, -3.4749985, -4.0249987
[334][0][0], 0.1500004, 0.30000037, 0.0750004
[334][0][1], -1.6499996, -1.2749996, -0.5999996
[334][0][2], -3.2999997, -2.7999997, -1.2749996
[335][0][0], 0.47499996, 0.9, 0.8750001
[335][0][1], -1.925, -1.4749999, -0.47500002
[335][0][2], -2.9250002, -3.1, -1.875
[336][0][0], 0.7250004, 0.52500033, -0.049999624
[336][0][1], -1.4499996, -1.0749997, -0.34999964
[336][0][2], -2.9499996, -2.7749996, -1.3749995
[337][0][0], 0.57500076, 0.8000007, -0.049999226
[337][0][1], -0.9749992, -0.9499993, -0.9999993
[337][0][2], -1.9749992, -2.374999, -1.6999992
[338][0][0], 1.425, 2.1999998, 1.15
[338][0][1], 0.1, 0.6, -0.275
[338][0][2], -1.3499999, -1.7750001, -1.975
[339][0][0], -1.075, -0.049999982, 1.25
[339][0][1], -1.775, -0.775, 0.375
[339][0][2], -2.45, -2.1, -1.05
[340][0][0], -2.2, -1.075, 0.42499995
[340][0][1], -3.025, -2.375, -0.79999995
[340][0][2], -3.65, -3.95, -2.6999998
[341][0][0], -1.3749986, -1.2999985, -1.6749985
[341][0][1], -2.8249984, -2.8249984, -2.4249983
[341][0][2], -4.1499987, -4.8249984, -3.9999983
[342][0][0], -2.1499996, -1.8999997, -1.8499995
[342][0][1], -3.8999996, -4.0, -3.0999997
[342][0][2], -4.3999996, -5.7249994, -4.5499997
[343][0][0], -2.5, -2.5, -1.9749999
[343][0][1], -4.25, -4.575, -3.1
[343][0][2], -5.075, -6.2250004, -4.325
[344][0][0], -1.9749992, -1.8249992, -1.4999993
[344][0][1], -4.0999994, -4.124999, -2.9749994
[344][0][2], -5.0749993, -5.9749994, -4.249999
[345][0][0], -2.624999, -2.099999, -1.349999
[345][0][1], -5.524999, -4.7749987, -2.849999
[345][0][2], -6.8749986, -6.699999, -4.199999
[346][0][0], -0.7499988, -1.0999988, -1.2249988
[346][0][1], -4.8999987, -5.199999, -4.024999
[346][0][2], -6.224999, -7.399999, -5.499999
[347][0][0], -0.27499926, 0.37500077, -0.14999923
[347][0][1], -2.8499994, -2.9499993, -2.7999992
[347][0][2], -4.4499993, -6.0749993, -5.399999
[348][0][0], -0.9749985, -0.24999844, -0.5999985
[348][0][1], -3.1499984, -3.2499986, -3.3999984
[348][0][2], -3.7249985, -5.6499987, -5.9499984
[349][0][0], 0.77500075, 0.5500007, -0.59999925
[349][0][1], -2.1499994, -3.4749994, -4.4499993
[349][0][2], -3.074999, -5.749999, -6.424999
[350][0][0], 1.0250015, 1.1500015, 0.6500015
[350][0][1], -2.8999984, -3.7499983, -4.0999985
[350][0][2], -3.6749983, -5.4249983, -5.6499987
[351][0][0], 0.8500003, 1.2750003, 0.75000036
[351][0][1], -1.8499997, -2.1249995, -3.0499995
[351][0][2], -3.8749995, -4.9999995, -5.8499994
[352][0][0], -0.024999976, 0.92499995, 0.72499996
[352][0][1], -2.2, -1.8249999, -2.5
[352][0][2], -3.15, -3.85, -4.875
[353][0][0], 0.025001526, 0.6250015, -0.9249984
[353][0][1], -2.5749984, -2.6999984, -3.4999986
[353][0][2], -4.6749983, -5.699999, -5.374998
[354][0][0], -1.4499984, -0.39999846, -0.7749984
[354][0][1], -3.3499985, -2.9999986, -2.4499984
[354][0][2], -6.4249988, -6.874999, -4.8749986
[355][0][0], -1.6249986, -1.0249987, -0.7499984
[355][0][1], -4.2749987, -3.0999985, -1.1999985
[355][0][2], -6.2999988, -5.2249985, -1.9999986
[356][0][0], -1.1749985, -1.1249986, -0.8999985
[356][0][1], -4.524998, -3.2999983, -0.87499845
[356][0][2], -6.1499987, -4.6999984, -1.2999985
[357][0][0], -0.7250001, -0.7250001, -0.7
[357][0][1], -4.275, -3.9249997, -2.0500002
[357][0][2], -5.85, -5.925, -3.375
[358][0][0], 0.15000004, 0.70000005, 0.8249999
[358][0][1], -3.625, -3.375, -2.3500001
[358][0][2], -5.425, -5.65, -3.75
[359][0][0], -0.14999963, -0.024999619, -0.27499968
[359][0][1], -3.3249993, -2.8499994, -1.8749995
[359][0][2], -6.4499993, -5.8999996, -3.5749996
[360][0][0], -0.5999989, -0.9249989, -1.474999
[360][0][1], -3.1999989, -3.1999989, -2.524999
[360][0][2], -5.1249986, -5.499999, -3.8249986
[361][0][0], 0.22500008, 0.47500002, 1.35
[361][0][1], -2.125, -2.325, -1.225
[361][0][2], -3.2, -4.3, -3.125
[362][0][0], 1.925, 1.5500001, 1.05
[362][0][1], -3.525, -3.05, -1.925
[362][0][2], -5.6, -4.925, -2.8
[363][0][0], 1.9000008, 1.3000008, -0.42499924
[363][0][1], -2.7749994, -3.7249992, -3.9749994
[363][0][2], -4.424999, -5.899999, -5.499999
[364][0][0], 0.47500074, 0.90000075, 0.8000008
[364][0][1], -3.5249991, -4.099999, -3.7249992
[364][0][2], -4.8499994, -6.649999, -5.8499994
[365][0][0], -0.72499883, -1.099999, -1.2499988
[365][0][1], -3.724999, -4.374999, -3.224999
[365][0][2], -5.174999, -5.824999, -3.449999

vwnd.time[366]
1928472.0, 1928496.0, 1928520.0, 1928544.0, 1928568.0, 1928592.0, 1928616.0, 1928640.0, 1928664.0, 1928688.0, 1928712.0, 1928736.0, 1928760.0, 1928784.0, 1928808.0, 1928832.0, 1928856.0, 1928880.0, 1928904.0, 1928928.0, 1928952.0, 1928976.0, 1929000.0, 1929024.0, 1929048.0, 1929072.0, 1929096.0, 1929120.0, 1929144.0, 1929168.0, 1929192.0, 1929216.0, 1929240.0, 1929264.0, 1929288.0, 1929312.0, 1929336.0, 1929360.0, 1929384.0, 1929408.0, 1929432.0, 1929456.0, 1929480.0, 1929504.0, 1929528.0, 1929552.0, 1929576.0, 1929600.0, 1929624.0, 1929648.0, 1929672.0, 1929696.0, 1929720.0, 1929744.0, 1929768.0, 1929792.0, 1929816.0, 1929840.0, 1929864.0, 1929888.0, 1929912.0, 1929936.0, 1929960.0, 1929984.0, 1930008.0, 1930032.0, 1930056.0, 1930080.0, 1930104.0, 1930128.0, 1930152.0, 1930176.0, 1930200.0, 1930224.0, 1930248.0, 1930272.0, 1930296.0, 1930320.0, 1930344.0, 1930368.0, 1930392.0, 1930416.0, 1930440.0, 1930464.0, 1930488.0, 1930512.0, 1930536.0, 1930560.0, 1930584.0, 1930608.0, 1930632.0, 1930656.0, 1930680.0, 1930704.0, 1930728.0, 1930752.0, 1930776.0, 1930800.0, 1930824.0, 1930848.0, 1930872.0, 1930896.0, 1930920.0, 1930944.0, 1930968.0, 1930992.0, 1931016.0, 1931040.0, 1931064.0, 1931088.0, 1931112.0, 1931136.0, 1931160.0, 1931184.0, 1931208.0, 1931232.0, 1931256.0, 1931280.0, 1931304.0, 1931328.0, 1931352.0, 1931376.0, 1931400.0, 1931424.0, 1931448.0, 1931472.0, 1931496.0, 1931520.0, 1931544.0, 1931568.0, 1931592.0, 1931616.0, 1931640.0, 1931664.0, 1931688.0, 1931712.0, 1931736.0, 1931760.0, 1931784.0, 1931808.0, 1931832.0, 1931856.0, 1931880.0, 1931904.0, 1931928.0, 1931952.0, 1931976.0, 1932000.0, 1932024.0, 1932048.0, 1932072.0, 1932096.0, 1932120.0, 1932144.0, 1932168.0, 1932192.0, 1932216.0, 1932240.0, 1932264.0, 1932288.0, 1932312.0, 1932336.0, 1932360.0, 1932384.0, 1932408.0, 1932432.0, 1932456.0, 1932480.0, 1932504.0, 1932528.0, 1932552.0, 1932576.0, 1932600.0, 1932624.0, 1932648.0, 1932672.0, 1932696.0, 1932720.0, 1932744.0, 1932768.0, 1932792.0, 1932816.0, 1932840.0, 1932864.0, 1932888.0, 1932912.0, 1932936.0, 1932960.0, 1932984.0, 1933008.0, 1933032.0, 1933056.0, 1933080.0, 1933104.0, 1933128.0, 1933152.0, 1933176.0, 1933200.0, 1933224.0, 1933248.0, 1933272.0, 1933296.0, 1933320.0, 1933344.0, 1933368.0, 1933392.0, 1933416.0, 1933440.0, 1933464.0, 1933488.0, 1933512.0, 1933536.0, 1933560.0, 1933584.0, 1933608.0, 1933632.0, 1933656.0, 1933680.0, 1933704.0, 1933728.0, 1933752.0, 1933776.0, 1933800.0, 1933824.0, 1933848.0, 1933872.0, 1933896.0, 1933920.0, 1933944.0, 1933968.0, 1933992.0, 1934016.0, 1934040.0, 1934064.0, 1934088.0, 1934112.0, 1934136.0, 1934160.0, 1934184.0, 1934208.0, 1934232.0, 1934256.0, 1934280.0, 1934304.0, 1934328.0, 1934352.0, 1934376.0, 1934400.0, 1934424.0, 1934448.0, 1934472.0, 1934496.0, 1934520.0, 1934544.0, 1934568.0, 1934592.0, 1934616.0, 1934640.0, 1934664.0, 1934688.0, 1934712.0, 1934736.0, 1934760.0, 1934784.0, 1934808.0, 1934832.0, 1934856.0, 1934880.0, 1934904.0, 1934928.0, 1934952.0, 1934976.0, 1935000.0, 1935024.0, 1935048.0, 1935072.0, 1935096.0, 1935120.0, 1935144.0, 1935168.0, 1935192.0, 1935216.0, 1935240.0, 1935264.0, 1935288.0, 1935312.0, 1935336.0, 1935360.0, 1935384.0, 1935408.0, 1935432.0, 1935456.0, 1935480.0, 1935504.0, 1935528.0, 1935552.0, 1935576.0, 1935600.0, 1935624.0, 1935648.0, 1935672.0, 1935696.0, 1935720.0, 1935744.0, 1935768.0, 1935792.0, 1935816.0, 1935840.0, 1935864.0, 1935888.0, 1935912.0, 1935936.0, 1935960.0, 1935984.0, 1936008.0, 1936032.0, 1936056.0, 1936080.0, 1936104.0, 1936128.0, 1936152.0, 1936176.0, 1936200.0, 1936224.0, 1936248.0, 1936272.0, 1936296.0, 1936320.0, 1936344.0, 1936368.0, 1936392.0, 1936416.0, 1936440.0, 1936464.0, 1936488.0, 1936512.0, 1936536.0, 1936560.0, 1936584.0, 1936608.0, 1936632.0, 1936656.0, 1936680.0, 1936704.0, 1936728.0, 1936752.0, 1936776.0, 1936800.0, 1936824.0, 1936848.0, 1936872.0, 1936896.0, 1936920.0, 1936944.0, 1936968.0, 1936992.0, 1937016.0, 1937040.0, 1937064.0, 1937088.0, 1937112.0, 1937136.0, 1937160.0, 1937184.0, 1937208.0, 1937232.0

vwnd.level[1]
850.0

vwnd.lat[3]
27.5, 25.0, 22.5

vwnd.lon[3]
85.0, 87.5, 90.0


