Dataset {
    Grid {
     ARRAY:
        Float32 vwnd[time = 365][level = 1][lat = 3][lon = 3];
     MAPS:
        Float64 time[time = 365];
        Float32 level[level = 1];
        Float32 lat[lat = 3];
        Float32 lon[lon = 3];
    } vwnd;
} Datasets/ncep.reanalysis.dailyavgs/pressure/vwnd.2022.nc;
---------------------------------------------
vwnd.vwnd[365][1][3][3]
[0][0][0], -2.4749994, -2.1249993, -1.6249993
[0][0][1], -3.8999991, -3.9999993, -3.0999994
[0][0][2], -4.5999994, -4.974999, -3.749999
[1][0][0], -1.475, -0.75, 0.12500003
[1][0][1], -4.3999996, -3.9500003, -2.4750001
[1][0][2], -5.3250003, -4.6000004, -2.3749998
[2][0][0], -2.125, -1.9000001, -1.625
[2][0][1], -2.675, -2.55, -2.075
[2][0][2], -3.4, -2.875, -1.75
[3][0][0], -1.75, -1.7750001, -2.15
[3][0][1], -2.625, -3.1999998, -3.2
[3][0][2], -3.55, -4.1, -3.5
[4][0][0], -3.0749996, -4.1499996, -3.8249993
[4][0][1], -4.1249995, -4.724999, -3.7499993
[4][0][2], -3.9249992, -4.5999994, -3.3499992
[5][0][0], -0.8999985, -1.9499984, -1.4249985
[5][0][1], -2.7249985, -3.5749984, -2.6999984
[5][0][2], -3.6499987, -4.449999, -3.4749985
[6][0][0], -1.0, -1.425, -0.55
[6][0][1], -3.3250003, -4.275, -3.125
[6][0][2], -3.5, -5.3, -4.7000003
[7][0][0], -0.5249996, -2.0749996, -2.3749995
[7][0][1], -1.1249996, -2.9749997, -3.2749996
[7][0][2], -0.5249996, -2.3999996, -2.5749996
[8][0][0], 1.2250011, -0.47499883, -0.39999887
[8][0][1], -0.84999883, -3.099999, -2.849999
[8][0][2], -0.7999989, -3.224999, -2.9999988
[9][0][0], 3.1000004, 1.9750004, 0.9250003
[9][0][1], 0.25000042, -1.2999996, -1.9749997
[9][0][2], -0.44999963, -2.6749995, -3.1749997
[10][0][0], 2.7500017, 2.8250017, 2.4500015
[10][0][1], 0.50000155, 0.3000015, -0.024998426
[10][0][2], 0.07500154, -0.9249985, -1.0499984
[11][0][0], 1.0000015, 2.6500015, 3.6000013
[11][0][1], -0.24999848, 1.4250015, 2.2500014
[11][0][2], -0.049998462, 1.2750015, 1.9250016
[12][0][0], 0.6250012, 1.2250012, 1.8000011
[12][0][1], 0.07500116, 0.12500115, 0.050001174
[12][0][2], 0.6250012, -0.2999989, -1.3749988
[13][0][0], 0.39999998, 1.0, 1.3
[13][0][1], -1.3500001, -1.0749999, -0.925
[13][0][2], -0.17500001, -0.425, -0.625
[14][0][0], -1.775, -1.05, -0.20000005
[14][0][1], -1.0, -0.225, 0.475
[14][0][2], -1.7750001, -1.05, 3.7252903E-9
[15][0][0], 0.37499994, -0.20000005, -2.8999999
[15][0][1], -1.1250001, -1.3499999, -2.875
[15][0][2], -2.825, -3.1999998, -3.75
[16][0][0], 0.97499996, 0.625, -1.2250001
[16][0][1], -0.3, -0.12499998, -1.05
[16][0][2], -2.3249998, -1.725, -1.5749999
[17][0][0], 0.1, 0.100000024, -0.3
[17][0][1], -1.5250001, -1.0000001, -0.625
[17][0][2], -3.4, -2.1999998, -0.625
[18][0][0], 0.275, 1.05, 1.075
[18][0][1], -1.25, -0.375, 0.27499998
[18][0][2], -3.175, -2.05, -0.45000002
[19][0][0], 0.4000004, 0.7000004, 1.4250004
[19][0][1], -1.2749996, -0.59999967, 0.9250003
[19][0][2], -2.2749996, -1.3749996, 0.7000004
[20][0][0], 2.4500003, 2.5250003, 1.5750003
[20][0][1], 0.77500033, 1.6000005, 1.2250005
[20][0][2], -0.87499964, 0.6000004, 1.1250005
[21][0][0], 2.075002, 2.125002, 2.825002
[21][0][1], 1.1000019, 1.175002, 1.2500019
[21][0][2], 0.2500019, 0.5750019, 0.60000193
[22][0][0], 4.2999997, 3.425, 2.225
[22][0][1], 3.3, 3.1000001, 1.7750001
[22][0][2], 2.8, 2.8500001, 1.825
[23][0][0], 3.425, 3.8500001, 2.775
[23][0][1], 0.575, 1.45, 1.0
[23][0][2], -0.050000012, 0.5, 0.35
[24][0][0], 3.4500008, 4.2250004, 3.9750006
[24][0][1], 1.8000007, 1.9750009, 0.8750007
[24][0][2], 1.1500007, 0.4250008, -1.2249993
[25][0][0], 3.9750009, 4.650001, 3.525001
[25][0][1], 1.1250007, 1.4000008, 0.3000008
[25][0][2], -0.44999924, -0.9499992, -1.6499991
[26][0][0], 1.4250015, 3.2000015, 2.6750016
[26][0][1], -0.07499848, 1.2500015, 0.42500156
[26][0][2], -1.3999984, -0.8249985, -1.2999985
[27][0][0], -0.17499849, 0.8500015, 0.40000153
[27][0][1], -1.5499985, 0.05000153, -0.074998476
[27][0][2], -2.6749983, -1.4249985, -1.3249985
[28][0][0], -1.3499997, 0.7250004, 1.5750005
[28][0][1], -3.5749996, -2.1249995, -0.82499963
[28][0][2], -5.924999, -6.2, -4.7999997
[29][0][0], -0.27500007, 0.59999996, 0.70000005
[29][0][1], -0.84999996, -0.19999996, -0.625
[29][0][2], -2.575, -3.0, -3.825
[30][0][0], 0.025000833, 1.625001, 2.8500009
[30][0][1], -2.0749993, -0.1499992, 0.82500076
[30][0][2], -2.9999993, -1.7999992, -1.5749992
[31][0][0], -0.44999915, 1.9500008, 3.4750009
[31][0][1], -1.2999992, 1.3250008, 2.4000008
[31][0][2], -2.2499993, -0.7249992, -0.27499923
[32][0][0], -1.2749984, 0.12500149, 1.4500015
[32][0][1], -1.5999985, -0.24999848, 0.17500159
[32][0][2], -0.67499846, -0.44999844, -1.7749984
[33][0][0], 3.6000004, 2.0750003, 2.0000005
[33][0][1], 3.2000003, 2.1250005, 1.3250003
[33][0][2], 4.1250005, 2.9000003, 1.2250004
[34][0][0], 5.1250014, 7.9000015, 7.3250017
[34][0][1], 2.0750012, 5.8250012, 5.800001
[34][0][2], 1.925001, 5.675001, 6.0750012
[35][0][0], -2.4749994, -0.3999996, 2.1500003
[35][0][1], -4.075, -1.9999996, 0.77500033
[35][0][2], -3.4999998, -1.8749998, 0.9750003
[36][0][0], -0.675, -5.9604645E-8, -0.4749999
[36][0][1], -2.0, -1.9250001, -2.35
[36][0][2], -2.425, -2.725, -2.925
[37][0][0], -1.225, 0.024999976, 1.0
[37][0][1], -2.75, -1.9749999, -1.5749999
[37][0][2], -3.5, -3.15, -3.125
[38][0][0], -1.6499999, -0.19999997, 0.675
[38][0][1], -2.025, -0.95, -0.65
[38][0][2], -2.4, -2.25, -2.6000001
[39][0][0], 1.675, 1.525, 1.4250001
[39][0][1], 0.525, -0.4749999, -1.225
[39][0][2], -0.5, -2.0000002, -2.6
[40][0][0], 0.9250007, 1.7500007, 1.125001
[40][0][1], -0.7999993, 0.8000008, 0.40000075
[40][0][2], -2.3499992, -0.44999924, -0.22499922
[41][0][0], -0.87499964, 0.85000014, 0.9750004
[41][0][1], 0.1500004, 1.0500004, -0.14999959
[41][0][2], -0.7999996, -0.79999965, -2.2999997
[42][0][0], -2.075, -0.70000005, -0.75
[42][0][1], -3.35, -2.1750002, -2.25
[42][0][2], -3.85, -4.2, -4.775
[43][0][0], 0.85, 1.45, 0.59999996
[43][0][1], -0.625, -0.6, -1.5249999
[43][0][2], -2.65, -3.65, -4.275
[44][0][0], 0.47500035, 0.8000004, -0.29999965
[44][0][1], -1.9499996, -1.6999996, -1.8499995
[44][0][2], -3.9249995, -4.1499996, -3.3249996
[45][0][0], -0.12499887, 0.47500113, 0.7750011
[45][0][1], -2.4249988, -2.4999988, -1.7499988
[45][0][2], -4.2749987, -4.699999, -3.149999
[46][0][0], -0.09999919, 1.2250007, 1.7750008
[46][0][1], -1.9999993, -1.5749993, -0.9499993
[46][0][2], -3.6999993, -4.299999, -3.4249992
[47][0][0], -0.20000002, 1.9749999, 2.25
[47][0][1], -1.95, -0.77500004, -1.1999999
[47][0][2], -3.55, -4.4, -5.2999997
[48][0][0], -0.5749996, 2.4500003, 3.3500004
[48][0][1], -2.4499996, -0.19999963, 0.1750004
[48][0][2], -3.4499996, -2.9999995, -3.1999996
[49][0][0], -1.75, 0.40000004, 1.6999999
[49][0][1], -2.3249998, -1.8000001, -1.5999999
[49][0][2], -2.825, -3.875, -4.875
[50][0][0], 1.4250001, 4.025, 4.675
[50][0][1], 0.7500001, 2.6999998, 2.35
[50][0][2], -1.025, 2.9802322E-8, -1.05
[51][0][0], 0.72499996, 2.05, 2.2749999
[51][0][1], -0.049999967, 1.1, 1.1500001
[51][0][2], -1.2, -0.65, -1.05
[52][0][0], -0.7999989, -0.24999875, -0.024998844
[52][0][1], -0.39999884, 0.5500012, 0.65000117
[52][0][2], -0.69999886, 0.10000116, -0.074998856
[53][0][0], 1.1750015, -0.6249985, -1.4499984
[53][0][1], 1.1250014, -0.7249985, -1.8749986
[53][0][2], 1.6500015, -0.34999847, -1.8499985
[54][0][0], 0.8500011, 0.8250011, -0.4749989
[54][0][1], 0.7500011, 1.0000011, -0.52499884
[54][0][2], 1.5000012, 1.9500012, 0.42500114
[55][0][0], -0.84999883, 1.0000012, 1.3250012
[55][0][1], -0.4749989, 1.6750011, 1.2000011
[55][0][2], 0.8500011, 2.8000011, 1.4500012
[56][0][0], -2.1249983, -2.1249986, -0.9249984
[56][0][1], -0.9499985, -1.3499985, -1.3999984
[56][0][2], 1.1000016, 1.5348196E-6, -1.3999985
[57][0][0], -0.274998, 0.4500019, 0.800002
[57][0][1], 0.27500188, 0.32500187, -0.7249981
[57][0][2], 0.70000196, -0.12499812, -2.0999982
[58][0][0], -2.1749992, -1.1749992, -1.2749991
[58][0][1], 0.40000075, 0.40000075, -0.9499992
[58][0][2], 0.8750008, -0.6249993, -2.8249993
[59][0][0], 0.75000083, 1.1000007, 8.34465E-7
[59][0][1], -0.2749992, -0.37499923, -1.9749992
[59][0][2], -0.12499927, -0.8749992, -2.6249993
[60][0][0], 1.0000004, 0.7750004, -0.39999962
[60][0][1], -0.39999962, -0.8999996, -2.4249997
[60][0][2], -1.7499996, -2.6249995, -3.9249997
[61][0][0], 1.8775463E-6, -0.07499808, -0.4749982
[61][0][1], -2.0249982, -2.624998, -3.2749982
[61][0][2], -2.624998, -3.5249982, -4.199998
[62][0][0], -0.9249985, -1.2999984, -0.99999857
[62][0][1], -1.1499984, -2.4499986, -3.3999984
[62][0][2], -1.2499986, -3.3499985, -5.1249986
[63][0][0], -3.099999, -3.6749988, -3.024999
[63][0][1], -1.8499988, -1.8249989, -1.8749989
[63][0][2], -2.0499988, -2.4499989, -3.599999
[64][0][0], -1.1749992, -2.5749993, -5.1999993
[64][0][1], -1.7999994, -3.1249993, -5.024999
[64][0][2], -2.0999994, -3.499999, -4.5749993
[65][0][0], -1.5499988, -2.149999, -2.5749989
[65][0][1], -2.6999989, -3.1999989, -3.0749989
[65][0][2], -3.1749988, -3.0249987, -1.7499988
[66][0][0], -0.54999846, -0.42499852, -1.3499985
[66][0][1], -2.0249984, -1.7749985, -2.2249985
[66][0][2], -3.6499984, -2.6749985, -1.9999986
[67][0][0], -0.7749989, -1.4499989, -2.8249989
[67][0][1], -1.3749988, -2.1249988, -3.1499987
[67][0][2], -3.4749987, -3.4249988, -3.1749988
[68][0][0], -0.17500001, 0.27499998, -0.5999999
[68][0][1], -1.5999999, -1.175, -1.8249999
[68][0][2], -3.5000002, -2.9499998, -2.6000001
[69][0][0], -0.19999847, 1.0250014, 1.1750015
[69][0][1], -1.4499985, -0.8499985, -0.92499846
[69][0][2], -4.0249987, -4.0249987, -3.4749985
[70][0][0], -0.45000005, -1.0250001, -2.3249998
[70][0][1], -0.07499999, -0.6, -1.6999999
[70][0][2], -2.4250002, -2.8, -2.825
[71][0][0], -1.8499981, -2.374998, -3.1249979
[71][0][1], -1.0749981, -1.924998, -2.4749982
[71][0][2], -2.574998, -3.349998, -3.374998
[72][0][0], -0.85, -2.3, -4.2749996
[72][0][1], -0.34999996, -1.625, -3.1750002
[72][0][2], -0.775, -1.65, -2.5749998
[73][0][0], 0.125, -0.20000005, -1.325
[73][0][1], -0.525, -0.875, -2.025
[73][0][2], -2.1, -1.8499999, -2.375
[74][0][0], -0.72499996, -0.85, -2.125
[74][0][1], 1.5500001, 2.3250003, 0.775
[74][0][2], 0.85, 2.025, 0.725
[75][0][0], -1.3499999, -2.875, -4.45
[75][0][1], 2.525, 2.2749999, 0.6
[75][0][2], 3.275, 3.65, 2.35
[76][0][0], -2.2, -2.425, -3.0749998
[76][0][1], 1.4, 1.0, -0.65
[76][0][2], 2.975, 2.725, 0.79999995
[77][0][0], -1.05, -1.0749999, -1.8499999
[77][0][1], 1.325, 1.6, 0.425
[77][0][2], 2.1499999, 2.55, 1.725
[78][0][0], 0.050000057, 0.77500004, 0.82500005
[78][0][1], -0.67499995, 0.775, 1.325
[78][0][2], -1.25, 0.575, 2.025
[79][0][0], -2.224999, -1.224999, -0.17499886
[79][0][1], -0.6499988, 0.5750011, 0.97500116
[79][0][2], -0.62499887, 0.75000113, 1.1500012
[80][0][0], 0.6750019, 1.9250019, 1.350002
[80][0][1], 0.5750019, 1.5500019, 0.5750019
[80][0][2], -0.32499808, -0.074998066, -1.049998
[81][0][0], 2.5250003, 3.6000004, 2.2000003
[81][0][1], 2.0250003, 2.3750005, 0.4500004
[81][0][2], 1.0500004, 0.47500038, -1.4999995
[82][0][0], 0.5750004, 2.5250006, 3.3250005
[82][0][1], 1.5000002, 3.5000005, 3.7250004
[82][0][2], 1.6250002, 2.9250002, 2.4250004
[83][0][0], -0.8249977, 1.9500021, 3.6250024
[83][0][1], 2.2947788E-6, 3.4500022, 4.8750024
[83][0][2], 1.3250023, 3.7250023, 3.9500022
[84][0][0], -1.0499996, 1.1750004, 2.2250004
[84][0][1], -0.57499963, 2.5750005, 4.1000004
[84][0][2], -0.9249996, 1.8000005, 2.9250004
[85][0][0], 0.30000067, 2.1000006, 1.7000008
[85][0][1], 0.25000083, 2.4750009, 2.0250008
[85][0][2], -0.79999924, 1.1750007, 0.8750008
[86][0][0], -2.8749995, -0.7499996, 1.4250003
[86][0][1], -1.0749996, 1.5250003, 3.0000002
[86][0][2], -0.7749996, 1.3750004, 1.9250004
[87][0][0], -2.7999992, -1.7999992, -1.0499992
[87][0][1], -1.1249992, 0.4750008, 0.8500008
[87][0][2], 0.17500074, 1.7500008, 1.7000006
[88][0][0], -2.4499996, -1.1249996, -0.07499963
[88][0][1], -0.7499996, 1.9500004, 2.5000002
[88][0][2], 1.1000004, 3.8250003, 3.4250004
[89][0][0], -2.0, -0.62500006, 1.5500001
[89][0][1], -0.24999997, 1.7750001, 3.0
[89][0][2], 1.9000001, 3.5, 3.175
[90][0][0], -0.22499917, 1.2000008, 1.7250007
[90][0][1], 2.6500006, 4.075001, 3.2000008
[90][0][2], 4.850001, 5.4000006, 3.375001
[91][0][0], -1.3749996, 1.1000004, 3.2250004
[91][0][1], -0.8999996, 2.1250005, 3.5750003
[91][0][2], 0.5250004, 2.9750004, 3.5000005
[92][0][0], -2.224999, -0.14999884, 3.225001
[92][0][1], -1.4749988, 2.150001, 5.5500007
[92][0][2], -0.37499887, 3.1750011, 5.400001
[93][0][0], -1.4749986, -0.82499844, 0.8750015
[93][0][1], 0.5500015, 2.4000015, 4.4250016
[93][0][2], 3.0000014, 4.4000015, 5.3500013
[94][0][0], -0.25, 2.0499997, 3.2
[94][0][1], 0.79999995, 3.5, 4.475
[94][0][2], 1.575, 3.65, 4.125
[95][0][0], -0.7749985, 1.7000015, 2.0500016
[95][0][1], -0.69999844, 1.7750015, 2.0250013
[95][0][2], 0.050001502, 1.6750014, 1.5500015
[96][0][0], 0.025000364, 2.2250004, 3.2250004
[96][0][1], 1.3750005, 3.0750003, 2.7500002
[96][0][2], 2.2750006, 3.0500002, 1.5750005
[97][0][0], -0.39999926, 2.3750007, 4.100001
[97][0][1], 2.4250007, 4.850001, 5.6500006
[97][0][2], 3.0750008, 4.1000004, 3.7000008
[98][0][0], -0.90000004, 0.425, 1.375
[98][0][1], 0.92499995, 2.525, 3.275
[98][0][2], 1.375, 2.125, 2.35
[99][0][0], -1.2249995, 1.2750002, 3.0000005
[99][0][1], 2.3250003, 5.4, 6.200001
[99][0][2], 2.7250004, 4.8250003, 4.9000006
[100][0][0], -1.9249992, -1.6249993, -1.4749993
[100][0][1], -0.49999928, 1.0250008, 1.9000007
[100][0][2], 0.17500079, 1.9000008, 2.9000008
[101][0][0], -1.55, -0.525, -0.35
[101][0][1], -0.35, 1.225, 1.5
[101][0][2], 0.65, 1.9000001, 1.8
[102][0][0], -2.0499992, -0.77499926, 1.4750009
[102][0][1], -0.84999925, 1.2250007, 3.0500007
[102][0][2], 1.3500009, 2.6500008, 3.0000007
[103][0][0], -1.1249993, 1.2000008, 3.9000006
[103][0][1], -1.0999993, 1.2250007, 3.2750006
[103][0][2], -0.5999992, 1.0250007, 2.1000009
[104][0][0], -1.6749985, 1.1500015, 4.2250013
[104][0][1], -1.8999984, 0.82500154, 3.6000016
[104][0][2], -1.7749984, 0.15000159, 1.7500015
[105][0][0], 0.10000035, 2.4250002, 4.450001
[105][0][1], 0.5250004, 2.4000003, 3.5250006
[105][0][2], 0.75000036, 1.7250004, 1.7750003
[106][0][0], -1.8749977, 0.9500022, 2.6750026
[106][0][1], -0.7749977, 1.8000023, 3.4000025
[106][0][2], -0.2249977, 1.5250022, 2.5000024
[107][0][0], -0.6749985, 0.25000146, 0.47500154
[107][0][1], 0.17500152, 1.3500016, 1.6250014
[107][0][2], -0.3999985, 0.9250015, 1.5250016
[108][0][0], -0.12499884, 0.8250011, -0.42499885
[108][0][1], 1.3750012, 3.1250012, 2.525001
[108][0][2], 1.4500011, 3.750001, 3.725001
[109][0][0], -0.024998844, -0.37499887, -2.4749987
[109][0][1], 0.050001174, -0.09999888, -1.2249988
[109][0][2], 0.6000012, 0.8750012, 0.85000116
[110][0][0], -0.6749996, 0.05000043, -0.09999964
[110][0][1], 1.3500003, 2.4500005, 1.8250003
[110][0][2], 2.9250004, 3.7500002, 2.6500006
[111][0][0], -1.8, -0.45000002, 1.075
[111][0][1], -2.15, -0.8, 0.45
[111][0][2], -1.65, -0.79999995, -0.42499998
[112][0][0], -1.6, 0.87500006, 2.75
[112][0][1], -2.275, 0.575, 2.675
[112][0][2], -2.65, -0.525, 1.1
[113][0][0], -0.92499995, 1.8249999, 3.275
[113][0][1], -0.275, 2.225, 3.1
[113][0][2], -1.0999999, 0.6500001, 0.95
[114][0][0], -2.15, 0.37500003, 1.3750001
[114][0][1], -1.6, 0.675, 1.5
[114][0][2], -0.5, 0.525, 0.325
[115][0][0], -0.775, 1.5, 2.2250001
[115][0][1], 0.7999999, 2.8249998, 2.5
[115][0][2], 1.225, 2.475, 1.5
[116][0][0], -1.2249999, 0.44999993, 0.79999995
[116][0][1], 0.52500004, 2.725, 3.075
[116][0][2], 1.4250001, 2.85, 2.4
[117][0][0], -0.49999964, 0.70000035, 0.4000004
[117][0][1], 0.3250004, 2.1250002, 1.9500003
[117][0][2], 0.77500033, 2.4250002, 2.5250003
[118][0][0], -0.9249989, 0.5250011, 0.75000113
[118][0][1], 0.8250011, 2.8000011, 2.875001
[118][0][2], 0.97500116, 2.900001, 3.2000012
[119][0][0], 0.37500003, 0.225, -1.575
[119][0][1], 2.9499998, 4.7, 2.875
[119][0][2], 3.9249997, 6.425, 5.0249996
[120][0][0], 1.5250013, 0.92500114, -1.3749988
[120][0][1], 3.325001, 3.6250012, 1.4250011
[120][0][2], 5.2000012, 5.700001, 3.6250012
[121][0][0], 1.4750012, 1.5500011, 0.97500104
[121][0][1], 3.150001, 3.6750011, 2.8750012
[121][0][2], 3.1750011, 3.9750013, 3.3250012
[122][0][0], 0.3250004, 1.0250003, 1.5500004
[122][0][1], 2.5750005, 4.700001, 6.2500005
[122][0][2], 2.8500004, 5.4000006, 7.1500006
[123][0][0], -1.0999985, -1.1249983, -0.2999985
[123][0][1], 0.7750015, 0.8750016, 1.7500014
[123][0][2], 1.4750015, 1.8000015, 2.3000016
[124][0][0], -0.32499856, 0.42500156, 0.62500155
[124][0][1], -0.84999853, -0.09999847, 0.70000154
[124][0][2], -0.5249984, 0.4250015, 1.3750015
[125][0][0], -0.5249996, 1.0250005, 2.1750004
[125][0][1], -1.1249996, 0.82500046, 2.4750004
[125][0][2], -1.5499996, 0.1500004, 1.8500004
[126][0][0], -1.8749988, -0.6499988, 1.275001
[126][0][1], -1.6249988, -0.24999887, 1.3750012
[126][0][2], -0.52499884, 0.75000113, 1.7000011
[127][0][0], -0.9249999, 0.0, 1.25
[127][0][1], 1.9, 2.875, 3.25
[127][0][2], 2.875, 3.575, 3.35
[128][0][0], 1.9500012, 2.0500011, 2.100001
[128][0][1], 5.325001, 5.4750013, 3.650001
[128][0][2], 6.250001, 7.650001, 5.450001
[129][0][0], 0.75000197, 0.72500193, 1.1250019
[129][0][1], 3.5750017, 4.275002, 4.275002
[129][0][2], 5.800002, 7.7500024, 7.100002
[130][0][0], -0.47499964, 0.5750003, 1.6000004
[130][0][1], 3.8250003, 5.8250003, 6.0
[130][0][2], 7.6250005, 9.900001, 8.375
[131][0][0], -1.75, -0.825, 1.2
[131][0][1], 2.6499999, 3.7, 4.625
[131][0][2], 6.6500006, 7.075, 6.325
[132][0][0], -2.65, -0.65, 2.4
[132][0][1], 1.075, 3.525, 6.0
[132][0][2], 4.875, 6.875, 7.9500003
[133][0][0], -3.9499989, -1.7999988, 0.85000116
[133][0][1], 0.30000114, 3.0500011, 5.325001
[133][0][2], 4.2750015, 6.625001, 7.6500015
[134][0][0], -3.3249993, -0.4749997, 1.9250004
[134][0][1], 3.7252903E-7, 3.4500003, 5.825001
[134][0][2], 3.5000005, 6.6000004, 7.975001
[135][0][0], -2.4249997, -0.22499962, 3.1000004
[135][0][1], 0.17500037, 2.6250005, 5.5750003
[135][0][2], 1.4750004, 3.9750004, 6.1500006
[136][0][0], 0.4000004, 1.9000003, 3.4250004
[136][0][1], 1.7000003, 3.8000002, 5.4
[136][0][2], 2.1750004, 4.3750005, 5.6000004
[137][0][0], -0.9, 0.84999996, 3.5
[137][0][1], 1.175, 3.1749997, 5.675
[137][0][2], 2.25, 3.5749998, 4.8500004
[138][0][0], 7.1525574E-7, 2.5250006, 4.6000004
[138][0][1], 1.6250007, 4.250001, 5.925001
[138][0][2], 2.4750009, 3.875001, 3.750001
[139][0][0], 0.075000286, 1.1750004, 2.5000002
[139][0][1], 1.9500004, 3.2500005, 3.8000004
[139][0][2], 3.0250003, 3.3000002, 2.0500002
[140][0][0], -2.0, -0.75, 0.975
[140][0][1], 0.12500003, 2.125, 3.0
[140][0][2], 2.475, 4.45, 3.425
[141][0][0], 1.6999999, 1.55, 1.75
[141][0][1], 2.175, 1.925, 1.05
[141][0][2], 2.45, 2.825, 1.675
[142][0][0], -1.0749992, -0.42499918, 0.32500076
[142][0][1], -0.29999924, 0.17500076, 0.25000075
[142][0][2], 0.17500077, 1.3000008, 1.4750007
[143][0][0], 1.6250007, 1.3750007, 0.47500077
[143][0][1], -0.42499924, -0.4499992, -0.6249993
[143][0][2], -0.049999237, 0.20000073, 0.45000076
[144][0][0], 1.1750015, 1.2000015, 0.5500015
[144][0][1], -1.3749985, -1.1749985, -0.84999853
[144][0][2], -2.5249984, -1.5249984, -0.22499847
[145][0][0], 1.2250001, 2.05, 1.825
[145][0][1], 1.2, 0.97499996, -0.2
[145][0][2], 0.525, 0.1, -0.95000005
[146][0][0], -0.44999996, 1.25, 2.0249999
[146][0][1], 0.0, 1.7250001, 2.3
[146][0][2], -0.375, 1.1, 1.5
[147][0][0], 0.42499995, 1.6, 1.4250001
[147][0][1], 0.8, 2.275, 2.175
[147][0][2], -0.25, 0.67499995, 0.65
[148][0][0], -3.125, -2.225, -0.74999994
[148][0][1], -2.475, -1.325, -0.12499998
[148][0][2], -1.3, -0.65, -0.15000002
[149][0][0], -1.9249996, -1.7249997, -0.32499954
[149][0][1], -1.4749995, -0.9999996, -0.12499957
[149][0][2], -0.42499962, 0.12500036, 0.20000035
[150][0][0], -1.5249996, -0.9999996, 0.35000032
[150][0][1], -0.74999964, 0.17500035, 1.0000004
[150][0][2], 0.12500039, 1.4750004, 1.8250003
[151][0][0], -0.9499996, -0.32499957, 0.8000004
[151][0][1], -0.24999964, 0.4750004, 0.9750003
[151][0][2], 0.87500036, 1.7000004, 1.7500002
[152][0][0], -0.57500005, 0.325, 1.725
[152][0][1], 0.67499995, 2.125, 2.925
[152][0][2], 1.625, 3.7, 4.35
[153][0][0], -0.575, 0.27500004, 1.075
[153][0][1], -0.625, 1.375, 2.925
[153][0][2], 0.22500002, 3.15, 4.8999996
[154][0][0], -1.5249989, -0.24999884, 1.2750013
[154][0][1], -0.04999885, 1.8750012, 3.250001
[154][0][2], 1.775001, 4.300001, 5.300001
[155][0][0], -1.1999996, -0.34999964, 1.0500004
[155][0][1], 0.2750004, 2.2250004, 3.5250006
[155][0][2], 2.2250004, 4.65, 5.1250005
[156][0][0], -1.3999991, -0.9999993, 0.60000074
[156][0][1], 0.6750008, 2.1750007, 3.6500006
[156][0][2], 2.5000007, 4.575001, 5.2750006
[157][0][0], 1.0, 1.0, 1.7
[157][0][1], 1.7749999, 2.675, 3.625
[157][0][2], 1.85, 3.775, 4.8
[158][0][0], 2.0, 3.8000002, 4.65
[158][0][1], 1.325, 4.25, 5.625
[158][0][2], -0.025000036, 3.75, 5.575
[159][0][0], 1.3249999, 2.775, 4.0499997
[159][0][1], 0.9, 2.9, 4.675
[159][0][2], -0.25, 2.375, 4.725
[160][0][0], 2.025, 2.5, 2.85
[160][0][1], 2.0500002, 3.4, 4.25
[160][0][2], 1.425, 3.05, 4.25
[161][0][0], 1.4250011, 2.9250014, 4.3500013
[161][0][1], 1.3250011, 3.3000011, 5.250001
[161][0][2], -0.34999883, 1.3000011, 3.5750012
[162][0][0], 1.4000012, 1.8000011, 3.400001
[162][0][1], 1.8500011, 2.3000011, 4.2000012
[162][0][2], 0.6000011, 0.8250011, 2.775001
[163][0][0], 0.17500226, 1.4250023, 2.9000022
[163][0][1], 2.5250022, 3.5000024, 4.3500023
[163][0][2], 2.6000023, 3.4250023, 3.7250023
[164][0][0], 0.7000011, 2.7000012, 4.800001
[164][0][1], 2.150001, 5.175001, 7.400001
[164][0][2], 2.125001, 5.4000015, 7.225001
[165][0][0], 1.3500009, 3.875001, 5.9750004
[165][0][1], 1.6500008, 4.950001, 7.6000004
[165][0][2], 1.6500007, 4.7750006, 6.875001
[166][0][0], 1.325, 4.575, 7.1
[166][0][1], 1.45, 4.5, 7.0499997
[166][0][2], 1.7249999, 4.375, 6.45
[167][0][0], 1.8500004, 4.2250004, 5.675
[167][0][1], 2.7000003, 5.3500004, 6.5750003
[167][0][2], 3.0500007, 5.2750006, 6.075001
[168][0][0], 1.925, 4.1, 5.625
[168][0][1], 1.5749999, 4.175, 5.8999996
[168][0][2], 1.9250001, 4.425, 5.8999996
[169][0][0], 1.275, 2.6499999, 4.2
[169][0][1], -0.050000012, 1.2, 3.1750002
[169][0][2], 0.37500003, 1.375, 3.125
[170][0][0], 2.8, 3.9, 4.25
[170][0][1], 1.6, 1.975, 2.45
[170][0][2], 1.175, 1.575, 2.4250002
[171][0][0], 2.35, 3.35, 3.45
[171][0][1], 1.4, 2.475, 2.9250002
[171][0][2], 1.325, 2.65, 3.2
[172][0][0], 0.8500011, 1.9750012, 2.825001
[172][0][1], -0.49999887, 1.825001, 3.900001
[172][0][2], -0.44999886, 2.7500012, 5.175001
[173][0][0], 0.8500016, 1.7750015, 2.8000016
[173][0][1], 0.92500156, 2.9750018, 4.7250013
[173][0][2], 1.5500016, 3.8750014, 5.7250013
[174][0][0], 0.42500073, 2.3000007, 4.1750007
[174][0][1], 1.2500007, 4.0500007, 5.8000007
[174][0][2], 1.7000008, 4.9500003, 6.725001
[175][0][0], 2.8000004, 3.7500005, 4.3750005
[175][0][1], 2.9500003, 4.6000004, 5.3250003
[175][0][2], 2.0000005, 4.450001, 5.9750004
[176][0][0], 2.8000007, 3.6000006, 4.250001
[176][0][1], 5.9000006, 7.4000006, 7.225001
[176][0][2], 6.350001, 8.300001, 7.675001
[177][0][0], 2.8500009, 3.0750008, 3.4250007
[177][0][1], 5.0500007, 5.675001, 5.5500007
[177][0][2], 4.575001, 5.925001, 5.875001
[178][0][0], 3.9750004, 4.375, 4.4500003
[178][0][1], 5.075001, 6.3, 6.6750007
[178][0][2], 3.2750006, 5.5250006, 6.625
[179][0][0], 5.850001, 5.575001, 4.4750013
[179][0][1], 5.1500006, 6.1000013, 5.875001
[179][0][2], 2.0500011, 4.7250013, 5.750001
[180][0][0], 5.0750012, 5.025001, 3.7750013
[180][0][1], 4.4750013, 5.050001, 4.300001
[180][0][2], 1.7500012, 3.6250012, 4.050001
[181][0][0], 4.0249996, 3.975, 3.75
[181][0][1], 3.5749998, 4.275, 4.575
[181][0][2], 0.65, 3.0, 4.35
[182][0][0], 3.3999999, 3.25, 3.05
[182][0][1], 2.2, 2.725, 3.4
[182][0][2], -0.77500004, 1.475, 3.475
[183][0][0], 3.750001, 4.0250006, 3.4500008
[183][0][1], 3.4000006, 4.625001, 4.8000007
[183][0][2], -0.17499924, 3.500001, 5.825001
[184][0][0], 3.225, 2.275, 0.39999998
[184][0][1], 4.1, 4.5750003, 3.875
[184][0][2], 1.175, 4.125, 5.95
[185][0][0], 1.6250004, 0.15000036, -0.37499964
[185][0][1], 3.1500006, 1.9000003, 2.4500003
[185][0][2], 1.7750003, 2.2250004, 4.9500003
[186][0][0], 3.775, 2.7750006, 1.5250003
[186][0][1], 5.3500004, 5.7000003, 4.9500003
[186][0][2], 4.3500004, 7.2750006, 7.9
[187][0][0], 3.6, 2.9, 1.55
[187][0][1], 4.275, 4.4, 3.9750001
[187][0][2], 2.5749998, 5.175, 6.725
[188][0][0], 3.35, 2.975, 2.75
[188][0][1], 5.075, 5.1, 4.4249997
[188][0][2], 3.475, 6.1749997, 6.95
[189][0][0], 4.9500003, 3.95, 3.1499999
[189][0][1], 4.9, 4.75, 4.35
[189][0][2], 2.275, 5.3250003, 7.2250004
[190][0][0], 3.525, 3.7250001, 3.925
[190][0][1], 4.1, 4.85, 5.0
[190][0][2], 2.725, 6.7250004, 8.849999
[191][0][0], 4.425, 4.15, 2.875
[191][0][1], 4.425, 5.175, 4.925
[191][0][2], 1.375, 5.7000003, 8.875
[192][0][0], 3.2500007, 3.1000009, 3.0250008
[192][0][1], 3.125001, 4.2750006, 5.350001
[192][0][2], 0.9250008, 4.5500007, 7.7250004
[193][0][0], 2.8750005, 3.3000004, 3.7250004
[193][0][1], 3.15, 4.425, 5.5250006
[193][0][2], 1.1250004, 4.4250007, 7.4000006
[194][0][0], 5.475, 4.6499996, 3.025
[194][0][1], 5.7, 5.9, 4.9
[194][0][2], 2.6, 5.425, 6.8999996
[195][0][0], 5.075, 4.4, 3.625
[195][0][1], 4.45, 5.2000003, 5.5249996
[195][0][2], 1.1, 4.525, 7.3999996
[196][0][0], 4.4250007, 4.6750007, 4.3000007
[196][0][1], 3.8500009, 6.200001, 7.000001
[196][0][2], 0.82500076, 5.7750006, 9.025001
[197][0][0], 3.975001, 4.4500012, 3.9750013
[197][0][1], 5.875001, 8.225001, 7.2500014
[197][0][2], 4.900001, 10.050001, 9.950002
[198][0][0], 3.5750017, 3.0250015, 2.9750016
[198][0][1], 7.7000017, 7.550001, 6.1000013
[198][0][2], 8.800001, 9.475001, 7.0250015
[199][0][0], 3.500001, 3.3500013, 3.4250011
[199][0][1], 4.2250013, 4.3250012, 4.550001
[199][0][2], 3.2500012, 3.950001, 4.1500015
[200][0][0], 3.750001, 5.4750013, 5.875001
[200][0][1], 2.2500012, 4.6000013, 5.2750015
[200][0][2], 0.27500117, 3.225001, 4.275001
[201][0][0], 3.5, 4.325, 4.175
[201][0][1], 2.125, 4.8, 5.5999994
[201][0][2], 0.225, 3.975, 4.775
[202][0][0], 3.9250002, 4.0, 2.7749999
[202][0][1], 3.2, 4.95, 4.8
[202][0][2], 2.0, 5.6499996, 6.4750004
[203][0][0], 4.925, 3.825, 2.95
[203][0][1], 4.825, 5.225, 4.975
[203][0][2], 3.775, 7.025, 7.8
[204][0][0], 4.2999997, 4.175, 4.125
[204][0][1], 5.9999995, 6.5499997, 6.05
[204][0][2], 5.35, 7.825, 7.575
[205][0][0], 5.9750004, 5.25, 3.75
[205][0][1], 7.2000003, 6.75, 4.6000004
[205][0][2], 6.6, 7.475, 5.4
[206][0][0], 4.8750005, 3.6750007, 2.675001
[206][0][1], 6.275001, 5.000001, 2.8500009
[206][0][2], 5.8500004, 5.1500006, 2.2750008
[207][0][0], 4.9750023, 3.875002, 2.375002
[207][0][1], 5.125002, 4.400002, 2.525002
[207][0][2], 3.9250019, 3.650002, 1.450002
[208][0][0], 3.75, 4.075, 3.775
[208][0][1], 2.9250002, 2.575, 1.45
[208][0][2], 1.375, 0.75, -0.875
[209][0][0], 4.65, 5.0, 3.8
[209][0][1], 4.6, 4.75, 3.0500002
[209][0][2], 2.9, 2.975, 1.2
[210][0][0], 3.3500004, 4.5, 4.4750004
[210][0][1], 1.1250004, 2.2750003, 2.4250004
[210][0][2], -0.07499963, 1.2250004, 1.2750003
[211][0][0], 1.8250004, 3.5500007, 5.2500005
[211][0][1], -0.024999596, 1.6250004, 3.5000005
[211][0][2], -0.32499963, 0.90000033, 2.3000004
[212][0][0], 2.25, 3.75, 4.975
[212][0][1], 0.47500002, 2.1, 3.5
[212][0][2], -0.22499998, 1.525, 2.7
[213][0][0], 4.4500003, 3.7749999, 3.4
[213][0][1], 2.6999998, 2.075, 2.0749998
[213][0][2], 1.2, 1.675, 2.4250002
[214][0][0], 4.925001, 3.0500011, 2.2500012
[214][0][1], 3.8500013, 2.7250013, 2.8500009
[214][0][2], 3.125001, 3.2250013, 4.300001
[215][0][0], 4.4250007, 3.3500004, 2.8250003
[215][0][1], 2.7750003, 2.5750003, 3.7250001
[215][0][2], 0.6500004, 1.9000005, 4.9500003
[216][0][0], 2.875001, 2.5000012, 2.6750011
[216][0][1], 1.7500012, 1.775001, 3.0750012
[216][0][2], -0.32499886, 1.3250011, 4.650001
[217][0][0], 5.05, 4.775, 3.7250001
[217][0][1], 2.825, 2.575, 2.775
[217][0][2], -0.625, 0.45, 3.1999998
[218][0][0], 4.25, 3.7000005, 2.6750004
[218][0][1], 2.2750003, 2.7750006, 3.5250003
[218][0][2], -0.7499996, 2.7250004, 6.825001
[219][0][0], 3.1500006, 2.2750006, 2.0000005
[219][0][1], 1.8500004, 2.3500004, 4.1500006
[219][0][2], 0.15000042, 3.8500001, 8.625
[220][0][0], 3.600001, 4.050001, 3.975001
[220][0][1], 2.9250011, 6.350001, 8.900002
[220][0][2], 0.77500117, 7.9000015, 13.425001
[221][0][0], 4.8000007, 3.375001, 2.2750008
[221][0][1], 4.625001, 5.125001, 5.8500004
[221][0][2], 3.000001, 6.2500005, 9.325001
[222][0][0], 2.5000002, 2.0500004, 2.0250006
[222][0][1], 3.0500004, 3.1500003, 4.1500006
[222][0][2], 2.7750006, 4.5750003, 6.7250004
[223][0][0], 2.175, 1.8499999, 1.5249999
[223][0][1], 0.57500005, 0.925, 1.575
[223][0][2], -2.125, 0.24999994, 2.6000001
[224][0][0], 3.0499997, 3.8, 3.825
[224][0][1], -1.75, 1.475, 5.175
[224][0][2], -7.85, -1.425, 6.5249996
[225][0][0], 3.450002, 5.875002, 6.250002
[225][0][1], 2.125002, 8.025002, 10.800002
[225][0][2], 0.075001955, 9.950002, 15.675002
[226][0][0], 6.700001, 6.450001, 3.6250005
[226][0][1], 9.325001, 9.900001, 6.8000007
[226][0][2], 9.125001, 11.425, 9.375001
[227][0][0], 2.975, 2.1750002, 2.225
[227][0][1], 3.1250002, 1.8, 1.25
[227][0][2], 1.8000001, 1.025, 0.42499998
[228][0][0], -0.09999995, 1.45, 2.275
[228][0][1], -1.2, 0.125, 0.9
[228][0][2], -3.45, -1.925, -1.05
[229][0][0], -0.72499996, 1.9499998, 3.2499998
[229][0][1], -4.925, -2.2, 1.2249999
[229][0][2], -8.45, -5.7250004, -0.47500008
[230][0][0], 1.2000004, 3.2000003, 4.1250005
[230][0][1], -4.3999996, -0.09999962, 5.15
[230][0][2], -9.574999, -2.6499996, 6.5250006
[231][0][0], 2.3250017, 5.125002, 4.925002
[231][0][1], 2.625002, 7.7500014, 8.175002
[231][0][2], 1.825002, 8.900002, 10.475002
[232][0][0], 4.800001, 4.2000012, 2.475001
[232][0][1], 8.000002, 7.6500015, 4.675001
[232][0][2], 7.7500014, 8.350001, 5.475001
[233][0][0], 4.9250007, 2.6250002, 1.9750004
[233][0][1], 5.8500004, 2.3500004, 0.8500004
[233][0][2], 4.8750005, 1.5500003, 0.30000037
[234][0][0], 3.1000006, 2.2000008, 2.6500006
[234][0][1], 0.5500008, 0.22500074, 2.3500009
[234][0][2], -2.2749994, -1.0749992, 2.750001
[235][0][0], 1.2000004, 2.0250006, 3.1500003
[235][0][1], -0.074999616, 1.9750004, 4.175
[235][0][2], -1.4999996, 1.7250004, 4.9000006
[236][0][0], 1.9750005, 3.7500005, 3.5500007
[236][0][1], 1.5750003, 4.55, 4.2500005
[236][0][2], 1.0250003, 4.2750006, 3.6000004
[237][0][0], 1.6250005, 2.5000002, 2.8750005
[237][0][1], 1.0250003, 2.5500004, 2.7000003
[237][0][2], 0.50000036, 2.7750003, 2.7250004
[238][0][0], 3.3500004, 5.5750003, 5.8750005
[238][0][1], 1.0250005, 3.8750005, 4.6250005
[238][0][2], -0.7999996, 2.4000006, 3.5750005
[239][0][0], 4.2749996, 6.2749996, 6.4000006
[239][0][1], 1.7750001, 3.725, 3.9250002
[239][0][2], 1.125, 2.825, 2.925
[240][0][0], 2.5500011, 3.9250011, 4.500001
[240][0][1], 1.8750012, 2.875001, 2.9250011
[240][0][2], 2.525001, 3.0750012, 2.725001
[241][0][0], 2.5750008, 3.8500009, 4.575001
[241][0][1], 2.9500008, 3.4000006, 3.1250007
[241][0][2], 2.7000008, 2.7250009, 1.8500009
[242][0][0], 3.3, 4.475, 4.725
[242][0][1], 3.425, 3.875, 3.5
[242][0][2], 3.3500001, 3.25, 2.15
[243][0][0], 4.750001, 5.800001, 5.800001
[243][0][1], 3.9000008, 4.2750006, 3.7000008
[243][0][2], 3.7750006, 3.0500007, 1.5000007
[244][0][0], 4.125, 5.9500003, 6.3999996
[244][0][1], 2.8, 3.45, 2.975
[244][0][2], 1.8500001, 1.475, 0.425
[245][0][0], 3.7, 5.6, 6.6000004
[245][0][1], 0.725, 2.275, 3.15
[245][0][2], -0.8000001, 0.075, 0.3
[246][0][0], 3.5500002, 6.65, 8.3
[246][0][1], 0.55, 3.8999999, 5.725
[246][0][2], -1.2750001, 1.7249999, 2.975
[247][0][0], 3.1000001, 5.175, 6.075
[247][0][1], 0.525, 2.6999998, 4.025
[247][0][2], -1.0999999, 1.0, 2.1750002
[248][0][0], 3.9750001, 5.2250004, 5.825
[248][0][1], 1.6, 2.6750002, 3.025
[248][0][2], 0.325, 1.725, 1.9
[249][0][0], 5.4750004, 5.25, 4.3
[249][0][1], 4.7, 4.25, 2.975
[249][0][2], 2.8000002, 2.6999998, 1.875
[250][0][0], 5.3, 4.3250003, 3.4250004
[250][0][1], 4.55, 3.6500003, 3.0000005
[250][0][2], 2.6250005, 3.0750003, 3.6250002
[251][0][0], 4.5500007, 4.1500006, 3.1750007
[251][0][1], 3.4000006, 3.3000007, 2.9000008
[251][0][2], 1.1000007, 2.6000009, 3.6000009
[252][0][0], 4.8500013, 4.3750014, 3.3500018
[252][0][1], 3.2250016, 4.175001, 4.6250014
[252][0][2], 1.1750015, 5.2250013, 7.925002
[253][0][0], 5.8500004, 5.4250007, 4.6250005
[253][0][1], 6.4250007, 7.375, 6.4250007
[253][0][2], 6.4750004, 10.1, 10.125001
[254][0][0], 3.8000002, 3.325, 3.7999997
[254][0][1], 6.875, 7.3, 6.775
[254][0][2], 8.950001, 10.849999, 9.775
[255][0][0], 5.95, 4.125, 3.25
[255][0][1], 8.049999, 6.2000003, 4.675
[255][0][2], 8.375, 7.675, 6.45
[256][0][0], 7.8750014, 5.3000016, 3.5750015
[256][0][1], 8.150002, 5.2500014, 3.4250016
[256][0][2], 6.250002, 4.4750013, 3.5250018
[257][0][0], 8.825, 5.5499997, 3.225
[257][0][1], 7.675, 3.9, 1.55
[257][0][2], 3.8500001, 1.0250001, 0.07499998
[258][0][0], 8.025, 6.725, 4.575
[258][0][1], 5.35, 3.6, 2.025
[258][0][2], 1.95, 0.67499995, 0.5
[259][0][0], 6.1500015, 5.350002, 3.6000018
[259][0][1], 2.3500018, 2.150002, 1.325002
[259][0][2], -0.5749981, 0.5500019, 1.250002
[260][0][0], 3.2250009, 2.3000007, 2.000001
[260][0][1], -0.59999925, -0.8749992, 0.025000721
[260][0][2], -3.6499991, -2.199999, 0.50000083
[261][0][0], 3.4750016, 3.0000014, 2.9500017
[261][0][1], -0.1249985, 1.1500015, 3.5500016
[261][0][2], -3.2999983, 0.7750015, 6.3250017
[262][0][0], 4.1250005, 4.1500006, 3.9750009
[262][0][1], 2.7250009, 4.975001, 6.100001
[262][0][2], 1.0000007, 5.925001, 8.775001
[263][0][0], 5.675, 4.525, 3.225
[263][0][1], 6.2250004, 6.2749996, 4.525
[263][0][2], 6.0249996, 7.7000003, 6.0499997
[264][0][0], 6.2250004, 4.350001, 3.0750008
[264][0][1], 6.8500004, 5.750001, 3.625001
[264][0][2], 5.850001, 6.700001, 4.700001
[265][0][0], 6.1750007, 5.55, 4.5000005
[265][0][1], 6.1000004, 5.8250003, 4.25
[265][0][2], 3.4750004, 4.6250005, 3.5750003
[266][0][0], 6.175, 5.05, 4.525
[266][0][1], 3.85, 3.275, 2.875
[266][0][2], 1.0, 1.425, 1.3499999
[267][0][0], 5.0000005, 5.0000005, 4.5000005
[267][0][1], 0.8250004, 1.7000004, 1.9000005
[267][0][2], -1.1499996, 0.9500004, 1.7250004
[268][0][0], 4.2999997, 4.8250003, 4.025
[268][0][1], 2.6750002, 2.85, 1.525
[268][0][2], 0.775, 1.525, 0.54999995
[269][0][0], 3.7, 3.8250003, 3.025
[269][0][1], 2.4250002, 3.0, 2.0
[269][0][2], 0.125, 0.975, 0.14999998
[270][0][0], 3.875, 4.575, 3.6
[270][0][1], 1.825, 2.475, 1.525
[270][0][2], -0.52500004, 0.47500002, 0.225
[271][0][0], 3.5500016, 3.4250016, 2.5500016
[271][0][1], 0.4500015, 0.5500015, 0.45000154
[271][0][2], -2.3249984, -1.1249985, -0.07499844
[272][0][0], 2.950001, 2.775001, 2.4250011
[272][0][1], 0.72500116, 0.67500114, 0.15000114
[272][0][2], -1.8249989, -0.97499883, -1.0249989
[273][0][0], 3.1250007, 2.7250006, 2.0250008
[273][0][1], -0.7999992, -1.5749993, -1.3999991
[273][0][2], -3.7999992, -3.8249993, -2.0749993
[274][0][0], 2.4750013, 2.9750013, 2.9500017
[274][0][1], -1.6749985, -0.4999985, 1.1250017
[274][0][2], -4.3249984, -1.3249985, 2.4000015
[275][0][0], 2.225, 2.85, 2.375
[275][0][1], -0.7499999, 1.0749999, 1.8499999
[275][0][2], -1.6750001, 2.55, 4.95
[276][0][0], 5.225, 4.975, 3.725
[276][0][1], 6.4249997, 6.55, 4.15
[276][0][2], 7.775, 9.0, 6.425
[277][0][0], 6.9, 4.275, 2.75
[277][0][1], 7.05, 3.6749997, 1.1000001
[277][0][2], 8.425, 5.625, 2.7500002
[278][0][0], 6.125, 4.975, 4.05
[278][0][1], 5.275, 3.0, 1.2750001
[278][0][2], 6.775, 3.6750002, 1.025
[279][0][0], 3.875, 2.8500001, 2.6499999
[279][0][1], 4.1749997, 1.7750001, 0.45
[279][0][2], 6.3999996, 2.825, 0.42499998
[280][0][0], 3.0, 2.45, 3.4499998
[280][0][1], 2.75, 1.2249999, 1.4
[280][0][2], 3.6499999, 1.825, 1.1500001
[281][0][0], 4.55, 3.6750004, 3.7250004
[281][0][1], 3.7250004, 2.2250006, 1.3250004
[281][0][2], 4.8, 3.4000003, 1.3250003
[282][0][0], 4.9750004, 3.8750005, 3.7500002
[282][0][1], 3.4250004, 1.4750004, 0.52500033
[282][0][2], 4.05, 1.4750004, -0.67499965
[283][0][0], 4.8000016, 5.4000015, 5.5750017
[283][0][1], 2.6250014, 2.5000014, 1.9750015
[283][0][2], 2.9500017, 1.6500015, 0.12500152
[284][0][0], 4.7750006, 6.2500005, 6.375001
[284][0][1], 1.7750008, 2.6250007, 2.7750006
[284][0][2], 0.70000076, 0.9750008, 1.3750007
[285][0][0], 2.8250003, 3.8000004, 4.3250003
[285][0][1], -0.09999961, 0.47500035, 0.9750004
[285][0][2], -0.84999967, -0.19999962, 0.47500044
[286][0][0], 3.7000003, 4.2750006, 3.6000004
[286][0][1], 0.87500036, 0.77500033, -0.62499964
[286][0][2], -0.27499968, -0.54999965, -2.5499997
[287][0][0], 3.525, 3.775, 2.6
[287][0][1], 1.075, 0.25, -1.75
[287][0][2], -0.125, -2.1, -4.675
[288][0][0], 3.3000004, 3.0000002, 1.3000003
[288][0][1], 0.3500004, -1.3499997, -2.8999996
[288][0][2], -1.4499996, -4.2249994, -5.4499993
[289][0][0], 2.6000009, 2.5000007, 1.9250007
[289][0][1], -0.5749993, -1.7499993, -2.0749993
[289][0][2], -2.4749992, -4.349999, -4.3499994
[290][0][0], 2.4500005, 2.8500004, 3.4000003
[290][0][1], 0.20000038, -1.2749996, -1.7499995
[290][0][2], -1.2999996, -3.2749994, -3.7999995
[291][0][0], 0.67500114, 1.9500012, 2.8250012
[291][0][1], 0.40000114, -0.04999885, -1.1499988
[291][0][2], -0.94999886, -2.1249988, -4.074999
[292][0][0], 0.9250001, 1.1249999, 1.25
[292][0][1], -1.75, -2.425, -2.5500002
[292][0][2], -3.475, -4.6, -4.775
[293][0][0], 0.7750011, 1.9750012, 1.7000012
[293][0][1], -3.5249987, -2.8249989, -2.599999
[293][0][2], -5.499999, -4.849999, -3.8749988
[294][0][0], 1.6, 2.725, 1.9
[294][0][1], -2.85, -1.875, -1.575
[294][0][2], -5.6500006, -4.225, -2.25
[295][0][0], 1.875002, 3.1750019, 3.375002
[295][0][1], -0.47499812, 0.45000193, 0.97500193
[295][0][2], -4.449998, -2.3499982, 0.8500019
[296][0][0], 0.75, 0.15000004, 0.525
[296][0][1], -3.175, -3.725, -0.75
[296][0][2], -7.6, -7.2250004, -0.62499994
[297][0][0], 3.2750006, 2.7750008, 2.6750007
[297][0][1], 0.8500008, -0.57499915, -0.124999225
[297][0][2], -0.29999924, -2.6999993, -2.3249993
[298][0][0], 3.625002, 4.1000023, 2.7250018
[298][0][1], 2.050002, 1.2750019, -1.1499982
[298][0][2], 0.3750019, -1.174998, -3.7749982
[299][0][0], 3.6250017, 3.8500016, 2.0500014
[299][0][1], 0.57500154, 0.20000151, -1.4749985
[299][0][2], -2.2749984, -3.1499984, -3.8749986
[300][0][0], 0.7750011, 0.5250012, -0.17499888
[300][0][1], -0.074998856, 1.1324883E-6, -0.32499886
[300][0][2], -2.399999, -2.399999, -1.8499988
[301][0][0], 1.5500008, 1.6500007, 0.6500008
[301][0][1], -1.6499993, -1.0249994, -0.6249992
[301][0][2], -3.6999993, -2.5249994, -0.92499924
[302][0][0], 2.45, 2.8, 1.075
[302][0][1], -0.5, 2.9802322E-8, -0.875
[302][0][2], -1.825, -1.3, -1.8
[303][0][0], 2.15, 2.925, 1.1999999
[303][0][1], 0.67499995, 0.875, -1.125
[303][0][2], 0.39999998, -0.17499998, -2.225
[304][0][0], 0.72499996, 1.3499999, 0.90000004
[304][0][1], 0.32500002, 0.475, -0.72499996
[304][0][2], 0.024999999, -0.625, -2.2
[305][0][0], -1.0749985, 0.100001514, 1.4000015
[305][0][1], -0.87499845, -0.17499849, 0.100001544
[305][0][2], -1.5999986, -1.4749984, -1.9249985
[306][0][0], -1.6249985, -1.9249985, -2.3249986
[306][0][1], -2.1249986, -1.8999984, -1.6249985
[306][0][2], -2.4249985, -2.1249986, -1.8749986
[307][0][0], 7.1525574E-7, -0.6249993, -1.6999992
[307][0][1], -1.0999993, -1.4499993, -1.6999993
[307][0][2], -2.3499992, -2.8999991, -2.1999993
[308][0][0], 0.55000114, 0.9250011, 0.5750012
[308][0][1], -0.57499886, -0.34999886, -0.12499881
[308][0][2], -1.8249989, -1.4499989, -0.24999885
[309][0][0], 0.075000376, 1.1000004, 1.4000003
[309][0][1], -0.49999964, 0.87500036, 1.1750004
[309][0][2], -0.9249996, 0.70000035, 1.1000003
[310][0][0], 0.30000153, 1.2500015, 1.4750017
[310][0][1], -0.67499846, 0.4500015, 0.82500154
[310][0][2], -1.2999984, -0.37499845, -0.024998471
[311][0][0], 1.0750015, 2.0000014, 2.2000017
[311][0][1], -0.5499984, -0.024998456, 0.22500154
[311][0][2], -1.7499985, -1.4249984, -1.0999985
[312][0][0], 0.6, 0.95000005, 1.675
[312][0][1], -1.4749999, -1.575, -1.025
[312][0][2], -2.1750002, -2.125, -1.4
[313][0][0], 0.7250015, 1.1750015, 2.2750015
[313][0][1], -3.6999986, -3.3499985, -1.4749985
[313][0][2], -6.1749983, -5.574999, -2.8499985
[314][0][0], 1.4750004, 1.8500004, 1.6000004
[314][0][1], -2.4249997, -1.7999997, -0.9999996
[314][0][2], -4.8999996, -4.2, -2.3249996
[315][0][0], 2.9250019, 3.4750018, 2.250002
[315][0][1], -0.5249981, -0.84999806, -1.9999981
[315][0][2], -3.499998, -4.5999985, -4.824998
[316][0][0], 1.7000004, 1.9500004, 0.9500004
[316][0][1], -1.3249997, -1.4999996, -2.2749996
[316][0][2], -3.5499997, -4.1499996, -4.075
[317][0][0], 0.37499994, 1.4, 1.9
[317][0][1], -3.225, -2.7499998, -1.8
[317][0][2], -4.575, -4.5750003, -3.1749997
[318][0][0], 0.6999999, 1.525, 2.05
[318][0][1], -2.675, -1.9749999, -0.875
[318][0][2], -4.525, -4.2749996, -2.725
[319][0][0], 2.2500005, 2.1250005, 2.2000005
[319][0][1], -2.8499997, -3.3499997, -2.0749998
[319][0][2], -5.5749993, -6.0249996, -3.6249995
[320][0][0], 1.6, 1.675, 1.725
[320][0][1], -1.675, -1.825, -1.275
[320][0][2], -4.375, -4.9, -3.825
[321][0][0], 0.05000153, -0.5249984, -0.7249985
[321][0][1], -2.8499985, -2.8249984, -1.7999985
[321][0][2], -4.5499983, -4.4249983, -2.6499984
[322][0][0], 1.2750003, 1.3000002, 0.9250005
[322][0][1], -0.8249997, -0.6749996, -0.92499965
[322][0][2], -1.7249995, -1.1499996, -0.7999996
[323][0][0], 1.7250015, 1.4750015, 1.6000015
[323][0][1], -1.1999985, -0.6749985, 0.12500152
[323][0][2], -1.7749984, -0.9499985, -0.024998546
[324][0][0], 0.40000153, 1.3750015, 2.0500016
[324][0][1], -1.8999984, -0.87499845, -0.17499849
[324][0][2], -1.8499985, -1.8499985, -2.0749984
[325][0][0], 0.22500113, 0.35000122, 1.2000011
[325][0][1], -2.8999987, -2.7999988, -1.3749988
[325][0][2], -3.749999, -4.2749987, -3.274999
[326][0][0], 0.15000075, 0.5750007, 1.2750008
[326][0][1], -1.6499991, -1.6249993, -1.0499992
[326][0][2], -3.1749992, -3.9249992, -3.7249994
[327][0][0], -1.1999989, -1.9499989, -2.6499987
[327][0][1], -1.6249988, -1.8749988, -1.5749989
[327][0][2], -2.9249988, -3.4749987, -2.499999
[328][0][0], 1.2250007, 1.6000007, 0.6750007
[328][0][1], -1.2999991, -0.84999925, -0.5749993
[328][0][2], -3.6999993, -3.3999991, -1.6499993
[329][0][0], 0.82500076, 0.40000075, -0.124999225
[329][0][1], -0.1499992, 0.42500076, 0.75000083
[329][0][2], -1.5499992, -0.14999925, 1.3250006
[330][0][0], 0.95, 0.8999999, 0.77500004
[330][0][1], -0.27499998, 0.75, 1.3499999
[330][0][2], -0.975, 0.92499995, 2.45
[331][0][0], -0.69999886, -0.29999888, 0.5500012
[331][0][1], -2.0749989, -0.99999887, 0.7750012
[331][0][2], -2.499999, -0.84999883, 1.5500011
[332][0][0], 0.20000076, 0.37500077, 1.1750007
[332][0][1], -1.6749992, -1.0249993, 0.8000007
[332][0][2], -1.9249992, -0.6999992, 1.7000008
[333][0][0], 0.4250008, 0.22500074, 0.65000075
[333][0][1], -1.4499992, -1.5249991, -0.52499926
[333][0][2], -2.1999993, -1.5249993, 0.15000075
[334][0][0], 0.9500011, 0.47500113, -0.14999881
[334][0][1], -1.224999, -1.8999989, -1.7749989
[334][0][2], -1.8999989, -2.6749988, -2.124999
[335][0][0], -0.29999924, -0.29999927, 0.57500076
[335][0][1], -1.7999992, -2.1999993, -1.0999992
[335][0][2], -1.8749993, -2.8249993, -1.7749991
[336][0][0], -0.14999965, -0.29999962, 0.52500033
[336][0][1], -2.6749995, -2.7999995, -1.0499996
[336][0][2], -3.8999996, -4.075, -1.7999997
[337][0][0], 0.025001198, -0.4749989, -0.6249988
[337][0][1], -2.3749988, -3.1999989, -2.6999989
[337][0][2], -3.099999, -3.8749988, -2.9249988
[338][0][0], -0.07499808, 0.45000196, 0.9000019
[338][0][1], -2.9499981, -2.549998, -1.5999981
[338][0][2], -4.2999983, -3.474998, -1.9499983
[339][0][0], 0.20000038, 1.2000003, 1.5000005
[339][0][1], -3.8999996, -2.7999997, -1.2999997
[339][0][2], -5.6999993, -4.4249997, -1.8999996
[340][0][0], -0.3499989, 0.62500113, 0.92500114
[340][0][1], -3.4499989, -2.349999, -1.0749989
[340][0][2], -4.349999, -3.1749988, -1.3499988
[341][0][0], -1.2250001, -0.12499998, 0.74999994
[341][0][1], -3.325, -2.2, -0.425
[341][0][2], -3.8999999, -2.875, -0.475
[342][0][0], -2.3249993, -1.2499992, 0.07500076
[342][0][1], -4.949999, -3.3499992, -0.7499993
[342][0][2], -3.7249994, -2.374999, 0.050000787
[343][0][0], -3.7499998, -2.3, -0.124999955
[343][0][1], -5.9749994, -4.525, -1.775
[343][0][2], -3.925, -3.225, -1.325
[344][0][0], -2.8749995, -0.9499996, 0.70000035
[344][0][1], -5.2249994, -3.6749995, -1.2999997
[344][0][2], -3.9999998, -4.2499995, -2.6749997
[345][0][0], -0.94999886, 0.32500115, 0.6000012
[345][0][1], -3.974999, -4.1749988, -4.074999
[345][0][2], -3.9499989, -5.974999, -6.349999
[346][0][0], -0.45000002, -0.19999997, -0.82500005
[346][0][1], -2.7500002, -3.575, -4.3
[346][0][2], -3.925, -6.025, -6.625
[347][0][0], -0.8, -0.275, -0.17500006
[347][0][1], -3.875, -3.825, -2.9499998
[347][0][2], -5.8250003, -6.7749996, -5.125
[348][0][0], -2.025, -2.475, -2.5
[348][0][1], -2.8249998, -3.425, -2.675
[348][0][2], -4.05, -5.2250004, -4.125
[349][0][0], -2.0499992, -0.4999992, -0.024999246
[349][0][1], -4.2249994, -3.199999, -2.1749992
[349][0][2], -5.6999993, -6.249999, -5.074999
[350][0][0], -1.1249985, -0.7749984, -0.32499856
[350][0][1], -3.4999986, -3.3749983, -2.1999984
[350][0][2], -5.374998, -5.149998, -2.9999983
[351][0][0], -2.8749986, -1.4749984, 0.6000015
[351][0][1], -3.3499987, -1.7249985, 1.1000015
[351][0][2], -2.8499985, -1.3749985, 1.4750015
[352][0][0], 0.05000037, 0.6000004, 1.2500004
[352][0][1], -2.3749998, -1.5749997, 0.05000037
[352][0][2], -3.3999996, -2.6249995, -0.4249996
[353][0][0], -0.39999926, 0.10000077, 0.52500075
[353][0][1], -3.699999, -2.5499992, -0.9999993
[353][0][2], -4.449999, -3.6499991, -2.0499992
[354][0][0], -1.2499989, 0.15000111, 1.5500011
[354][0][1], -4.9749985, -3.049999, -0.72499883
[354][0][2], -5.9249988, -4.349999, -1.8499988
[355][0][0], -1.3749986, -1.3249985, -0.37499848
[355][0][1], -3.4999986, -3.5249984, -2.3249984
[355][0][2], -4.3999987, -4.4999986, -3.3499985
[356][0][0], -1.125, -2.375, -2.025
[356][0][1], -4.025, -5.8, -4.75
[356][0][2], -4.675, -6.45, -4.875
[357][0][0], 2.5749998, 1.8749999, 1.525
[357][0][1], -0.90000004, -2.3999999, -2.5
[357][0][2], -1.8000001, -4.2, -4.025
[358][0][0], 2.5, 2.0749998, 1.15
[358][0][1], 0.825, -0.025000013, -1.15
[358][0][2], 0.0, -1.3249999, -2.4499998
[359][0][0], 2.5250022, 2.5750024, 2.550002
[359][0][1], 1.9250022, 1.0750023, 2.2798777E-6
[359][0][2], 1.0500023, -0.0999977, -1.4749976
[360][0][0], 0.35000154, 1.3500016, 2.6750016
[360][0][1], 0.025001526, 0.4000015, 1.0000015
[360][0][2], -0.67499846, -0.7499985, -0.9749985
[361][0][0], 0.35000035, 2.3500004, 2.5250003
[361][0][1], -1.2499996, 0.10000038, 0.5750004
[361][0][2], -2.2749996, -2.4499996, -2.0249996
[362][0][0], -2.2249994, 0.42500076, 1.7250006
[362][0][1], -3.3749993, -1.6999992, -0.5999992
[362][0][2], -3.8499994, -3.7249992, -2.8749993
[363][0][0], 0.30000192, 0.7000019, 1.425002
[363][0][1], -2.1499982, -2.6999981, -2.1999981
[363][0][2], -3.6249983, -5.1749983, -4.5999985
[364][0][0], 2.200002, 2.775002, 2.150002
[364][0][1], 1.9073486E-6, 0.050001934, -0.7249981
[364][0][2], -2.174998, -2.924998, -3.1749983

vwnd.time[365]
1946016.0, 1946040.0, 1946064.0, 1946088.0, 1946112.0, 1946136.0, 1946160.0, 1946184.0, 1946208.0, 1946232.0, 1946256.0, 1946280.0, 1946304.0, 1946328.0, 1946352.0, 1946376.0, 1946400.0, 1946424.0, 1946448.0, 1946472.0, 1946496.0, 1946520.0, 1946544.0, 1946568.0, 1946592.0, 1946616.0, 1946640.0, 1946664.0, 1946688.0, 1946712.0, 1946736.0, 1946760.0, 1946784.0, 1946808.0, 1946832.0, 1946856.0, 1946880.0, 1946904.0, 1946928.0, 1946952.0, 1946976.0, 1947000.0, 1947024.0, 1947048.0, 1947072.0, 1947096.0, 1947120.0, 1947144.0, 1947168.0, 1947192.0, 1947216.0, 1947240.0, 1947264.0, 1947288.0, 1947312.0, 1947336.0, 1947360.0, 1947384.0, 1947408.0, 1947432.0, 1947456.0, 1947480.0, 1947504.0, 1947528.0, 1947552.0, 1947576.0, 1947600.0, 1947624.0, 1947648.0, 1947672.0, 1947696.0, 1947720.0, 1947744.0, 1947768.0, 1947792.0, 1947816.0, 1947840.0, 1947864.0, 1947888.0, 1947912.0, 1947936.0, 1947960.0, 1947984.0, 1948008.0, 1948032.0, 1948056.0, 1948080.0, 1948104.0, 1948128.0, 1948152.0, 1948176.0, 1948200.0, 1948224.0, 1948248.0, 1948272.0, 1948296.0, 1948320.0, 1948344.0, 1948368.0, 1948392.0, 1948416.0, 1948440.0, 1948464.0, 1948488.0, 1948512.0, 1948536.0, 1948560.0, 1948584.0, 1948608.0, 1948632.0, 1948656.0, 1948680.0, 1948704.0, 1948728.0, 1948752.0, 1948776.0, 1948800.0, 1948824.0, 1948848.0, 1948872.0, 1948896.0, 1948920.0, 1948944.0, 1948968.0, 1948992.0, 1949016.0, 1949040.0, 1949064.0, 1949088.0, 1949112.0, 1949136.0, 1949160.0, 1949184.0, 1949208.0, 1949232.0, 1949256.0, 1949280.0, 1949304.0, 1949328.0, 1949352.0, 1949376.0, 1949400.0, 1949424.0, 1949448.0, 1949472.0, 1949496.0, 1949520.0, 1949544.0, 1949568.0, 1949592.0, 1949616.0, 1949640.0, 1949664.0, 1949688.0, 1949712.0, 1949736.0, 1949760.0, 1949784.0, 1949808.0, 1949832.0, 1949856.0, 1949880.0, 1949904.0, 1949928.0, 1949952.0, 1949976.0, 1950000.0, 1950024.0, 1950048.0, 1950072.0, 1950096.0, 1950120.0, 1950144.0, 1950168.0, 1950192.0, 1950216.0, 1950240.0, 1950264.0, 1950288.0, 1950312.0, 1950336.0, 1950360.0, 1950384.0, 1950408.0, 1950432.0, 1950456.0, 1950480.0, 1950504.0, 1950528.0, 1950552.0, 1950576.0, 1950600.0, 1950624.0, 1950648.0, 1950672.0, 1950696.0, 1950720.0, 1950744.0, 1950768.0, 1950792.0, 1950816.0, 1950840.0, 1950864.0, 1950888.0, 1950912.0, 1950936.0, 1950960.0, 1950984.0, 1951008.0, 1951032.0, 1951056.0, 1951080.0, 1951104.0, 1951128.0, 1951152.0, 1951176.0, 1951200.0, 1951224.0, 1951248.0, 1951272.0, 1951296.0, 1951320.0, 1951344.0, 1951368.0, 1951392.0, 1951416.0, 1951440.0, 1951464.0, 1951488.0, 1951512.0, 1951536.0, 1951560.0, 1951584.0, 1951608.0, 1951632.0, 1951656.0, 1951680.0, 1951704.0, 1951728.0, 1951752.0, 1951776.0, 1951800.0, 1951824.0, 1951848.0, 1951872.0, 1951896.0, 1951920.0, 1951944.0, 1951968.0, 1951992.0, 1952016.0, 1952040.0, 1952064.0, 1952088.0, 1952112.0, 1952136.0, 1952160.0, 1952184.0, 1952208.0, 1952232.0, 1952256.0, 1952280.0, 1952304.0, 1952328.0, 1952352.0, 1952376.0, 1952400.0, 1952424.0, 1952448.0, 1952472.0, 1952496.0, 1952520.0, 1952544.0, 1952568.0, 1952592.0, 1952616.0, 1952640.0, 1952664.0, 1952688.0, 1952712.0, 1952736.0, 1952760.0, 1952784.0, 1952808.0, 1952832.0, 1952856.0, 1952880.0, 1952904.0, 1952928.0, 1952952.0, 1952976.0, 1953000.0, 1953024.0, 1953048.0, 1953072.0, 1953096.0, 1953120.0, 1953144.0, 1953168.0, 1953192.0, 1953216.0, 1953240.0, 1953264.0, 1953288.0, 1953312.0, 1953336.0, 1953360.0, 1953384.0, 1953408.0, 1953432.0, 1953456.0, 1953480.0, 1953504.0, 1953528.0, 1953552.0, 1953576.0, 1953600.0, 1953624.0, 1953648.0, 1953672.0, 1953696.0, 1953720.0, 1953744.0, 1953768.0, 1953792.0, 1953816.0, 1953840.0, 1953864.0, 1953888.0, 1953912.0, 1953936.0, 1953960.0, 1953984.0, 1954008.0, 1954032.0, 1954056.0, 1954080.0, 1954104.0, 1954128.0, 1954152.0, 1954176.0, 1954200.0, 1954224.0, 1954248.0, 1954272.0, 1954296.0, 1954320.0, 1954344.0, 1954368.0, 1954392.0, 1954416.0, 1954440.0, 1954464.0, 1954488.0, 1954512.0, 1954536.0, 1954560.0, 1954584.0, 1954608.0, 1954632.0, 1954656.0, 1954680.0, 1954704.0, 1954728.0, 1954752.0

vwnd.level[1]
850.0

vwnd.lat[3]
27.5, 25.0, 22.5

vwnd.lon[3]
85.0, 87.5, 90.0


