Dataset {
    Grid {
     ARRAY:
        Float32 vwnd[time = 76][level = 1][lat = 3][lon = 3];
     MAPS:
        Float64 time[time = 76];
        Float32 level[level = 1];
        Float32 lat[lat = 3];
        Float32 lon[lon = 3];
    } vwnd;
} Datasets/ncep.reanalysis.dailyavgs/pressure/vwnd.2026.nc;
---------------------------------------------
vwnd.vwnd[76][1][3][3]
[0][0][0], -1.05, -1.5, -1.5999999
[0][0][1], -3.825, -3.575, -2.3
[0][0][2], -3.6000001, -3.45, -1.975
[1][0][0], 0.22500114, -0.24999887, -0.5249988
[1][0][1], -2.674999, -2.8749988, -2.024999
[1][0][2], -4.249999, -4.474999, -2.4999988
[2][0][0], 0.15000151, -0.37499845, -1.0499984
[2][0][1], -1.2999985, -1.8499985, -1.9249985
[2][0][2], -2.7249985, -3.7999988, -3.6249986
[3][0][0], -0.27499843, -0.14999849, -1.2499986
[3][0][1], -2.3749986, -2.2749984, -2.4749985
[3][0][2], -3.4749985, -4.374998, -4.3999987
[4][0][0], -0.74999887, -0.12499881, -0.6999989
[4][0][1], -4.1749988, -3.399999, -2.899999
[4][0][2], -5.5749984, -5.649999, -4.499999
[5][0][0], -2.1249998, -2.4999995, -2.7249994
[5][0][1], -6.325, -6.2249994, -4.5249996
[5][0][2], -7.8999996, -7.3249993, -4.2499995
[6][0][0], -0.8249993, -1.3999991, -1.6249992
[6][0][1], -5.0249996, -5.1999993, -4.049999
[6][0][2], -7.149999, -7.2499995, -4.999999
[7][0][0], -2.5999994, -2.8499994, -2.1749992
[7][0][1], -5.5999994, -4.1249995, -0.9749992
[7][0][2], -7.024999, -4.999999, -1.0999992
[8][0][0], -2.3499997, -1.2749997, -0.2999996
[8][0][1], -6.0499997, -2.5499995, 1.1250005
[8][0][2], -7.7749996, -3.1999998, 1.9000003
[9][0][0], -2.3249996, -1.1749997, -0.6499996
[9][0][1], -6.174999, -3.5499997, -1.1499996
[9][0][2], -7.875, -5.049999, -1.5749996
[10][0][0], -4.724998, -4.499998, -2.849998
[10][0][1], -4.9499984, -3.7249982, -0.7499981
[10][0][2], -7.399998, -5.9249983, -1.6499981
[11][0][0], -3.4999995, -4.349999, -5.324999
[11][0][1], -5.249999, -4.8249993, -3.6999993
[11][0][2], -5.874999, -5.0749993, -2.4749992
[12][0][0], -1.7749991, -1.9249992, -2.0999994
[12][0][1], -3.3249993, -2.5249991, -1.3249992
[12][0][2], -5.249999, -4.149999, -1.7749991
[13][0][0], -0.3999985, 0.1000015, -1.0249984
[13][0][1], -1.9249984, -0.47499844, -0.024998479
[13][0][2], -4.5749984, -2.8999984, -0.47499847
[14][0][0], -1.2499977, -0.94999766, -1.4749978
[14][0][1], -2.2249978, -1.1749977, -0.049997687
[14][0][2], -5.099998, -4.324998, -1.5999978
[15][0][0], -3.3499994, -2.3249998, -2.1999996
[15][0][1], -3.9499996, -1.9249996, -0.4999996
[15][0][2], -5.6499996, -3.9999995, -1.9749997
[16][0][0], -5.249999, -4.299999, -2.0249991
[16][0][1], -5.849999, -3.7749991, -0.19999921
[16][0][2], -6.674999, -4.8499994, -0.8999992
[17][0][0], -0.67499924, -1.7249992, -0.8749993
[17][0][1], -3.9749992, -4.649999, -2.2999992
[17][0][2], -5.4499993, -5.799999, -2.4249992
[18][0][0], -1.2999989, -1.7999989, -0.42499882
[18][0][1], -3.9499989, -4.0249987, -1.6999989
[18][0][2], -5.1749988, -4.999999, -1.9999989
[19][0][0], -0.44999886, -0.99999887, -0.27499878
[19][0][1], -4.0249987, -4.574999, -2.9749987
[19][0][2], -5.2999988, -6.2249985, -4.449999
[20][0][0], -2.3249986, -2.0499985, -1.1749985
[20][0][1], -3.1499987, -3.0749984, -2.2499983
[20][0][2], -3.9249985, -4.5249987, -3.9499984
[21][0][0], -2.5999997, -1.0999997, -0.09999958
[21][0][1], -3.3999996, -2.4749997, -1.3749996
[21][0][2], -3.3499997, -3.4499998, -2.3249996
[22][0][0], -0.25, -1.7749999, -1.3
[22][0][1], -2.25, -2.65, -1.3
[22][0][2], -1.3749999, -1.5000001, -0.27499998
[23][0][0], -0.42499888, -1.4499989, -0.72499883
[23][0][1], -4.449999, -4.1749988, -1.6999989
[23][0][2], -5.249999, -4.7249985, -1.7999989
[24][0][0], -1.95, -2.175, -1.3000001
[24][0][1], -4.25, -3.8, -1.725
[24][0][2], -5.9, -5.7, -3.225
[25][0][0], -2.0749984, -2.2999985, -1.4499985
[25][0][1], -3.0749984, -3.6249986, -2.9249985
[25][0][2], -3.7249982, -5.4999986, -5.5499983
[26][0][0], -0.97499883, -1.7499988, -0.72499883
[26][0][1], -3.9749987, -4.199999, -2.1999989
[26][0][2], -4.3999987, -5.124999, -3.474999
[27][0][0], 3.4250016, 3.125002, 2.900002
[27][0][1], 0.075001895, -1.324998, -1.2499981
[27][0][2], -2.224998, -4.074998, -3.1499982
[28][0][0], -0.5749985, -0.37499845, 0.75000155
[28][0][1], -1.0249984, -1.6749985, -0.89999855
[28][0][2], -2.6249983, -3.7749984, -2.7999985
[29][0][0], -2.5749996, -1.3499997, -0.14999962
[29][0][1], -1.9499997, -0.8749996, -0.14999962
[29][0][2], -1.8999997, -1.7499998, -1.6749996
[30][0][0], -2.899999, -1.2999989, 0.7000011
[30][0][1], -3.999999, -2.399999, -0.47499886
[30][0][2], -3.5499988, -3.124999, -2.0749989
[31][0][0], -1.7249987, -0.52499884, 1.0750011
[31][0][1], -4.5499988, -3.174999, -1.0999988
[31][0][2], -4.6749988, -3.9249988, -2.1749988
[32][0][0], -0.0749985, 0.50000155, 1.5000014
[32][0][1], -4.4249988, -3.0249987, -0.7749984
[32][0][2], -5.8999987, -4.0749984, -1.3499986
[33][0][0], 1.3250004, 1.1500005, 1.2000004
[33][0][1], -3.7749996, -3.0249996, -1.3499995
[33][0][2], -4.9749994, -3.5749996, -1.1249995
[34][0][0], -0.34999886, -0.2249988, 0.55000114
[34][0][1], -3.049999, -2.474999, -1.1999989
[34][0][2], -4.5499988, -3.924999, -2.5749989
[35][0][0], -3.2749991, -3.9249992, -3.599999
[35][0][1], -2.8249993, -3.0249991, -2.5499995
[35][0][2], -3.6249993, -4.3499994, -4.4749994
[36][0][0], -1.4249988, -0.44999886, -0.4499989
[36][0][1], -2.5749989, -1.3999988, -0.7249989
[36][0][2], -4.5499988, -4.824999, -3.9499984
[37][0][0], -1.3749996, 1.1000003, 2.4750004
[37][0][1], -4.2499995, -2.3249996, -0.54999965
[37][0][2], -5.725, -5.7749996, -4.6749997
[38][0][0], -3.6749997, -2.6499996, -1.4749997
[38][0][1], -3.1499996, -2.5249994, -1.9999995
[38][0][2], -3.0499997, -3.8749995, -4.2499995
[39][0][0], -1.8499992, -1.7249992, -0.92499924
[39][0][1], -3.4749994, -3.6749995, -2.1999993
[39][0][2], -3.8749993, -5.0749993, -3.5999994
[40][0][0], -0.525, -0.27500007, 0.14999998
[40][0][1], -2.275, -2.5, -1.45
[40][0][2], -4.2, -5.1000004, -3.5749998
[41][0][0], -0.4249996, 1.7000005, 2.6750002
[41][0][1], -1.9499997, -0.59999955, 0.15000033
[41][0][2], -5.075, -4.325, -2.9499998
[42][0][0], -1.875, -1.825, -2.35
[42][0][1], -1.5250001, -1.325, -1.55
[42][0][2], -3.7499998, -3.55, -3.275
[43][0][0], -0.87500006, -0.7, -1.25
[43][0][1], -2.9, -2.225, -1.925
[43][0][2], -4.675, -4.8500004, -4.275
[44][0][0], -2.3249989, -1.7249988, -0.92499894
[44][0][1], -2.0749989, -1.7749988, -1.4499989
[44][0][2], -2.9499989, -3.8249989, -3.7999988
[45][0][0], -0.74999845, 1.4000015, 1.7500017
[45][0][1], -1.9249984, -0.1499985, -0.024998464
[45][0][2], -3.5249984, -3.2249985, -3.1999986
[46][0][0], -2.6999989, -2.5749986, -2.499999
[46][0][1], -2.3749988, -2.274999, -2.2999988
[46][0][2], -2.3249989, -3.1499987, -3.5499988
[47][0][0], -1.8, -2.025, -1.925
[47][0][1], -3.25, -2.925, -2.25
[47][0][2], -4.05, -3.95, -2.675
[48][0][0], -0.22500002, -0.57500005, -0.37500015
[48][0][1], -2.65, -2.025, -0.24999999
[48][0][2], -3.575, -2.625, 0.024999991
[49][0][0], 0.32499996, 0.6499999, 0.725
[49][0][1], -1.7499999, -1.3, -0.45000005
[49][0][2], -2.1, -1.55, -0.375
[50][0][0], -1.1249993, -0.049999267, 0.60000074
[50][0][1], -0.6499993, 0.22500077, 0.3750008
[50][0][2], -1.2999992, -0.97499925, -0.84999925
[51][0][0], 0.625, 2.125, 1.5249999
[51][0][1], -0.10000001, 1.0, 0.35
[51][0][2], -1.5749999, -1.9749999, -2.575
[52][0][0], 1.2750005, 3.1500003, 4.4000006
[52][0][1], 0.5250004, 1.3000004, 1.6250004
[52][0][2], -0.6749996, -1.6249995, -2.1249995
[53][0][0], 1.1000011, 1.8000011, 2.025001
[53][0][1], 1.4250011, 1.7000011, 1.1250012
[53][0][2], 1.1000011, 0.050001174, -1.5749989
[54][0][0], 0.62500155, 1.7500017, 1.5250015
[54][0][1], 0.9500015, 2.0000014, 1.1250014
[54][0][2], 0.27500153, 0.3500015, -0.7499985
[55][0][0], -0.27499884, 0.07500115, 0.20000121
[55][0][1], -1.0749989, 0.12500118, 0.6250012
[55][0][2], -2.0749989, -1.5499989, -1.4499989
[56][0][0], -0.09999889, -0.17499891, -0.6749988
[56][0][1], -1.6249988, -1.0749989, -1.2999989
[56][0][2], -2.6249988, -2.2749987, -2.4249988
[57][0][0], -0.17499994, 0.525, 0.52500004
[57][0][1], -1.7750001, 0.02500002, 0.52500004
[57][0][2], -3.175, -1.975, -1.6750001
[58][0][0], -1.1999999, -0.47499996, -0.12500001
[58][0][1], -0.49999997, 0.65000004, 0.875
[58][0][2], -1.3, -0.79999995, -1.0
[59][0][0], -0.99999964, 1.7000004, 2.6000004
[59][0][1], -1.3499995, 1.7250004, 2.8750005
[59][0][2], -1.6249995, 0.1000004, 0.55000037
[60][0][0], -1.5250001, -1.075, -0.29999998
[60][0][1], -1.85, 0.15, 1.95
[60][0][2], -3.4250002, -1.4000001, 0.575
[61][0][0], -2.75, -1.8750001, -1.475
[61][0][1], -2.2749999, -0.42499995, 0.8
[61][0][2], -4.0750003, -2.45, -0.65
[62][0][0], -3.9499998, -3.3249998, -3.6
[62][0][1], -4.1, -1.9000001, -0.6
[62][0][2], -5.275, -3.0249999, -1.175
[63][0][0], -2.6750002, -2.2749999, -3.2250001
[63][0][1], -3.0, -0.45, 0.45
[63][0][2], -4.6749997, -1.1, 1.025
[64][0][0], -1.7249999, -1.6000001, -1.975
[64][0][1], -1.3249998, 1.0500001, 2.0
[64][0][2], -1.075, 2.375, 4.125
[65][0][0], -0.97499955, -1.0749996, -1.0249996
[65][0][1], -0.24999964, 1.1500003, 2.1250005
[65][0][2], 0.05000037, 1.8500005, 3.2750003
[66][0][0], 0.05000162, 0.5250016, 0.35000154
[66][0][1], 0.4250015, 1.6750016, 1.9500016
[66][0][2], -0.6249985, 0.47500154, 1.4750016
[67][0][0], 0.47500044, 0.25000042, -1.0499996
[67][0][1], 0.025000408, 1.2750003, 1.1750004
[67][0][2], -1.1749996, 0.42500037, 1.2750003
[68][0][0], 0.15000114, 0.22500113, -0.7999989
[68][0][1], 0.80000114, 1.5250012, 0.57500106
[68][0][2], -0.074998856, 0.85000116, 0.22500114
[69][0][0], -1.6250001, -0.15000007, -0.47500002
[69][0][1], -1.525, 1.2, 1.775
[69][0][2], -2.7250001, -0.025000006, 1.375
[70][0][0], -0.6499989, 0.27500123, 1.1250012
[70][0][1], -3.3249989, -1.0499989, 1.0750011
[70][0][2], -3.774999, -1.4999989, 0.8750012
[71][0][0], -2.2749984, -1.3999984, 1.4000015
[71][0][1], -3.7999985, -2.0749984, 1.6000016
[71][0][2], -2.8999984, -1.1249985, 2.6000016
[72][0][0], -0.5749981, 0.2250019, 2.150002
[72][0][1], -1.1999981, 0.5000019, 2.775002
[72][0][2], 0.2000019, 2.200002, 4.225002
[73][0][0], 0.4250015, 1.2000015, 3.8500013
[73][0][1], 0.20000152, 1.8250015, 4.2000017
[73][0][2], 2.1250014, 3.2500014, 4.3250017
[74][0][0], 5.9604645E-8, 0.025000071, 1.675
[74][0][1], 0.10000001, 1.075, 2.3249998
[74][0][2], 1.95, 2.675, 2.9
[75][0][0], -0.27499813, -0.19999807, 1.5000019
[75][0][1], -0.1999981, 0.35000187, 1.8750019
[75][0][2], 0.7000019, 0.40000194, 0.9250019

vwnd.time[76]
1981080.0, 1981104.0, 1981128.0, 1981152.0, 1981176.0, 1981200.0, 1981224.0, 1981248.0, 1981272.0, 1981296.0, 1981320.0, 1981344.0, 1981368.0, 1981392.0, 1981416.0, 1981440.0, 1981464.0, 1981488.0, 1981512.0, 1981536.0, 1981560.0, 1981584.0, 1981608.0, 1981632.0, 1981656.0, 1981680.0, 1981704.0, 1981728.0, 1981752.0, 1981776.0, 1981800.0, 1981824.0, 1981848.0, 1981872.0, 1981896.0, 1981920.0, 1981944.0, 1981968.0, 1981992.0, 1982016.0, 1982040.0, 1982064.0, 1982088.0, 1982112.0, 1982136.0, 1982160.0, 1982184.0, 1982208.0, 1982232.0, 1982256.0, 1982280.0, 1982304.0, 1982328.0, 1982352.0, 1982376.0, 1982400.0, 1982424.0, 1982448.0, 1982472.0, 1982496.0, 1982520.0, 1982544.0, 1982568.0, 1982592.0, 1982616.0, 1982640.0, 1982664.0, 1982688.0, 1982712.0, 1982736.0, 1982760.0, 1982784.0, 1982808.0, 1982832.0, 1982856.0, 1982880.0

vwnd.level[1]
850.0

vwnd.lat[3]
27.5, 25.0, 22.5

vwnd.lon[3]
85.0, 87.5, 90.0


