Dataset {
    Grid {
     ARRAY:
        Float32 vwnd[time = 365][level = 1][lat = 3][lon = 3];
     MAPS:
        Float64 time[time = 365];
        Float32 level[level = 1];
        Float32 lat[lat = 3];
        Float32 lon[lon = 3];
    } vwnd;
} Datasets/ncep.reanalysis.dailyavgs/pressure/vwnd.2021.nc;
---------------------------------------------
vwnd.vwnd[365][1][3][3]
[0][0][0], -2.0499992, -1.7499992, -0.3999992
[0][0][1], -5.374999, -4.549999, -1.9749992
[0][0][2], -5.299999, -4.524999, -1.9749992
[1][0][0], -2.9249988, -2.3749988, -0.2999989
[1][0][1], -5.674999, -4.9749985, -2.1249988
[1][0][2], -6.224999, -5.974999, -3.099999
[2][0][0], -2.9749992, -3.0499992, -1.3999993
[2][0][1], -5.299999, -5.024999, -2.5499992
[2][0][2], -4.874999, -5.424999, -3.3499994
[3][0][0], -2.1499991, -1.9749991, -0.7999992
[3][0][1], -4.9749994, -4.674999, -2.4499993
[3][0][2], -4.549999, -4.774999, -2.7249992
[4][0][0], 0.5750011, -0.3749989, -0.52499884
[4][0][1], -2.624999, -3.5749989, -2.6499987
[4][0][2], -2.549999, -4.349999, -3.4999988
[5][0][0], 0.22500119, 0.5000012, 0.9500011
[5][0][1], -3.5749989, -3.7999988, -2.7499988
[5][0][2], -4.224999, -5.324999, -4.124999
[6][0][0], -0.72499925, 0.82500076, 1.0000007
[6][0][1], -2.1499991, -1.2249992, -1.2749991
[6][0][2], -2.3999991, -2.8999994, -3.1749992
[7][0][0], -0.42499924, 0.8000008, 0.95000076
[7][0][1], -3.424999, -3.249999, -2.9249992
[7][0][2], -3.249999, -4.899999, -4.8249993
[8][0][0], -0.9999992, 0.6250008, 1.1500008
[8][0][1], -4.674999, -3.4749992, -2.249999
[8][0][2], -4.9499993, -4.899999, -3.5499995
[9][0][0], -0.72499955, 0.5500004, 0.57500035
[9][0][1], -4.0999994, -2.5749996, -1.5749997
[9][0][2], -4.7749996, -4.475, -3.7249994
[10][0][0], 1.0250012, 1.6750011, 0.85000116
[10][0][1], -2.399999, -1.7249988, -1.6749988
[10][0][2], -4.249999, -4.6499987, -4.724999
[11][0][0], -0.4, 0.3, 1.125
[11][0][1], -2.4250002, -2.0, -1.0
[11][0][2], -3.95, -4.2999997, -3.4499998
[12][0][0], -0.7750001, 1.2, 2.125
[12][0][1], -1.3749999, 0.575, 1.7750001
[12][0][2], -1.875, -1.475, -0.925
[13][0][0], -1.0249996, 0.6500004, 1.1500005
[13][0][1], -1.5999997, -0.0749996, 0.62500036
[13][0][2], -2.5249996, -2.2749996, -1.6249996
[14][0][0], -1.3499999, -0.85, -0.8
[14][0][1], -2.875, -2.475, -1.7
[14][0][2], -3.725, -4.075, -2.975
[15][0][0], -2.1249988, -1.8499988, -1.3999989
[15][0][1], -2.774999, -2.4999988, -1.6999989
[15][0][2], -4.199999, -4.574999, -3.674999
[16][0][0], -1.4749999, -2.15, -3.5749998
[16][0][1], -2.875, -3.1, -3.35
[16][0][2], -3.7000003, -4.275, -3.725
[17][0][0], -0.5749993, -0.3499992, 0.8000008
[17][0][1], -2.824999, -2.3749993, -0.19999921
[17][0][2], -3.7999992, -3.0249994, 0.100000784
[18][0][0], 0.7750015, 1.0000015, 1.8750015
[18][0][1], -1.0999985, -0.19999847, 1.6250014
[18][0][2], -3.1499987, -1.4749985, 1.4000015
[19][0][0], 0.050000787, 2.0750008, 2.9000008
[19][0][1], -1.3499992, 0.32500076, 1.1000007
[19][0][2], -2.5999994, -1.6749994, -1.3249993
[20][0][0], -2.725, -1.25, -1.025
[20][0][1], -2.125, -0.24999997, 0.275
[20][0][2], -2.3, -1.5749999, -1.3499999
[21][0][0], -2.999999, -1.9249988, -1.3499987
[21][0][1], -2.2999988, -1.8999988, -2.024999
[21][0][2], -1.1249988, -2.4499989, -3.6249988
[22][0][0], -2.3749993, -2.3499992, -0.99999917
[22][0][1], -3.299999, -3.8249993, -3.4499993
[22][0][2], -2.0999992, -4.299999, -5.424999
[23][0][0], -0.82499886, -0.89999884, -0.32499883
[23][0][1], -2.224999, -2.9249988, -3.2499986
[23][0][2], -1.4999989, -3.3249986, -5.074999
[24][0][0], 0.2000016, 0.17500156, 0.25000152
[24][0][1], -0.17499849, -1.3499985, -2.6749983
[24][0][2], -0.17499843, -2.5749984, -4.6999984
[25][0][0], 0.60000116, -0.4999989, -1.5999988
[25][0][1], 0.12500115, -2.2499988, -4.249999
[25][0][2], -0.24999887, -3.7999988, -5.8749986
[26][0][0], -0.049999654, -1.0749996, -1.9499996
[26][0][1], -0.7999996, -3.0249996, -4.6499996
[26][0][2], -0.7999996, -4.1, -5.8999996
[27][0][0], 1.5000015, 0.55000156, -0.5499985
[27][0][1], -1.2999985, -3.3749986, -4.3749986
[27][0][2], -1.9499985, -4.5499983, -5.024998
[28][0][0], 2.1500006, 2.7250009, 1.6500008
[28][0][1], -0.24999923, -0.84999925, -2.3749993
[28][0][2], -1.9749992, -3.4999993, -4.524999
[29][0][0], -0.74999917, 0.0750007, 0.12500077
[29][0][1], -0.7499992, -0.37499923, -1.2999992
[29][0][2], -0.79999924, -1.0999992, -2.6249993
[30][0][0], -0.099999994, 0.04999999, -0.27499998
[30][0][1], -0.57500005, -0.65, -1.1750001
[30][0][2], -1.2, -2.025, -2.775
[31][0][0], -0.55, 0.8, 0.75
[31][0][1], -1.4, -1.4, -2.475
[31][0][2], -2.225, -3.9250002, -5.625
[32][0][0], -0.99999917, -0.87499917, -0.77499914
[32][0][1], -2.849999, -3.0999992, -3.2749991
[32][0][2], -4.2249994, -5.549999, -5.974999
[33][0][0], -1.0499992, -1.8499993, -0.97499925
[33][0][1], -3.349999, -4.2749996, -3.6499991
[33][0][2], -4.924999, -6.174999, -5.549999
[34][0][0], -0.4749988, -2.5499988, -2.474999
[34][0][1], -2.774999, -4.8999987, -4.099999
[34][0][2], -4.499999, -6.099999, -4.1749988
[35][0][0], 1.8500011, 1.0500011, 0.07500124
[35][0][1], -2.0749989, -3.1999989, -3.2249985
[35][0][2], -4.3499985, -4.824999, -3.3249989
[36][0][0], 0.9750012, 2.075001, 1.9750011
[36][0][1], 0.80000114, -0.12499881, -2.024999
[36][0][2], -0.9249988, -2.3749988, -4.0499988
[37][0][0], -1.9000001, -2.65, -3.95
[37][0][1], 0.35000002, -0.725, -3.075
[37][0][2], -0.575, -2.25, -5.0
[38][0][0], -1.0249984, -1.6749985, -3.4999983
[38][0][1], -0.9749985, -1.9499985, -3.6249986
[38][0][2], -2.3749986, -4.3249984, -5.7749987
[39][0][0], 0.8500019, 1.6750017, 0.850002
[39][0][1], 0.025001943, 0.47500187, -0.5499981
[39][0][2], -1.699998, -2.3499982, -3.6749983
[40][0][0], -0.72499883, 0.45000112, 1.1500013
[40][0][1], -1.2999989, 0.30000114, 1.2750012
[40][0][2], -2.024999, -0.8999988, 0.12500112
[41][0][0], -0.975, 0.0500001, 0.12500003
[41][0][1], -1.5, -1.05, -0.875
[41][0][2], -3.0500002, -3.475, -3.1
[42][0][0], -1.7249992, -1.2999992, -0.7249993
[42][0][1], -0.42499924, -0.67499924, -1.3249993
[42][0][2], -0.8749992, -1.8499992, -2.9749992
[43][0][0], -0.94999856, -0.8499985, -1.0999985
[43][0][1], -1.3999984, -1.3499985, -1.3749986
[43][0][2], -2.4499984, -2.4999983, -2.0999985
[44][0][0], -1.2249988, -0.37499884, 0.42500114
[44][0][1], -1.8999989, -1.4249989, -0.6749989
[44][0][2], -3.0749989, -3.0249987, -2.2499988
[45][0][0], -0.82499886, 1.1920929E-6, 0.3500012
[45][0][1], -1.5499988, -1.0499988, -0.84999883
[45][0][2], -2.874999, -3.2999988, -3.4499989
[46][0][0], -0.125, 0.6, 1.7250001
[46][0][1], 0.72499996, -0.375, -0.95000005
[46][0][2], 0.4, -2.375, -4.125
[47][0][0], 1.0000008, 1.1750007, 0.4750008
[47][0][1], 0.60000074, -0.54999924, -1.7499992
[47][0][2], -1.1249993, -3.724999, -4.649999
[48][0][0], 1.2749999, 1.6500001, 0.62499994
[48][0][1], -0.29999998, -0.625, -1.2
[48][0][2], -2.875, -2.8249998, -1.425
[49][0][0], -1.0000001, -1.15, -0.9749999
[49][0][1], -1.875, -1.5999999, -0.625
[49][0][2], -3.825, -2.5, -0.425
[50][0][0], -1.7249985, -2.3999984, -3.4749985
[50][0][1], -1.4749984, -1.6499984, -2.0749984
[50][0][2], -2.2499986, -1.9249985, -1.9499985
[51][0][0], 0.17500189, -0.12499809, -1.1499982
[51][0][1], -0.5499981, -0.8499981, -1.824998
[51][0][2], -2.1499982, -2.374998, -2.874998
[52][0][0], -0.97499996, -1.025, -1.675
[52][0][1], -1.7249999, -2.075, -2.1
[52][0][2], -2.4750001, -3.225, -3.0
[53][0][0], -1.8, -1.3500001, -0.725
[53][0][1], -1.925, -1.675, -1.375
[53][0][2], -2.0500002, -2.4, -2.4
[54][0][0], -1.4749987, -0.29999894, 0.2500012
[54][0][1], -1.4999989, -1.0999988, -0.7999989
[54][0][2], -2.1749988, -2.7999988, -2.4499989
[55][0][0], -2.1499987, -1.2999988, -0.97499895
[55][0][1], -1.6999987, -0.7999989, -0.099998794
[55][0][2], -3.6749988, -2.9999988, -1.5749989
[56][0][0], -1.8999989, 0.22500117, 0.45000115
[56][0][1], -1.6999989, 0.17500114, 1.1473894E-6
[56][0][2], -1.4499989, -0.69999886, -1.4999988
[57][0][0], -1.9499989, 0.9250011, 2.475001
[57][0][1], -2.6999989, -0.39999887, 0.67500114
[57][0][2], -2.224999, -1.4499989, -1.0999988
[58][0][0], -1.1249981, 0.4500019, 1.9500018
[58][0][1], -1.5749981, -0.2499981, 0.85000193
[58][0][2], -1.3999981, -1.324998, -1.2749981
[59][0][0], 0.25000077, 2.3250008, 3.0750008
[59][0][1], -2.0249991, -0.099999234, 0.57500076
[59][0][2], -2.5749993, -1.4499992, -1.0749992
[60][0][0], -0.62499964, 1.1250004, 2.1000004
[60][0][1], -1.2249997, 1.0500003, 1.9750004
[60][0][2], -1.6249995, -0.42499962, -0.2499996
[61][0][0], 0.45000118, 1.5750012, 1.2000011
[61][0][1], -0.9249989, 0.5750012, 0.25000116
[61][0][2], -1.4499989, -0.27499884, -0.64999884
[62][0][0], -0.87499917, -0.2749992, 0.37500072
[62][0][1], -0.124999255, 0.7500007, 0.7000007
[62][0][2], -0.09999925, 0.9000007, 0.72500074
[63][0][0], 1.7000008, 2.875001, 2.6500006
[63][0][1], 1.1250008, 2.7250009, 2.4750009
[63][0][2], -0.22499925, 1.2250007, 1.0750008
[64][0][0], -0.92499924, 0.72500074, 1.8250006
[64][0][1], -1.3999993, 0.7750008, 1.8250008
[64][0][2], -2.0999992, -0.17499925, 0.5750008
[65][0][0], -1.0, -0.27499998, 0.62500006
[65][0][1], -0.975, 0.27500004, 1.05
[65][0][2], -0.9, 0.3, 0.79999995
[66][0][0], 0.57500005, -0.20000005, -0.65
[66][0][1], 0.15, -0.44999993, -0.9499999
[66][0][2], 0.47500002, -0.15, -0.65
[67][0][0], -0.7999996, -1.1499996, -0.7749996
[67][0][1], -0.27499965, 0.8250004, 1.0000004
[67][0][2], 0.37500036, 2.0000002, 1.6750004
[68][0][0], -0.5249981, -0.4499981, -0.27499813
[68][0][1], -0.6249981, -0.42499807, -0.44999814
[68][0][2], -0.52499807, -0.19999805, -0.2999981
[69][0][0], -0.62499774, -0.7749978, -1.5499977
[69][0][1], 1.1000023, 0.57500225, -1.0999978
[69][0][2], 1.7250023, 1.1500022, -0.49999768
[70][0][0], -1.6499984, -1.6999984, -2.2749984
[70][0][1], -0.8249985, -0.27499846, -1.1499984
[70][0][2], 0.45000142, 1.1000016, -0.29999846
[71][0][0], -0.94999963, -1.4749997, -1.4999996
[71][0][1], -0.87499964, -1.2999997, -2.0499997
[71][0][2], -1.4499995, -1.5499997, -2.2499998
[72][0][0], -1.8749996, -1.9749995, -1.5249996
[72][0][1], -0.7999996, -1.2999996, -1.7749997
[72][0][2], -1.1499996, -1.9999996, -2.7999995
[73][0][0], -1.5249988, -0.64999884, -0.07499887
[73][0][1], -0.7749989, -0.12499885, -0.34999886
[73][0][2], -1.0999988, -0.9499988, -1.5499989
[74][0][0], -2.25, -0.72499996, -0.32500005
[74][0][1], -1.275, -1.325, -2.4
[74][0][2], -0.425, -2.7, -4.75
[75][0][0], -1.45, -0.22500002, -0.32500005
[75][0][1], -1.1, -0.54999995, -1.4
[75][0][2], -0.15000004, -0.75, -1.95
[76][0][0], -1.8999989, -1.3249989, -0.9749988
[76][0][1], -1.3999989, -1.599999, -2.1999989
[76][0][2], -0.59999883, -1.5999987, -2.5499988
[77][0][0], -1.1249981, -0.9999981, -0.8249981
[77][0][1], -2.049998, -1.8499981, -2.0749981
[77][0][2], -2.174998, -2.249998, -2.7749982
[78][0][0], 0.17500195, 0.9000019, 0.7250019
[78][0][1], -0.4499981, 0.025001884, -0.9249981
[78][0][2], -1.4499981, -1.3999981, -2.499998
[79][0][0], -0.74999917, -0.24999923, -0.6249992
[79][0][1], -0.34999922, -0.12499923, -1.3249992
[79][0][2], -0.2999992, -0.14999926, -1.6749992
[80][0][0], -1.4249996, -0.2249996, -0.37499958
[80][0][1], -1.2249997, -1.2999996, -2.5749996
[80][0][2], -0.9999996, -2.0999994, -4.1249995
[81][0][0], -0.024998844, 2.000001, 1.0500011
[81][0][1], -0.17499888, 0.92500114, -0.9749989
[81][0][2], -0.04999888, -0.27499884, -2.474999
[82][0][0], 0.22500116, 1.3250012, 1.6000011
[82][0][1], -1.2249988, -0.22499883, -0.74999887
[82][0][2], -2.224999, -1.7499988, -2.524999
[83][0][0], -0.5249985, 1.1000016, 2.3250015
[83][0][1], -0.64999855, -0.4249985, -1.2749984
[83][0][2], -1.3499985, -1.5749984, -2.9499986
[84][0][0], -1.0999997, -1.1999996, -1.8499997
[84][0][1], 1.1500003, 0.9500004, -0.9249996
[84][0][2], 1.2000003, 1.1250004, -1.0249996
[85][0][0], 1.1, 1.3000001, -0.575
[85][0][1], 0.65, 0.65000004, -1.8
[85][0][2], 0.825, 0.54999995, -2.075
[86][0][0], 1.5497208E-6, -0.24999851, -0.99999845
[86][0][1], 1.0750015, 1.0250015, -0.37499842
[86][0][2], 1.0250015, 1.4750016, 0.2500015
[87][0][0], -0.9249996, -0.37499952, 0.12500033
[87][0][1], -0.24999966, 1.5750003, 1.8500004
[87][0][2], 0.55000037, 2.6250002, 2.7000003
[88][0][0], -0.2749992, 0.9250007, 2.7500007
[88][0][1], -1.1749992, 1.4250009, 3.5250008
[88][0][2], -0.67499924, 1.9750009, 3.6500006
[89][0][0], 0.50000113, 2.800001, 4.675001
[89][0][1], -2.8499987, 0.67500114, 4.1500015
[89][0][2], -3.699999, 0.20000112, 4.300001
[90][0][0], 0.87500167, 2.7500017, 3.6750016
[90][0][1], -1.3499985, 0.42500156, 1.3250015
[90][0][2], -1.4249985, 0.45000148, 1.5250015
[91][0][0], 0.5000007, 3.000001, 4.225001
[91][0][1], -1.1499993, 1.1750007, 1.7000008
[91][0][2], -0.27499926, 1.4750009, 1.2000006
[92][0][0], -0.7499992, 1.1750009, 1.9250007
[92][0][1], -0.9749992, -0.24999917, -1.6249993
[92][0][2], 0.7000008, 0.050000787, -2.6749992
[93][0][0], -1.2249999, -0.95, -1.325
[93][0][1], 0.42500004, 0.39999998, -0.47499996
[93][0][2], 1.375, 1.025, -0.024999976
[94][0][0], 1.5999999, 0.775, -0.8
[94][0][1], 0.525, -0.14999998, -1.45
[94][0][2], 0.99999994, 0.12500001, -1.225
[95][0][0], 0.7750004, -0.8249996, -1.4499996
[95][0][1], 0.70000035, 0.30000043, 0.025000334
[95][0][2], 1.5250003, 1.4250004, 0.8000004
[96][0][0], 1.8000011, 0.35000113, -1.3749988
[96][0][1], 1.1750011, 1.0500011, 0.10000113
[96][0][2], 2.525001, 3.000001, 2.5000012
[97][0][0], 0.6500007, 0.9000007, 0.5750008
[97][0][1], -0.049999237, 1.0750008, 1.0500007
[97][0][2], 1.1500007, 2.1750007, 1.9500008
[98][0][0], 0.52500224, 1.0500023, 1.2750022
[98][0][1], -1.1249976, -0.6999977, -0.0999977
[98][0][2], -1.0249977, -1.0499977, -0.2999977
[99][0][0], 0.35, 0.22499993, 0.07500008
[99][0][1], -0.35000002, -0.62500006, -0.775
[99][0][2], 0.024999976, -0.27499998, -0.55
[100][0][0], 0.7250012, 1.5000011, 1.3500011
[100][0][1], -0.82499886, -0.24999885, -0.42499888
[100][0][2], -1.074999, -0.62499887, -0.5499988
[101][0][0], 0.4750008, 2.2000008, 1.9750007
[101][0][1], 0.27500075, 1.4250007, 0.70000076
[101][0][2], -0.37499923, 0.30000073, -0.3249992
[102][0][0], -0.42500007, 1.2499999, 1.75
[102][0][1], 0.24999999, 1.725, 1.7
[102][0][2], -0.375, 1.0, 1.025
[103][0][0], 1.575, 2.375, 1.55
[103][0][1], 0.27499998, 1.0999999, 0.59999996
[103][0][2], -0.3, -0.024999991, -0.375
[104][0][0], 0.1500003, 1.8250004, 1.6000001
[104][0][1], 0.10000037, 1.5250003, 1.1500005
[104][0][2], -0.049999595, 0.35000038, -0.049999654
[105][0][0], 0.27500036, 1.7250004, 2.2250004
[105][0][1], 0.37500036, 1.3750004, 1.0750004
[105][0][2], 1.3250004, 1.4000005, 0.17500038
[106][0][0], 0.5250015, 1.3250016, 1.7750015
[106][0][1], 0.025001533, 1.5750015, 1.9500016
[106][0][2], 0.8750015, 2.0500016, 2.0000014
[107][0][0], 0.07499999, 1.725, 1.85
[107][0][1], -0.5, 1.1999999, 0.65
[107][0][2], -0.19999999, 0.825, -0.29999998
[108][0][0], -1.9749999, -0.39999998, 0.675
[108][0][1], -1.5749999, 0.19999997, 0.975
[108][0][2], -0.57500005, 0.6999999, 0.825
[109][0][0], -1.1499989, -1.4499989, -1.1249988
[109][0][1], 0.77500117, 0.7000011, 0.32500112
[109][0][2], 2.8000011, 2.0500011, 0.67500114
[110][0][0], 2.675, 0.925, -0.70000005
[110][0][1], 0.85, 0.32500002, -0.75
[110][0][2], 1.65, 1.35, 0.20000003
[111][0][0], 1.6750005, 1.0000007, -0.14999923
[111][0][1], 0.6250007, -0.19999923, -2.0999992
[111][0][2], 0.17500076, -0.5999992, -2.3249993
[112][0][0], -0.12499964, -1.5749996, -1.8999996
[112][0][1], -1.8749995, -2.8999996, -3.3249996
[112][0][2], -2.2999997, -2.9249997, -3.2749996
[113][0][0], 2.8000007, 1.8000005, -0.44999915
[113][0][1], 3.1000009, 1.8000008, -1.3249992
[113][0][2], 1.3500007, 0.07500079, -2.5999994
[114][0][0], 0.35000074, -0.09999919, -1.7749993
[114][0][1], 0.6500008, 0.7500008, -0.72499925
[114][0][2], 7.4505806E-7, -0.02499926, -1.2499993
[115][0][0], 0.425, 0.32500002, -0.6750001
[115][0][1], 0.59999996, 1.425, 0.59999996
[115][0][2], 0.29999998, 1.475, 0.8
[116][0][0], 1.6499999, 2.575, 1.925
[116][0][1], 1.9, 2.875, 2.1999998
[116][0][2], 0.84999996, 1.5999999, 1.075
[117][0][0], 2.6250007, 1.7500008, -0.99999917
[117][0][1], 1.8750007, 1.8750007, 0.6500008
[117][0][2], 2.0500007, 2.0000007, 1.2000008
[118][0][0], 2.8750002, 1.8500005, -0.94999963
[118][0][1], 2.7500005, 1.7250004, -0.6499996
[118][0][2], 3.0500002, 1.9500004, -0.14999963
[119][0][0], 2.1000001, 1.175, -0.12500001
[119][0][1], 3.525, 2.4499998, 0.35000002
[119][0][2], 4.0499997, 2.875, 0.275
[120][0][0], 0.6750001, 0.825, 0.49999997
[120][0][1], 2.225, 3.225, 2.9
[120][0][2], 1.725, 2.7749999, 2.375
[121][0][0], 0.14999993, -0.79999995, -0.82500005
[121][0][1], 0.67499995, 0.85, 1.5
[121][0][2], -0.35000002, 0.6, 1.5999999
[122][0][0], 0.8500005, 1.0750004, 0.30000037
[122][0][1], 0.3750004, 1.3000004, 1.1250004
[122][0][2], 0.07500037, 0.62500036, 0.30000037
[123][0][0], 1.8, 2.025, 1.0749999
[123][0][1], 2.525, 2.7, 1.05
[123][0][2], 3.725, 2.975, 0.275
[124][0][0], 2.525, 1.9999999, 1.525
[124][0][1], 2.85, 1.7249999, 0.525
[124][0][2], 3.65, 2.25, 0.325
[125][0][0], 3.150001, 2.3750007, 1.5000008
[125][0][1], 3.5250008, 2.1000009, 0.7500008
[125][0][2], 4.000001, 2.3750007, 0.8250008
[126][0][0], 1.6250012, 0.35000116, 0.3500011
[126][0][1], 1.650001, 0.25000116, 0.17500126
[126][0][2], 2.225001, 0.9000012, 0.52500117
[127][0][0], 1.9000022, 2.2250023, 1.9000024
[127][0][1], 2.2250023, 2.1000023, 1.1500022
[127][0][2], 1.7750022, 1.5750024, 0.62500226
[128][0][0], 1.775, 0.975, 0.65
[128][0][1], 2.7, 1.825, 1.075
[128][0][2], 3.25, 2.175, 1.2
[129][0][0], 0.7000004, 0.025000378, -0.24999964
[129][0][1], 2.1750004, 1.8250005, 1.2000003
[129][0][2], 2.2500005, 2.1000004, 1.4250004
[130][0][0], 0.8500015, 0.7250016, 0.3000015
[130][0][1], 2.5750015, 2.7000015, 1.9000015
[130][0][2], 2.7750015, 2.4500015, 1.2500014
[131][0][0], 2.0000007, 0.5500008, 0.050000757
[131][0][1], 2.6000009, 1.1500008, 0.27500078
[131][0][2], 2.9500008, 2.000001, 1.0250008
[132][0][0], 1.2250007, 0.8250008, 1.4000008
[132][0][1], 2.7750006, 2.5750008, 2.1000009
[132][0][2], 3.8500009, 3.7250006, 2.3500009
[133][0][0], -1.45, -1.675, 0.0
[133][0][1], -0.85, -0.625, 1.05
[133][0][2], -0.45, -0.14999999, 1.2249999
[134][0][0], -0.07500002, -0.55, -0.52500004
[134][0][1], 1.8499999, 1.575, 1.125
[134][0][2], 3.625, 3.125, 1.8499999
[135][0][0], -0.47500008, -0.9, -1.5249999
[135][0][1], 0.675, 0.85, -0.025000006
[135][0][2], 2.3000002, 2.3, 0.625
[136][0][0], -1.775, -0.82500005, 0.525
[136][0][1], -0.79999995, 0.87499994, 1.5250001
[136][0][2], 1.325, 2.375, 1.45
[137][0][0], -1.349999, -0.12499884, 1.7000011
[137][0][1], -0.32499883, 1.2750012, 2.5000012
[137][0][2], 2.000001, 2.7000012, 2.3000011
[138][0][0], 1.2000008, -0.4749992, 0.6750007
[138][0][1], 1.3500007, -0.6999992, 0.100000784
[138][0][2], 2.4500008, 0.6250008, 0.42500073
[139][0][0], 6.375, 3.65, 1.625
[139][0][1], 6.2, 3.15, 0.375
[139][0][2], 6.25, 3.475, 0.525
[140][0][0], 1.375, 3.475, 4.05
[140][0][1], 1.175, 4.075, 3.9499998
[140][0][2], 1.925, 4.2000003, 3.3249998
[141][0][0], -0.72499996, -0.099999994, 1.4
[141][0][1], -2.6249998, -0.9, 1.725
[141][0][2], -3.3, -1.0, 2.2749999
[142][0][0], 0.0, -0.57500005, -0.39999998
[142][0][1], -3.0, -3.3, -1.85
[142][0][2], -5.4999995, -5.0, -1.6250001
[143][0][0], 0.025001168, 1.1000011, 1.8750012
[143][0][1], -5.5249987, -4.6499987, -1.5999988
[143][0][2], -9.449999, -7.449999, -0.72499883
[144][0][0], 2.2000008, 3.2500005, 3.300001
[144][0][1], -6.499999, -2.4249992, 2.7750006
[144][0][2], -12.474999, -4.2999988, 6.9250007
[145][0][0], 0.75, 2.975, 4.725
[145][0][1], -4.75, 2.45, 8.875
[145][0][2], -7.7, 3.875, 14.5
[146][0][0], -1.9250002, 3.675, 7.35
[146][0][1], -0.49999997, 8.175, 12.174999
[146][0][2], 1.3, 11.525, 15.275
[147][0][0], 3.050001, 6.4000006, 6.1000004
[147][0][1], 4.950001, 9.075001, 7.7750006
[147][0][2], 5.225001, 9.925001, 8.400001
[148][0][0], 0.85000074, 2.2250009, 2.6000009
[148][0][1], 1.5750008, 3.4500008, 3.2750008
[148][0][2], 1.5500008, 3.8750007, 3.3250008
[149][0][0], -1.5250001, 0.049999952, 1.7
[149][0][1], -0.775, 1.55, 2.9250002
[149][0][2], -1.0, 1.425, 2.4250002
[150][0][0], 1.0750008, 1.8000007, 2.8000007
[150][0][1], 0.8000008, 2.4000008, 3.750001
[150][0][2], 0.25000072, 2.5000007, 3.8750007
[151][0][0], 0.45, -0.32500002, 0.5
[151][0][1], -0.77500004, -0.47500002, 0.70000005
[151][0][2], -0.62499994, 0.825, 1.925
[152][0][0], 0.9750008, 0.17500079, 0.12500077
[152][0][1], 0.9250008, 0.32500076, -0.27499923
[152][0][2], 0.52500075, 1.1000007, 0.45000076
[153][0][0], 0.3500016, -0.69999844, -0.07499838
[153][0][1], 0.17500153, 1.5199184E-6, 0.80000144
[153][0][2], 0.07500152, 0.9500016, 1.6000016
[154][0][0], -0.12500004, 0.07500001, 2.075
[154][0][1], 0.2, 0.6, 2.325
[154][0][2], 0.35, 0.79999995, 1.5
[155][0][0], 0.100000024, -0.47499996, 1.4250001
[155][0][1], 0.3, 0.5749999, 2.6
[155][0][2], -0.275, -0.025000036, 1.175
[156][0][0], 1.2500015, 1.1750016, 2.3750014
[156][0][1], 1.4500015, 1.5000015, 2.9000015
[156][0][2], 0.17500156, -0.29999846, 0.5250015
[157][0][0], 1.975, 2.625, 3.175
[157][0][1], 2.5749998, 3.4, 3.85
[157][0][2], 1.5, 1.45, 0.99999994
[158][0][0], 0.024999946, 0.099999964, 0.525
[158][0][1], 2.1999998, 3.35, 3.45
[158][0][2], 2.075, 3.0, 2.35
[159][0][0], -1.2749996, -4.1499996, -4.45
[159][0][1], -0.59999967, -1.6749996, -0.62499964
[159][0][2], -0.6749996, -0.24999958, 1.7500004
[160][0][0], -0.9, -2.625, -2.775
[160][0][1], -0.62499994, -1.3000001, -0.35
[160][0][2], -1.125, -0.62499994, 1.525
[161][0][0], -0.72499925, 0.10000077, 1.5500008
[161][0][1], -1.0999992, -0.27499923, 1.8250008
[161][0][2], -2.6249993, -1.0999992, 2.1250007
[162][0][0], -1.4749999, 0.12500003, 2.3749998
[162][0][1], -1.4, 0.75, 3.475
[162][0][2], -2.675, 0.2, 3.9499998
[163][0][0], -1.5250001, 0.49999988, 2.85
[163][0][1], -2.0, 1.3000001, 4.975
[163][0][2], -1.9, 2.4250002, 6.2749996
[164][0][0], 0.20000075, 1.8250008, 3.8500009
[164][0][1], -0.89999926, 2.8500009, 6.4750004
[164][0][2], -2.3249993, 3.5750008, 8.800001
[165][0][0], 1.0250003, 2.6000004, 4.175
[165][0][1], -1.8749996, 0.5500003, 4.1250005
[165][0][2], -2.7499995, -0.27499962, 4.3500004
[166][0][0], -1.85, -1.475, 1.6
[166][0][1], -3.5, -2.2, 2.4
[166][0][2], -2.9, -1.225, 3.6999998
[167][0][0], -1.6, -1.0, 1.625
[167][0][1], -1.8999999, -0.25, 3.4750001
[167][0][2], -0.57500005, 2.025, 6.1499996
[168][0][0], 0.55000156, 2.6000016, 4.6500015
[168][0][1], 0.8250015, 3.7750015, 6.675002
[168][0][2], 0.95000154, 4.6750016, 8.450001
[169][0][0], 0.52500075, 2.7750006, 4.6750007
[169][0][1], 0.65000075, 2.950001, 5.150001
[169][0][2], 1.1000007, 3.1000006, 5.2250004
[170][0][0], -0.67499924, 1.2750007, 2.9500008
[170][0][1], -1.0999992, 0.82500076, 2.8750007
[170][0][2], -0.79999924, 0.70000076, 2.6000006
[171][0][0], -2.125, -2.0500002, -0.27499998
[171][0][1], -1.975, -1.425, 0.79999995
[171][0][2], -1.325, -0.325, 1.675
[172][0][0], -2.5249982, -2.224998, 0.32500196
[172][0][1], -1.974998, -1.2749982, 1.6000019
[172][0][2], -0.94999814, -0.07499808, 2.650002
[173][0][0], -1.5749977, -1.0999976, 1.2000022
[173][0][1], -0.8249978, 0.30000225, 3.0000021
[173][0][2], -0.3749977, 1.3500022, 4.050002
[174][0][0], -2.5499978, -1.2749982, 1.3500019
[174][0][1], -2.349998, -0.5499981, 2.5500019
[174][0][2], -1.3999981, 0.77500176, 3.5750022
[175][0][0], -1.875, -1.1499999, 1.1000001
[175][0][1], -1.775, -0.07499996, 2.5749998
[175][0][2], -1.4499999, 1.425, 4.225
[176][0][0], -1.375, -0.7500001, 1.0
[176][0][1], -0.85, 1.05, 3.1
[176][0][2], -0.35, 3.2999997, 5.775
[177][0][0], -0.35000002, 0.39999998, 1.6249999
[177][0][1], 1.2, 3.6000001, 5.175
[177][0][2], 2.125, 6.175, 7.925
[178][0][0], 0.9250001, 1.0749999, 1.575
[178][0][1], 1.6750001, 2.675, 3.375
[178][0][2], 2.65, 4.75, 5.175
[179][0][0], 1.175, 1.475, 2.0
[179][0][1], 1.025, 1.8499999, 2.45
[179][0][2], 0.975, 2.4, 2.8
[180][0][0], 0.12500155, 0.9750015, 2.4250016
[180][0][1], -0.5749985, 1.1500015, 3.3750014
[180][0][2], -1.2999985, 1.0000014, 3.3500013
[181][0][0], 0.32500112, 1.3000011, 3.0000012
[181][0][1], -0.59999883, 1.0750012, 3.7500012
[181][0][2], -1.324999, 0.9500011, 3.8500013
[182][0][0], 2.1, 2.5, 3.75
[182][0][1], 1.3249999, 1.85, 3.825
[182][0][2], 0.825, 1.625, 3.675
[183][0][0], -1.7, 0.025000036, 3.175
[183][0][1], -2.9, -0.9, 2.85
[183][0][2], -3.0000002, -0.55, 3.075
[184][0][0], -0.39999998, 0.049999982, 1.725
[184][0][1], -1.775, -0.67499995, 1.5999999
[184][0][2], -2.1499999, -0.100000024, 2.6499999
[185][0][0], -0.8499996, -0.5499997, 1.5250003
[185][0][1], -1.5249996, -0.24999958, 2.3750002
[185][0][2], -2.5249996, -0.049999595, 3.0000005
[186][0][0], -1.1, -0.925, 0.77500004
[186][0][1], -0.825, 0.24999997, 1.9
[186][0][2], -0.5, 1.5999999, 3.0249999
[187][0][0], 0.77500033, 1.5500004, 2.9000006
[187][0][1], -0.44999963, 0.82500035, 2.6250005
[187][0][2], -1.5749996, 0.77500033, 2.9500005
[188][0][0], 1.6500008, 2.4000008, 3.2000008
[188][0][1], -1.4749992, 0.6750008, 2.8250008
[188][0][2], -5.0999994, -0.34999925, 3.8750007
[189][0][0], 0.6, 1.325, 2.325
[189][0][1], 0.8, 2.975, 4.675
[189][0][2], -0.85, 3.1250002, 6.025
[190][0][0], 2.0000012, 1.150001, 1.525001
[190][0][1], 1.4000012, 2.2250013, 4.175001
[190][0][2], -0.5999989, 1.9000012, 5.2500014
[191][0][0], 1.6500009, 1.1250007, 2.0500007
[191][0][1], 4.4000006, 3.925001, 4.550001
[191][0][2], 4.950001, 5.0500007, 5.625001
[192][0][0], 2.0000005, 0.6250004, 1.3000004
[192][0][1], 3.7250004, 2.6500006, 3.4500003
[192][0][2], 3.8750005, 4.25, 5.9000006
[193][0][0], 2.0250003, 1.3000003, 2.1500003
[193][0][1], 4.0500007, 4.3, 4.9750004
[193][0][2], 5.0500007, 7.125, 8.15
[194][0][0], 1.2750008, 1.6250008, 2.500001
[194][0][1], 5.1500006, 6.3000007, 6.025001
[194][0][2], 7.350001, 9.1, 8.050001
[195][0][0], 0.975, 0.625, 1.5250001
[195][0][1], 4.075, 3.85, 4.0
[195][0][2], 6.175, 6.025, 5.2
[196][0][0], 0.37499994, 0.3, 1.3
[196][0][1], 2.3, 2.35, 3.025
[196][0][2], 3.5749998, 3.875, 3.75
[197][0][0], 1.35, 1.625, 2.425
[197][0][1], 1.475, 1.325, 2.075
[197][0][2], 1.7, 1.5749999, 1.8499999
[198][0][0], 0.8250004, 1.5500004, 2.2500005
[198][0][1], 0.8250004, 1.9000003, 2.6750002
[198][0][2], 0.5750004, 1.8000004, 2.1500003
[199][0][0], 0.6750008, 2.4000006, 3.4000008
[199][0][1], 0.27500078, 1.7500007, 2.8250008
[199][0][2], 0.07500076, 1.6000006, 2.4000008
[200][0][0], 2.0750005, 3.875001, 4.5500007
[200][0][1], 0.70000076, 2.3250008, 3.2750006
[200][0][2], -1.7749991, 0.3250008, 2.4000006
[201][0][0], 0.80000037, 2.4750004, 3.2750006
[201][0][1], -1.2249997, 1.2250004, 2.7750003
[201][0][2], -3.3749995, -0.2749996, 2.7250004
[202][0][0], 1.425, 2.325, 3.4249997
[202][0][1], 0.25000003, 2.025, 4.0
[202][0][2], -2.0, 1.8499999, 6.0
[203][0][0], -0.27499884, 1.3750012, 4.050001
[203][0][1], -0.09999883, 3.5500011, 7.8750014
[203][0][2], -1.5249989, 4.750001, 11.425001
[204][0][0], 2.9500003, 4.2750006, 4.4
[204][0][1], 4.2500005, 6.3500004, 6.9750004
[204][0][2], 3.1500006, 6.425, 8.250001
[205][0][0], 3.6, 2.5, 2.35
[205][0][1], 4.525, 4.1749997, 4.1749997
[205][0][2], 2.925, 3.875, 4.7749996
[206][0][0], 0.775, 0.6750001, 1.25
[206][0][1], 1.375, 1.45, 2.35
[206][0][2], -1.0249999, -0.44999996, 1.35
[207][0][0], 1.7249999, 1.85, 1.575
[207][0][1], 0.024999976, 1.125, 2.375
[207][0][2], -2.4, -0.09999998, 2.5
[208][0][0], 0.95, 1.5249999, 2.6000001
[208][0][1], -2.725, -1.125, 2.45
[208][0][2], -7.0, -3.725, 2.0500002
[209][0][0], -0.875, 1.775, 4.925
[209][0][1], -4.525, -0.82500005, 5.15
[209][0][2], -8.05, -3.8500001, 3.9
[210][0][0], 1.5250012, 3.9250011, 4.7250013
[210][0][1], 1.5250012, 5.925001, 8.850001
[210][0][2], -0.84999883, 5.025001, 9.900002
[211][0][0], 1.7000008, 3.5750008, 3.6000009
[211][0][1], 3.9000006, 6.900001, 7.550001
[211][0][2], 2.6750007, 6.6250005, 8.35
[212][0][0], 2.225001, 2.9750013, 2.450001
[212][0][1], 4.575001, 5.325001, 4.550001
[212][0][2], 3.6750011, 5.100001, 5.375001
[213][0][0], 3.1, 2.35, 1.225
[213][0][1], 2.5500002, 1.825, 1.5
[213][0][2], -0.050000004, 0.050000004, 1.55
[214][0][0], 1.6000004, 1.0250003, 1.5000004
[214][0][1], 0.6750004, -0.024999619, 1.2500005
[214][0][2], -2.0249999, -2.4749994, 4.172325E-7
[215][0][0], 1.8000001, 1.525, 1.925
[215][0][1], 1.1, 0.47500002, 1.65
[215][0][2], -1.4, -1.8500001, 0.8000001
[216][0][0], 1.9750003, 1.4500004, 0.97500044
[216][0][1], 2.2750003, 0.7750004, -0.024999693
[216][0][2], 0.2750004, -0.7999996, -0.3499996
[217][0][0], 1.8, 1.775, 1.5
[217][0][1], 2.375, 2.65, 2.35
[217][0][2], 1.275, 2.25, 2.925
[218][0][0], 0.8250023, 1.6250024, 2.9500022
[218][0][1], 1.6750023, 3.1500022, 4.675002
[218][0][2], 1.4500022, 3.4000022, 5.4750023
[219][0][0], 1.2750015, 1.5000015, 2.8250015
[219][0][1], 2.2250016, 2.6250014, 3.4250016
[219][0][2], 2.6750016, 3.0000017, 3.1250017
[220][0][0], 1.3000015, 2.3250015, 3.4750013
[220][0][1], 1.1000016, 2.7250016, 3.8750014
[220][0][2], 0.50000155, 2.5750015, 3.7750015
[221][0][0], 1.4250011, 4.175001, 5.5250015
[221][0][1], 0.27500114, 3.8500013, 5.4500012
[221][0][2], -1.2749989, 2.4250011, 4.025001
[222][0][0], 0.425, 3.825, 5.55
[222][0][1], -1.7500001, 3.0, 5.8
[222][0][2], -3.4499998, 2.275, 5.75
[223][0][0], 1.6, 4.3500004, 6.0
[223][0][1], -0.9499999, 3.15, 6.325
[223][0][2], -2.475, 2.25, 6.175
[224][0][0], 1.7000016, 2.8750014, 3.2250016
[224][0][1], -0.0749985, 2.0500016, 3.5500016
[224][0][2], -0.8999984, 2.0750015, 4.4000015
[225][0][0], 3.8500001, 4.675, 3.75
[225][0][1], 2.075, 4.15, 4.4249997
[225][0][2], 0.04999999, 3.3, 5.05
[226][0][0], 1.6500007, 3.550001, 4.7250004
[226][0][1], 0.32500076, 2.9500008, 4.5500007
[226][0][2], -0.5999992, 2.5750008, 4.750001
[227][0][0], 1.6000007, 2.4500008, 2.9250007
[227][0][1], 1.3000008, 3.4000008, 4.075001
[227][0][2], 0.5500008, 4.375001, 5.975001
[228][0][0], 3.450001, 3.6750011, 3.4250011
[228][0][1], 2.350001, 4.7000012, 6.125001
[228][0][2], 1.9500012, 6.6000013, 9.350001
[229][0][0], 1.1000009, 1.7250007, 2.5250006
[229][0][1], 1.8250008, 4.625001, 6.600001
[229][0][2], 3.3000007, 7.1750007, 9.300001
[230][0][0], 2.0000014, 3.9750013, 4.2000017
[230][0][1], 3.7000017, 6.6250014, 6.9000015
[230][0][2], 4.9000015, 7.5750012, 7.4250016
[231][0][0], 3.6500006, 5.075001, 4.700001
[231][0][1], 6.450001, 7.375001, 5.150001
[231][0][2], 7.7250004, 8.5, 5.600001
[232][0][0], 2.5250008, 2.3500009, 3.3750007
[232][0][1], 5.450001, 3.9000006, 2.9250007
[232][0][2], 6.7750006, 4.8000007, 2.3750007
[233][0][0], -0.7999989, -0.44999886, 1.6500012
[233][0][1], 2.3500013, 2.750001, 3.5500011
[233][0][2], 4.075001, 4.375001, 3.625001
[234][0][0], 0.6750008, 1.7500007, 2.4500008
[234][0][1], 1.1500008, 2.3000007, 2.7500007
[234][0][2], 0.9250007, 1.6250007, 1.4500006
[235][0][0], 0.9000001, 2.4750001, 3.3
[235][0][1], 1.075, 2.675, 2.975
[235][0][2], 0.65000004, 1.975, 1.775
[236][0][0], 1.3249999, 3.7, 5.4
[236][0][1], -0.35000008, 2.475, 4.3
[236][0][2], -2.125, 0.5, 1.9499999
[237][0][0], 4.625, 6.45, 6.3250003
[237][0][1], 1.35, 3.175, 3.975
[237][0][2], -1.725, 0.45, 2.275
[238][0][0], 4.3750005, 5.8500004, 6.1000004
[238][0][1], 1.9750007, 3.9750006, 4.975001
[238][0][2], -0.9499992, 1.6500007, 3.9000008
[239][0][0], 2.725, 3.55, 4.0750003
[239][0][1], 2.3000002, 4.025, 5.075
[239][0][2], 1.1500001, 4.375, 6.4500003
[240][0][0], 4.025, 4.5, 4.675
[240][0][1], 3.9, 5.05, 5.0
[240][0][2], 3.975, 6.525, 6.9750004
[241][0][0], 3.425, 2.3, 1.9750001
[241][0][1], 6.1000004, 4.85, 3.275
[241][0][2], 7.6499996, 7.075, 5.0750003
[242][0][0], 2.4500003, 1.4, 1.075
[242][0][1], 5.2, 3.0249999, 1.55
[242][0][2], 6.6, 4.175, 2.55
[243][0][0], 0.97499996, 1.425, 2.1
[243][0][1], 3.025, 2.8000002, 2.375
[243][0][2], 4.175, 3.5749998, 2.625
[244][0][0], 0.725, 1.55, 2.525
[244][0][1], 1.1, 1.95, 2.3000002
[244][0][2], 1.1, 2.05, 2.3000002
[245][0][0], 0.37500113, 0.22500108, 0.72500116
[245][0][1], 0.45000118, 0.7250011, 1.1500012
[245][0][2], 0.07500115, 1.0500011, 1.8250011
[246][0][0], 0.14999998, 0.70000005, 1.625
[246][0][1], -0.52500004, 0.32500002, 1.475
[246][0][2], -1.5250001, -0.15, 1.5
[247][0][0], 1.25, 1.5, 1.9
[247][0][1], 0.75, 1.7, 3.05
[247][0][2], -0.92499995, 0.52500004, 3.1
[248][0][0], 2.725, 2.425, 1.925
[248][0][1], 2.35, 4.125, 5.4
[248][0][2], 0.9500001, 5.0, 8.2
[249][0][0], 3.75, 3.3250003, 2.375
[249][0][1], 6.8749995, 6.675, 4.625
[249][0][2], 8.15, 8.9, 6.6749997
[250][0][0], 2.15, 1.4250001, 1.3499999
[250][0][1], 6.7, 4.5, 2.6750002
[250][0][2], 7.6749997, 4.8999996, 2.175
[251][0][0], 2.425, -0.024999976, -0.82500005
[251][0][1], 3.85, 2.4250002, 1.85
[251][0][2], 1.9000001, 2.3, 2.7250001
[252][0][0], 2.5, 0.90000004, 0.45
[252][0][1], 2.775, 1.8000001, 2.075
[252][0][2], -0.12500001, 0.65, 2.8249998
[253][0][0], 0.07500079, -0.67499924, 1.0250008
[253][0][1], 1.3750007, 1.9500008, 4.250001
[253][0][2], -0.7499993, 2.1000006, 6.350001
[254][0][0], -1.8, -0.8249999, 1.3
[254][0][1], -1.975, 0.47500002, 4.525
[254][0][2], -4.5, 0.27500004, 6.925
[255][0][0], -0.22499993, 1.525, 3.275
[255][0][1], -0.049999952, 3.9499998, 7.25
[255][0][2], 0.45, 6.55, 11.174999
[256][0][0], 3.1000006, 3.7750008, 2.875001
[256][0][1], 6.850001, 8.675, 6.8500004
[256][0][2], 9.200001, 12.300001, 10.225
[257][0][0], 5.650001, 4.5750012, 2.5500011
[257][0][1], 7.900001, 6.175001, 2.900001
[257][0][2], 8.525002, 7.175001, 3.9000013
[258][0][0], 3.8249998, 1.675, 0.65000004
[258][0][1], 5.5, 2.975, 1.05
[258][0][2], 5.375, 3.2, 1.425
[259][0][0], 3.7500005, 1.9000003, 1.3750005
[259][0][1], 7.3250003, 5.55, 4.05
[259][0][2], 5.7500005, 5.1000004, 4.175
[260][0][0], 0.37500116, -1.6999989, -1.5749989
[260][0][1], 2.500001, 1.3250011, 2.4250011
[260][0][2], 1.8750012, 1.5750011, 3.3750012
[261][0][0], 0.025000006, -1.3499999, -2.05
[261][0][1], 0.92499995, 0.62500006, 0.90000004
[261][0][2], 0.45, 1.375, 2.525
[262][0][0], -0.275, -1.0500001, -1.225
[262][0][1], 0.375, 0.525, 0.7
[262][0][2], 0.099999994, 1.475, 2.1999998
[263][0][0], -0.24999806, 0.15000184, 1.825002
[263][0][1], 0.8750019, 2.3000019, 3.775002
[263][0][2], 1.4750019, 4.125002, 5.3000016
[264][0][0], 0.625, 0.675, 1.775
[264][0][1], 2.4250002, 3.3249998, 3.825
[264][0][2], 3.1750002, 4.85, 4.6499996
[265][0][0], 2.0, 1.0749999, 1.325
[265][0][1], 4.8250003, 3.925, 2.825
[265][0][2], 5.575, 4.775, 2.8
[266][0][0], 3.0249999, 1.2249999, 0.75
[266][0][1], 3.4249997, 1.35, 0.50000006
[266][0][2], 3.0499997, 1.125, 0.14999999
[267][0][0], 0.67499995, -0.12500006, 1.1000001
[267][0][1], -0.17499998, -0.575, 1.4000001
[267][0][2], -1.9250001, -1.3499999, 1.475
[268][0][0], 1.1750013, 0.7000011, 1.450001
[268][0][1], 1.2250011, 0.85000116, 1.1000011
[268][0][2], 0.52500117, 2.125001, 2.875001
[269][0][0], 1.0750008, -0.5499992, -0.7499992
[269][0][1], 4.825001, 3.525001, 2.5250006
[269][0][2], 7.500001, 6.8000007, 5.0000005
[270][0][0], -0.14999965, -0.7249996, 0.4500004
[270][0][1], 1.5000004, 0.75000036, 2.8500004
[270][0][2], 3.3250005, 2.1250002, 4.3750005
[271][0][0], -0.4749996, 0.55000037, 0.9750004
[271][0][1], 2.6250005, 4.3500004, 4.6000004
[271][0][2], 2.5750003, 5.0750003, 5.700001
[272][0][0], -2.2499995, -0.9999997, -0.09999955
[272][0][1], 1.4250003, 3.1750002, 2.8000002
[272][0][2], 3.5000002, 5.2500005, 3.7750003
[273][0][0], 0.049999982, 1.5249999, 1.6
[273][0][1], 1.9250001, 3.6249998, 2.825
[273][0][2], 2.95, 4.25, 2.325
[274][0][0], -1.5500001, 0.675, 2.4
[274][0][1], -1.025, 1.1750001, 2.55
[274][0][2], -0.12500003, 1.475, 2.075
[275][0][0], -0.49999997, 1.55, 3.5
[275][0][1], -0.050000012, 2.45, 4.05
[275][0][2], 0.72499996, 2.75, 3.5500002
[276][0][0], -0.20000002, 2.075, 3.6000001
[276][0][1], 0.15000005, 2.1499999, 2.85
[276][0][2], 0.95, 1.85, 1.875
[277][0][0], 0.099999964, 0.77500004, 1.6
[277][0][1], 0.42499998, 0.625, 0.8000001
[277][0][2], 1.0999999, 0.72499996, 0.40000004
[278][0][0], -0.5999996, -0.7499996, -0.44999963
[278][0][1], 0.45000038, 0.9250004, 0.8500004
[278][0][2], 0.77500033, 1.3000004, 0.6000004
[279][0][0], -1.2499986, -1.1499984, -0.6749984
[279][0][1], -0.34999847, 0.62500155, 0.87500155
[279][0][2], 0.20000154, 1.3000015, 1.0250015
[280][0][0], -0.42499998, 1.0, 1.4
[280][0][1], -0.92499995, 0.75, 0.75
[280][0][2], -1.25, 0.07500006, -0.049999982
[281][0][0], -0.2999992, 1.9750007, 1.9250008
[281][0][1], -1.1999992, 0.95000076, 0.37500075
[281][0][2], -0.87499917, 0.85000074, 0.15000075
[282][0][0], 1.0250015, 2.0500016, 1.2500014
[282][0][1], -0.49999848, 0.50000155, -0.42499846
[282][0][2], -0.7749984, 1.6093254E-6, -0.7749984
[283][0][0], -0.15000002, 1.6750001, 1.95
[283][0][1], -1.3500001, 0.325, 0.14999995
[283][0][2], -1.525, -0.3, -0.775
[284][0][0], 0.97500193, 0.60000193, 0.25000194
[284][0][1], -1.3499981, -1.674998, -2.1749978
[284][0][2], -1.5249981, -1.9499981, -2.874998
[285][0][0], 0.50000113, 1.7250011, 1.6750013
[285][0][1], -2.5749989, -0.4999988, -0.024998885
[285][0][2], -3.7749987, -1.5999988, -0.57499886
[286][0][0], 0.75000113, 0.70000124, 1.1622906E-6
[286][0][1], -1.4999989, -0.09999886, -0.09999889
[286][0][2], -2.3999987, 0.15000114, 0.8500011
[287][0][0], 0.32500035, 0.25000036, 0.75000036
[287][0][1], -0.74999964, -0.24999961, 0.50000036
[287][0][2], -0.024999619, 0.9500004, 1.2750003
[288][0][0], 1.1250004, 0.15000036, 0.5500004
[288][0][1], 0.9500004, 0.9500004, 1.8000004
[288][0][2], 2.1000004, 2.8000004, 3.6250005
[289][0][0], 1.9000001, 2.1750002, 3.9250002
[289][0][1], 2.65, 3.8500001, 6.175
[289][0][2], 4.125, 5.025, 6.8
[290][0][0], 8.225001, 7.300001, 5.950001
[290][0][1], 6.3250012, 7.1750007, 6.925001
[290][0][2], 6.2750015, 8.300001, 8.425001
[291][0][0], 7.575, 8.275, 6.175
[291][0][1], 6.15, 7.9249997, 5.625
[291][0][2], 5.375, 8.3, 6.575
[292][0][0], 0.75, 3.4, 4.575
[292][0][1], 1.0250001, 3.25, 3.5000002
[292][0][2], 1.6750001, 3.075, 2.5
[293][0][0], 1.25, 3.225, 3.6
[293][0][1], -0.52500004, 1.2, 1.7250001
[293][0][2], -1.6999999, -0.6999999, -0.7
[294][0][0], -0.39999923, 3.5250006, 4.5250006
[294][0][1], -1.1749992, 2.3500009, 2.8250008
[294][0][2], -1.7999992, 0.050000764, -0.04999924
[295][0][0], -1.1, 0.7, 2.075
[295][0][1], -2.6, -0.9499999, 0.49999997
[295][0][2], -2.375, -2.05, -1.1
[296][0][0], 0.5500004, 1.2000004, 1.7250004
[296][0][1], -1.5749996, -0.24999961, 0.77500033
[296][0][2], -1.7999997, -0.3499996, 0.6000004
[297][0][0], -0.15000002, 1.3, 2.6499999
[297][0][1], -2.725, -0.8, 1.075
[297][0][2], -3.125, -1.325, 0.625
[298][0][0], -0.6, 0.12500006, 1.5999999
[298][0][1], -3.25, -2.275, -0.07499999
[298][0][2], -3.775, -2.25, 0.29999998
[299][0][0], 0.25000113, 0.6500012, 1.4000012
[299][0][1], -2.0499988, -2.174999, -1.6249988
[299][0][2], -3.7749991, -3.349999, -2.6249988
[300][0][0], 0.32500112, -0.3499988, -0.7499988
[300][0][1], -0.62499887, -0.82499886, -0.49999887
[300][0][2], -1.4999988, -1.4499989, -0.84999883
[301][0][0], 1.0749999, 0.8249999, -0.22499996
[301][0][1], -0.39999998, -0.6, -1.125
[301][0][2], -0.875, -1.15, -1.25
[302][0][0], 1.0750008, 0.95000076, 0.70000076
[302][0][1], 0.6250007, 0.050000757, -0.62499917
[302][0][2], -0.07499924, -0.92499924, -1.3749993
[303][0][0], 0.7000007, 2.1250007, 2.4250007
[303][0][1], 1.7750008, 2.1000009, 1.0750008
[303][0][2], 1.5500008, 0.42500076, -1.3249993
[304][0][0], -0.2249996, 1.9250004, 3.2500002
[304][0][1], 0.62500036, 1.5750003, 1.7250004
[304][0][2], 1.2250004, 0.15000036, -0.8999996
[305][0][0], -1.25, 0.07499999, 2.025
[305][0][1], -0.54999995, -0.45000005, 0.375
[305][0][2], -0.325, -1.425, -1.65
[306][0][0], -1.1749992, -0.64999926, 0.8500008
[306][0][1], -1.2749993, -1.1999992, -0.6249992
[306][0][2], -0.5749992, -0.9999993, -1.5749993
[307][0][0], -0.69999963, -0.62499964, -0.22499962
[307][0][1], -0.7249996, -1.0249996, -0.9249996
[307][0][2], -0.8749996, -1.8249996, -2.1749997
[308][0][0], -1.2249988, 0.55000114, 1.5750011
[308][0][1], -3.1999989, -1.8249989, -0.29999885
[308][0][2], -3.8999987, -3.6499987, -2.274999
[309][0][0], -2.0749981, -0.39999813, 0.37500194
[309][0][1], -4.2999983, -2.649998, -1.074998
[309][0][2], -4.9749985, -4.574998, -3.049998
[310][0][0], -3.6499996, -0.99999964, 0.17500037
[310][0][1], -4.6999993, -1.8249996, -0.34999964
[310][0][2], -4.4749994, -2.4999995, -1.2249997
[311][0][0], -2.65, 0.15000004, 1.5250001
[311][0][1], -4.125, -1.15, 0.85
[311][0][2], -3.9750001, -2.025, -0.125
[312][0][0], -2.65, -1.0999999, -0.85
[312][0][1], -3.875, -1.4000001, -0.24999999
[312][0][2], -3.25, -1.0, 0.24999999
[313][0][0], -1.7999989, -0.1999989, 0.7000011
[313][0][1], -2.3249989, 0.12500112, 1.7250011
[313][0][2], -1.1749989, 0.80000114, 2.025001
[314][0][0], -1.2999996, 0.37500042, 1.7250004
[314][0][1], -1.9499996, -0.29999962, 1.4500004
[314][0][2], -0.44999957, 3.6880374E-7, 0.75000036
[315][0][0], -1.2500001, 0.075000025, 0.82500005
[315][0][1], 0.07500002, 0.825, 0.65000004
[315][0][2], 2.825, 2.1, 0.175
[316][0][0], -0.8749996, 1.2250004, 1.5250003
[316][0][1], 0.7250004, 2.3000004, 0.9000004
[316][0][2], 3.6750004, 3.8750005, 0.22500038
[317][0][0], -0.2999992, 1.6000007, 1.7500007
[317][0][1], -0.14999925, 1.3250009, 0.40000078
[317][0][2], 2.6250007, 2.5750008, -0.24999928
[318][0][0], -0.024999574, 1.8750004, 3.4250004
[318][0][1], -0.7499996, 0.5250004, 1.1500005
[318][0][2], -0.29999962, -0.22499962, -1.0249996
[319][0][0], -0.39999813, 0.82500196, 1.450002
[319][0][1], -1.7749981, -0.44999808, 0.4500019
[319][0][2], -1.9999981, -1.5249981, -1.0249982
[320][0][0], -2.5249991, -1.4749992, -1.0249993
[320][0][1], -2.7499993, -1.5999992, -0.6999992
[320][0][2], -1.8999993, -1.2749993, -0.7749992
[321][0][0], -2.5499992, -1.1499993, 0.5000008
[321][0][1], -3.6249993, -1.5499992, 0.85000074
[321][0][2], -2.1999993, -0.5249992, 0.9750008
[322][0][0], -1.4249996, -0.32499963, 0.9000004
[322][0][1], -2.9499998, -1.4999996, 0.3250004
[322][0][2], -1.3499997, -0.74999964, 0.075000405
[323][0][0], -0.09999883, 0.7000012, 0.8250012
[323][0][1], -2.4999988, -1.8999989, -1.1749989
[323][0][2], -2.224999, -2.724999, -2.649999
[324][0][0], -1.9499985, 0.32500154, 1.4500015
[324][0][1], -3.7249985, -1.8249985, -0.74999845
[324][0][2], -3.0499983, -2.8249984, -2.8999984
[325][0][0], -0.72499925, 1.3250008, 1.6750008
[325][0][1], -2.449999, -0.54999924, 7.748604E-7
[325][0][2], -3.9749994, -3.499999, -3.2749991
[326][0][0], 3.5762787E-7, 2.1000004, 2.1250002
[326][0][1], -1.3249996, 0.27500036, 0.32500038
[326][0][2], -2.5249996, -2.0249996, -2.1749997
[327][0][0], -1.0749999, 0.10000001, 0.525
[327][0][1], -1.375, -0.4, -0.09999998
[327][0][2], -1.125, -0.725, -0.875
[328][0][0], 0.05000114, 1.025001, 1.3250011
[328][0][1], -1.0499989, -0.024998873, 0.42500117
[328][0][2], -2.749999, -1.9749988, -1.3249989
[329][0][0], 0.35000077, 2.0000007, 2.0000007
[329][0][1], 0.025000775, 1.0500007, 0.8750008
[329][0][2], -1.6499993, -1.1749992, -0.94999933
[330][0][0], -1.1249995, -0.37499955, -0.29999956
[330][0][1], -2.7999997, -1.4999996, -0.4249996
[330][0][2], -2.9249995, -1.7999997, -0.6499996
[331][0][0], -1.8499992, -0.9999992, 0.050000787
[331][0][1], -4.299999, -2.3749993, 7.748604E-7
[331][0][2], -3.999999, -2.3999991, -0.17499925
[332][0][0], -2.7249985, -1.5999985, -1.1249985
[332][0][1], -5.4499984, -3.0999985, -0.9749985
[332][0][2], -5.324999, -3.4999986, -1.6249985
[333][0][0], -2.7749991, -2.0249991, -0.64999926
[333][0][1], -6.249999, -4.249999, -1.0749992
[333][0][2], -6.499999, -4.874999, -1.5999992
[334][0][0], -2.249998, -1.499998, -0.4999981
[334][0][1], -3.5249982, -1.7499981, 0.55000186
[334][0][2], -2.249998, -0.92499804, 1.025002
[335][0][0], -1.4749995, -0.32499966, 0.2750004
[335][0][1], -2.3999996, -0.29999965, 1.0750003
[335][0][2], -0.8999996, 0.42500043, 1.4000005
[336][0][0], -0.34999925, 0.6000008, 1.9500006
[336][0][1], -2.5249991, -0.8249992, 1.0250008
[336][0][2], -1.6499991, 0.3000008, 1.8000008
[337][0][0], 0.375, 0.20000002, 0.125
[337][0][1], -1.2500001, -0.024999946, 0.75
[337][0][2], -0.75, 1.75, 2.5500002
[338][0][0], 0.85, 1.2750001, 0.62500006
[338][0][1], -0.875, 1.125, 1.325
[338][0][2], 1.125, 4.775, 4.9249997
[339][0][0], -0.124999225, 3.2750006, 5.0500007
[339][0][1], -2.8499994, 2.3500006, 5.2750006
[339][0][2], -2.2749991, 3.5750008, 6.6500006
[340][0][0], -3.1999977, -0.4749977, 1.9750024
[340][0][1], -5.2499976, -1.4499977, 2.3500023
[340][0][2], -5.549998, -1.6999978, 2.5250025
[341][0][0], -1.574999, -1.6499989, -0.99999887
[341][0][1], -3.4999988, -2.824999, -1.2499989
[341][0][2], -2.499999, -1.5999988, 0.050001103
[342][0][0], -0.72499883, 0.12500115, 1.7250011
[342][0][1], -1.8999989, -1.3749988, 1.1622906E-6
[342][0][2], -1.2749989, -1.1749989, -0.34999886
[343][0][0], 0.6250012, 1.8250011, 1.7250011
[343][0][1], -0.57499886, 0.6250012, 0.17500114
[343][0][2], -1.9999988, -1.0499988, -1.3499988
[344][0][0], 1.9750011, 1.775001, -0.4749989
[344][0][1], 0.85000116, 0.75000113, -0.97499883
[344][0][2], -0.5499988, -0.87499887, -1.9749988
[345][0][0], 1.7000008, 1.2250007, -0.049999207
[345][0][1], 0.1000008, -0.19999924, -0.92499936
[345][0][2], -1.0249993, -1.4749992, -1.5499992
[346][0][0], 0.5250015, 1.2250016, 1.7750015
[346][0][1], -1.5749985, -1.0749985, -0.07499847
[346][0][2], -2.4249985, -2.4999983, -1.4249984
[347][0][0], -0.3749985, 0.15000153, 1.0000014
[347][0][1], -3.2249985, -2.7499986, -1.5249985
[347][0][2], -3.4749982, -3.2999983, -2.2749987
[348][0][0], -0.049999237, 0.57500076, 1.1750007
[348][0][1], -3.7999992, -2.8999991, -1.5249993
[348][0][2], -5.3249993, -4.2499995, -2.7749991
[349][0][0], -0.34999928, 0.35000074, 0.8750007
[349][0][1], -5.8249993, -5.099999, -3.224999
[349][0][2], -6.924999, -6.1749988, -4.1999993
[350][0][0], 1.0250007, 1.7750008, 1.7500008
[350][0][1], -5.7249994, -4.174999, -2.5249994
[350][0][2], -7.524999, -5.4499993, -2.7999992
[351][0][0], 0.42500114, 2.8000011, 3.1750011
[351][0][1], -4.324999, -2.9249988, -2.0499988
[351][0][2], -6.6499987, -6.2749987, -4.924999
[352][0][0], -2.0499992, -0.62499917, 0.22500074
[352][0][1], -2.1749992, -0.8749993, -0.07499921
[352][0][2], -3.2999992, -1.9999993, -0.84999925
[353][0][0], -1.1499989, -0.14999883, -1.2249988
[353][0][1], -2.0749989, -0.12499885, 0.100001186
[353][0][2], -3.4499989, -1.4999988, -0.49999887
[354][0][0], 0.5500012, 1.5500011, 1.0500011
[354][0][1], -1.3999989, -0.024998873, 0.35000116
[354][0][2], -4.0499988, -2.374999, -0.7999989
[355][0][0], -0.12499921, 1.3250008, 2.3750007
[355][0][1], -1.0249993, 0.5500008, 2.2750008
[355][0][2], -4.8499994, -3.0749993, 0.10000077
[356][0][0], 0.07500082, 1.4750007, 1.0750008
[356][0][1], -0.52499926, -0.07499924, -0.44999927
[356][0][2], -2.874999, -3.4499993, -3.0749993
[357][0][0], 0.75, 1.825, 1.9000001
[357][0][1], 0.2, 0.74999994, 0.475
[357][0][2], -1.375, -1.8000001, -1.675
[358][0][0], -0.39999926, 1.0000007, 1.6250008
[358][0][1], -0.29999918, 0.8000008, 0.9250008
[358][0][2], -0.8249992, -0.67499924, -0.54999924
[359][0][0], 0.37500036, 1.8500004, 1.8500003
[359][0][1], -0.2249996, 0.8250004, 0.32500038
[359][0][2], -0.94999963, -0.57499963, -0.99999964
[360][0][0], 0.25000155, 1.4000015, 2.1500015
[360][0][1], -0.1999985, 0.7500015, 0.8500015
[360][0][2], -0.8999984, -0.22499847, -0.049998477
[361][0][0], 1.475, 1.275, 0.49999997
[361][0][1], 0.6, -0.050000012, -0.9499999
[361][0][2], 0.875, -0.07499999, -0.875
[362][0][0], 4.6499996, 6.4500003, 5.475
[362][0][1], 2.9750001, 3.85, 2.05
[362][0][2], 1.6, 1.7499999, 0.25
[363][0][0], 0.32500082, 2.2250009, 2.9250007
[363][0][1], -1.1999992, 0.10000074, 0.52500075
[363][0][2], -1.4749993, -1.6249992, -1.4999993
[364][0][0], -0.27499884, 0.37500116, 0.075001135
[364][0][1], -1.599999, -0.8999989, -0.9249988
[364][0][2], -2.599999, -2.2999988, -1.9499989

vwnd.time[365]
1937256.0, 1937280.0, 1937304.0, 1937328.0, 1937352.0, 1937376.0, 1937400.0, 1937424.0, 1937448.0, 1937472.0, 1937496.0, 1937520.0, 1937544.0, 1937568.0, 1937592.0, 1937616.0, 1937640.0, 1937664.0, 1937688.0, 1937712.0, 1937736.0, 1937760.0, 1937784.0, 1937808.0, 1937832.0, 1937856.0, 1937880.0, 1937904.0, 1937928.0, 1937952.0, 1937976.0, 1938000.0, 1938024.0, 1938048.0, 1938072.0, 1938096.0, 1938120.0, 1938144.0, 1938168.0, 1938192.0, 1938216.0, 1938240.0, 1938264.0, 1938288.0, 1938312.0, 1938336.0, 1938360.0, 1938384.0, 1938408.0, 1938432.0, 1938456.0, 1938480.0, 1938504.0, 1938528.0, 1938552.0, 1938576.0, 1938600.0, 1938624.0, 1938648.0, 1938672.0, 1938696.0, 1938720.0, 1938744.0, 1938768.0, 1938792.0, 1938816.0, 1938840.0, 1938864.0, 1938888.0, 1938912.0, 1938936.0, 1938960.0, 1938984.0, 1939008.0, 1939032.0, 1939056.0, 1939080.0, 1939104.0, 1939128.0, 1939152.0, 1939176.0, 1939200.0, 1939224.0, 1939248.0, 1939272.0, 1939296.0, 1939320.0, 1939344.0, 1939368.0, 1939392.0, 1939416.0, 1939440.0, 1939464.0, 1939488.0, 1939512.0, 1939536.0, 1939560.0, 1939584.0, 1939608.0, 1939632.0, 1939656.0, 1939680.0, 1939704.0, 1939728.0, 1939752.0, 1939776.0, 1939800.0, 1939824.0, 1939848.0, 1939872.0, 1939896.0, 1939920.0, 1939944.0, 1939968.0, 1939992.0, 1940016.0, 1940040.0, 1940064.0, 1940088.0, 1940112.0, 1940136.0, 1940160.0, 1940184.0, 1940208.0, 1940232.0, 1940256.0, 1940280.0, 1940304.0, 1940328.0, 1940352.0, 1940376.0, 1940400.0, 1940424.0, 1940448.0, 1940472.0, 1940496.0, 1940520.0, 1940544.0, 1940568.0, 1940592.0, 1940616.0, 1940640.0, 1940664.0, 1940688.0, 1940712.0, 1940736.0, 1940760.0, 1940784.0, 1940808.0, 1940832.0, 1940856.0, 1940880.0, 1940904.0, 1940928.0, 1940952.0, 1940976.0, 1941000.0, 1941024.0, 1941048.0, 1941072.0, 1941096.0, 1941120.0, 1941144.0, 1941168.0, 1941192.0, 1941216.0, 1941240.0, 1941264.0, 1941288.0, 1941312.0, 1941336.0, 1941360.0, 1941384.0, 1941408.0, 1941432.0, 1941456.0, 1941480.0, 1941504.0, 1941528.0, 1941552.0, 1941576.0, 1941600.0, 1941624.0, 1941648.0, 1941672.0, 1941696.0, 1941720.0, 1941744.0, 1941768.0, 1941792.0, 1941816.0, 1941840.0, 1941864.0, 1941888.0, 1941912.0, 1941936.0, 1941960.0, 1941984.0, 1942008.0, 1942032.0, 1942056.0, 1942080.0, 1942104.0, 1942128.0, 1942152.0, 1942176.0, 1942200.0, 1942224.0, 1942248.0, 1942272.0, 1942296.0, 1942320.0, 1942344.0, 1942368.0, 1942392.0, 1942416.0, 1942440.0, 1942464.0, 1942488.0, 1942512.0, 1942536.0, 1942560.0, 1942584.0, 1942608.0, 1942632.0, 1942656.0, 1942680.0, 1942704.0, 1942728.0, 1942752.0, 1942776.0, 1942800.0, 1942824.0, 1942848.0, 1942872.0, 1942896.0, 1942920.0, 1942944.0, 1942968.0, 1942992.0, 1943016.0, 1943040.0, 1943064.0, 1943088.0, 1943112.0, 1943136.0, 1943160.0, 1943184.0, 1943208.0, 1943232.0, 1943256.0, 1943280.0, 1943304.0, 1943328.0, 1943352.0, 1943376.0, 1943400.0, 1943424.0, 1943448.0, 1943472.0, 1943496.0, 1943520.0, 1943544.0, 1943568.0, 1943592.0, 1943616.0, 1943640.0, 1943664.0, 1943688.0, 1943712.0, 1943736.0, 1943760.0, 1943784.0, 1943808.0, 1943832.0, 1943856.0, 1943880.0, 1943904.0, 1943928.0, 1943952.0, 1943976.0, 1944000.0, 1944024.0, 1944048.0, 1944072.0, 1944096.0, 1944120.0, 1944144.0, 1944168.0, 1944192.0, 1944216.0, 1944240.0, 1944264.0, 1944288.0, 1944312.0, 1944336.0, 1944360.0, 1944384.0, 1944408.0, 1944432.0, 1944456.0, 1944480.0, 1944504.0, 1944528.0, 1944552.0, 1944576.0, 1944600.0, 1944624.0, 1944648.0, 1944672.0, 1944696.0, 1944720.0, 1944744.0, 1944768.0, 1944792.0, 1944816.0, 1944840.0, 1944864.0, 1944888.0, 1944912.0, 1944936.0, 1944960.0, 1944984.0, 1945008.0, 1945032.0, 1945056.0, 1945080.0, 1945104.0, 1945128.0, 1945152.0, 1945176.0, 1945200.0, 1945224.0, 1945248.0, 1945272.0, 1945296.0, 1945320.0, 1945344.0, 1945368.0, 1945392.0, 1945416.0, 1945440.0, 1945464.0, 1945488.0, 1945512.0, 1945536.0, 1945560.0, 1945584.0, 1945608.0, 1945632.0, 1945656.0, 1945680.0, 1945704.0, 1945728.0, 1945752.0, 1945776.0, 1945800.0, 1945824.0, 1945848.0, 1945872.0, 1945896.0, 1945920.0, 1945944.0, 1945968.0, 1945992.0

vwnd.level[1]
850.0

vwnd.lat[3]
27.5, 25.0, 22.5

vwnd.lon[3]
85.0, 87.5, 90.0


