Dataset {
    Grid {
     ARRAY:
        Float32 vwnd[time = 365][level = 1][lat = 3][lon = 3];
     MAPS:
        Float64 time[time = 365];
        Float32 level[level = 1];
        Float32 lat[lat = 3];
        Float32 lon[lon = 3];
    } vwnd;
} Datasets/ncep.reanalysis.dailyavgs/pressure/vwnd.2025.nc;
---------------------------------------------
vwnd.vwnd[365][1][3][3]
[0][0][0], -3.3249998, -2.4749997, -2.3999996
[0][0][1], -4.7, -3.8999996, -2.3999996
[0][0][2], -6.1249995, -5.825, -3.3999996
[1][0][0], -5.099998, -4.024998, -4.0499983
[1][0][1], -4.5749984, -3.3999982, -2.124998
[1][0][2], -5.149998, -4.349998, -2.099998
[2][0][0], -6.9499993, -5.149999, -3.8249993
[2][0][1], -7.374999, -3.7249992, -0.2749992
[2][0][2], -7.924999, -3.7499995, 1.0750008
[3][0][0], -6.749999, -5.249999, -5.2249994
[3][0][1], -6.0749993, -2.8249993, -0.67499924
[3][0][2], -4.524999, -0.9999992, 2.2750008
[4][0][0], -4.1749983, -2.9249983, -1.4749981
[4][0][1], -4.3999977, -1.5749981, 1.0250019
[4][0][2], -3.124998, -0.44999814, 2.075002
[5][0][0], 0.82500154, 0.47500148, -0.07499844
[5][0][1], -1.1749984, 0.050001524, 0.9750015
[5][0][2], -1.6749984, 0.72500145, 2.6500018
[6][0][0], -0.975, -0.875, -0.85
[6][0][1], -1.7, -0.65, 0.6
[6][0][2], -3.525, -1.975, 0.5500001
[7][0][0], -0.9499985, -0.6999984, -1.9749985
[7][0][1], -2.1999984, -1.4249985, -1.6249986
[7][0][2], -3.1999984, -2.9249985, -2.4749985
[8][0][0], -1.4749999, 0.42499998, 0.99999994
[8][0][1], -2.9, -0.85, 0.14999999
[8][0][2], -3.7749999, -3.125, -2.2
[9][0][0], -2.1999989, -1.6999989, -1.5749989
[9][0][1], -3.899999, -2.874999, -1.0999988
[9][0][2], -4.7999988, -4.374999, -1.9999988
[10][0][0], 0.5750004, -0.6499996, -1.2499996
[10][0][1], -1.6249996, -1.9999996, -1.3999996
[10][0][2], -1.5249996, -1.5499997, -0.3499996
[11][0][0], 3.1500006, 2.6750002, 1.1500003
[11][0][1], 0.8500003, 2.1000004, 2.0250003
[11][0][2], -0.07499963, 1.7250004, 2.3500004
[12][0][0], 0.85000074, 1.2250007, 0.25000077
[12][0][1], 0.5000007, 1.1000007, 0.5000008
[12][0][2], -1.7749991, -1.2499993, -0.8749992
[13][0][0], -0.07499844, -1.1749984, -2.5749984
[13][0][1], -0.8749985, -1.6499984, -2.3749983
[13][0][2], -1.8749985, -2.6249986, -2.9249983
[14][0][0], -2.9249988, -3.1999989, -2.6499987
[14][0][1], -4.499999, -3.7749987, -2.024999
[14][0][2], -4.199999, -3.474999, -1.7749989
[15][0][0], -0.74999845, -0.29999852, -0.47499847
[15][0][1], -4.6499987, -2.8749986, -1.1999985
[15][0][2], -4.999998, -3.0249984, -0.54999846
[16][0][0], -2.6499996, -1.4749997, -0.6999996
[16][0][1], -4.7749996, -2.4749994, -0.4249996
[16][0][2], -4.674999, -2.3249998, -0.19999962
[17][0][0], -2.6749997, -2.6749997, -2.6999998
[17][0][1], -4.5999994, -3.6249995, -2.5999994
[17][0][2], -4.625, -3.3249996, -2.0749996
[18][0][0], -4.0249996, -3.0999994, -2.3999994
[18][0][1], -6.049999, -4.774999, -3.3999991
[18][0][2], -6.9749994, -6.124999, -4.499999
[19][0][0], -4.025, -3.55, -2.55
[19][0][1], -5.75, -5.35, -3.6
[19][0][2], -6.475, -7.5, -6.0
[20][0][0], -2.8500001, -3.225, -2.625
[20][0][1], -5.275, -5.4, -4.025
[20][0][2], -5.8, -7.0249996, -5.975
[21][0][0], -1.1999992, -2.7499993, -2.749999
[21][0][1], -3.2249992, -4.5749993, -4.299999
[21][0][2], -3.2749991, -5.774999, -6.2499995
[22][0][0], -0.77499855, -0.87499857, 0.2000015
[22][0][1], -3.6749985, -3.8249984, -2.6499984
[22][0][2], -3.9749985, -5.5999985, -5.4249988
[23][0][0], -0.84999853, -1.0999985, -1.0999985
[23][0][1], -1.2999985, -1.2249985, -1.3749985
[23][0][2], -2.0249984, -2.9499984, -3.7499986
[24][0][0], -1.2249992, -1.3499992, -2.9749992
[24][0][1], -1.0749993, 0.45000076, -0.19999921
[24][0][2], -2.1749992, -1.0749992, -1.5499992
[25][0][0], -1.899998, -2.3249981, -3.399998
[25][0][1], -2.749998, -2.274998, -2.724998
[25][0][2], -3.299998, -3.3249984, -3.8499982
[26][0][0], -1.6749997, -1.6999996, -2.7999997
[26][0][1], -1.8749996, -1.7749995, -2.1249998
[26][0][2], -2.8499997, -3.8249996, -3.6749995
[27][0][0], 0.07500112, -0.24999884, -2.0499988
[27][0][1], -0.72499883, -0.29999882, -0.9749989
[27][0][2], -2.6749988, -1.9749988, -1.5749989
[28][0][0], -1.125, -0.325, 0.050000027
[28][0][1], -2.0, -1.025, -0.45000002
[28][0][2], -2.125, -1.85, -1.4750001
[29][0][0], -1.0999984, -0.3249985, 0.9500015
[29][0][1], -2.4249983, -1.3499985, 0.07500148
[29][0][2], -2.9249985, -2.1749985, -0.87499845
[30][0][0], -1.2249988, 1.1324883E-6, 1.7000011
[30][0][1], -2.774999, -1.0249989, 0.80000114
[30][0][2], -2.1249988, -1.2499988, -0.5499989
[31][0][0], -0.775, -1.0250001, 0.47500002
[31][0][1], -2.5750003, -2.5, -0.9
[31][0][2], -2.5, -3.375, -3.125
[32][0][0], -2.425, -2.2250001, -1.0749999
[32][0][1], -3.15, -2.625, -1.55
[32][0][2], -3.15, -3.65, -4.025
[33][0][0], -3.325, -2.325, -1.525
[33][0][1], -4.9750004, -3.5, -2.1000001
[33][0][2], -4.875, -4.375, -3.8000002
[34][0][0], -3.3000002, -2.4499998, -1.55
[34][0][1], -5.5, -5.0, -4.05
[34][0][2], -5.25, -6.55, -6.575
[35][0][0], -0.59999955, 0.37500045, 4.172325E-7
[35][0][1], -4.3499994, -3.6499994, -3.7749996
[35][0][2], -5.0249996, -6.399999, -7.2499995
[36][0][0], -1.6, 1.1, 1.475
[36][0][1], -4.75, -2.0, -1.125
[36][0][2], -5.475, -4.625, -4.6749997
[37][0][0], -1.325, 0.07499999, -0.17500001
[37][0][1], -2.75, -1.0250001, -1.025
[37][0][2], -4.375, -3.4750001, -3.25
[38][0][0], -1.45, -0.39999998, -0.79999995
[38][0][1], -3.6, -1.95, -1.6999999
[38][0][2], -5.575, -4.4, -3.525
[39][0][0], -3.2749991, -1.1999992, 0.45000076
[39][0][1], -3.749999, -2.3999991, -1.0749992
[39][0][2], -4.6999993, -4.5249996, -3.174999
[40][0][0], -2.1499996, -1.0499997, 0.2250004
[40][0][1], -1.7749996, -0.9249996, -0.39999962
[40][0][2], -2.9249997, -2.6999998, -2.3999996
[41][0][0], -2.1499996, -0.5249996, 0.42500037
[41][0][1], -2.8999996, -1.3999997, -0.44999963
[41][0][2], -3.6, -3.1249998, -2.3499997
[42][0][0], -0.8249993, 1.0750009, 2.3750007
[42][0][1], -1.6999993, 0.17500076, 1.1500008
[42][0][2], -2.0999994, -1.2499993, -0.74999934
[43][0][0], -1.6749997, 0.7250003, 2.3250003
[43][0][1], -1.8999996, 1.1750004, 2.5500004
[43][0][2], -2.1499996, -0.12499962, 0.62500036
[44][0][0], -2.349999, -1.6249989, -1.6999989
[44][0][1], -2.9249988, -0.8999989, 0.10000113
[44][0][2], -2.874999, -0.84999883, 0.5750011
[45][0][0], -2.0499997, -1.0749997, -0.34999955
[45][0][1], -3.0999994, -1.2749996, -0.04999961
[45][0][2], -3.3749998, -2.1749997, -1.1499996
[46][0][0], -1.2999985, -1.4999986, -1.4499985
[46][0][1], -0.14999849, 0.12500155, -0.17499846
[46][0][2], -0.14999849, -0.44999847, -1.2749985
[47][0][0], -0.27499887, 0.80000114, 0.3750012
[47][0][1], -0.37499887, 1.9750013, 1.7250011
[47][0][2], -0.27499884, 1.6000011, 0.9500011
[48][0][0], -2.3749988, -0.8999988, 0.37500113
[48][0][1], -1.3749988, 0.77500117, 1.8000011
[48][0][2], -0.27499884, 1.2000012, 1.7500012
[49][0][0], -1.0250001, -0.45000002, -0.62499994
[49][0][1], 0.67499995, 1.625, 1.2
[49][0][2], 0.84999996, 0.95000005, 0.49999997
[50][0][0], 0.82500076, 0.47500074, -0.9499992
[50][0][1], 0.87500066, 1.5500008, 0.15000075
[50][0][2], 1.6000007, 1.8250008, 0.10000077
[51][0][0], -0.9749985, -0.94999844, -0.67499834
[51][0][1], -0.6499985, 0.20000151, 0.47500148
[51][0][2], -0.6499985, -0.3249985, -0.29999846
[52][0][0], 1.7750009, 2.0000007, 0.47500086
[52][0][1], 1.2750008, 2.1500008, 0.6250007
[52][0][2], 0.72500074, 1.2750008, -0.32499924
[53][0][0], 1.3000009, 2.125001, 2.0750008
[53][0][1], 0.25000077, 1.4250008, 0.77500075
[53][0][2], -1.8499992, -0.64999926, -1.0499992
[54][0][0], 1.0728836E-6, -0.29999888, -0.97499883
[54][0][1], 1.1473894E-6, -0.024998844, -0.84999883
[54][0][2], -1.0499989, -1.0249988, -1.5499989
[55][0][0], -2.3749998, -2.5249996, -3.3749995
[55][0][1], -0.4249996, 3.837049E-7, -0.9249996
[55][0][2], 0.12500042, 0.10000038, -1.0749996
[56][0][0], -2.7250001, -2.025, -2.8250003
[56][0][1], -1.85, -0.925, -1.75
[56][0][2], -0.975, -0.65, -1.475
[57][0][0], -3.349999, -2.499999, -1.5749987
[57][0][1], -3.8249989, -2.2999988, -1.1499989
[57][0][2], -3.1499987, -2.124999, -1.3249989
[58][0][0], 1.4250007, 0.4750008, 0.32500088
[58][0][1], -1.6999992, -1.8249992, -1.5499992
[58][0][2], -1.9999992, -2.199999, -1.9249992
[59][0][0], 0.97500044, 1.7500005, 2.3500004
[59][0][1], -0.6749996, 0.47500038, 0.77500033
[59][0][2], -1.1999996, -0.49999964, -0.5499996
[60][0][0], -3.4249988, -2.2999988, -0.34999883
[60][0][1], -3.9499989, -1.2999989, 1.5500011
[60][0][2], -3.4999988, -0.49999884, 2.125001
[61][0][0], -2.0999997, 0.3250004, 1.8750002
[61][0][1], -2.9249997, -0.1749996, 1.0500004
[61][0][2], -3.0999994, -1.0999997, -0.42499962
[62][0][0], 0.2000007, 1.0250008, 1.4250008
[62][0][1], -3.4499993, -1.3749993, -0.49999923
[62][0][2], -4.6249995, -3.1499991, -2.3999991
[63][0][0], -0.425, 1.55, 1.65
[63][0][1], -0.95, 1.175, 0.92499995
[63][0][2], -2.225, -1.4250001, -1.7750001
[64][0][0], -0.97499883, 0.57500124, 1.0430813E-6
[64][0][1], -3.1249986, -0.24999884, -0.024998873
[64][0][2], -4.1749988, -1.1999989, -0.59999883
[65][0][0], -0.84999925, -0.22499919, -0.49999923
[65][0][1], -2.3999991, -0.92499924, -0.8249992
[65][0][2], -3.5249991, -1.7249992, -0.9749992
[66][0][0], -0.2999996, 0.30000043, 0.45000035
[66][0][1], -0.24999961, 1.0250003, 1.0750004
[66][0][2], -1.9499996, -0.6499996, 0.025000378
[67][0][0], 0.27500036, 0.5000003, -0.9499996
[67][0][1], 3.874302E-7, 0.9250005, -0.09999961
[67][0][2], -0.024999619, 1.0000004, 0.42500037
[68][0][0], 0.27500188, -0.3749981, -1.424998
[68][0][1], -0.12499812, 1.937151E-6, -1.049998
[68][0][2], -0.5749981, -0.1749981, -0.9749981
[69][0][0], -0.5, 5.9604645E-8, -0.59999996
[69][0][1], -0.75, 0.85, 0.525
[69][0][2], -1.9250001, -0.25, -0.20000002
[70][0][0], -1.8249992, -0.22499919, 0.60000074
[70][0][1], -2.4499993, -0.2999992, 1.0750008
[70][0][2], -2.2249992, -1.0249993, 0.07500076
[71][0][0], -2.2999983, -0.6249985, 1.2750015
[71][0][1], -2.2749987, 0.6000015, 2.7250013
[71][0][2], -1.5749985, 0.85000145, 2.6500015
[72][0][0], -3.3999996, -1.8499995, 0.25000033
[72][0][1], -2.6249995, 0.025000364, 2.4250004
[72][0][2], -0.7749996, 1.1250004, 2.65
[73][0][0], -3.025, -2.4500003, -0.625
[73][0][1], -3.8750002, -1.8499999, 0.475
[73][0][2], -2.3500001, -0.575, 1.1999999
[74][0][0], -1.1749991, -1.2499994, 0.0750007
[74][0][1], -2.2749991, -1.1749992, 0.42500076
[74][0][2], -0.8749992, -0.3249992, 0.2500008
[75][0][0], -1.3749985, 1.4000015, 2.9250016
[75][0][1], -1.9999986, 1.2000015, 2.6750016
[75][0][2], -1.1249985, 0.27500156, 0.4750015
[76][0][0], -0.9749996, 0.7250003, 1.1000004
[76][0][1], -1.6999996, 0.6000004, 1.0000004
[76][0][2], -1.3999996, -0.22499962, -0.47499964
[77][0][0], 0.7749999, 1.0749999, 0.575
[77][0][1], -0.14999999, 0.27500004, 0.15
[77][0][2], 0.8000001, -0.024999976, -0.75
[78][0][0], 0.9, 1.375, 0.5750001
[78][0][1], 0.925, 1.0250001, 0.24999999
[78][0][2], 2.75, 0.99999994, -0.65
[79][0][0], 2.4499998, 4.125, 3.65
[79][0][1], 3.025, 3.6, 1.825
[79][0][2], 3.225, 1.075, -1.65
[80][0][0], 2.8000004, 3.9500003, 2.5500004
[80][0][1], 3.025, 4.6000004, 3.2250004
[80][0][2], 1.8750005, 1.7500004, 0.47500038
[81][0][0], -0.525, -0.42499998, -2.075
[81][0][1], 1.325, 1.8, 0.25
[81][0][2], 1.075, 0.3, -1.45
[82][0][0], -1.9249996, -3.1999996, -4.3999996
[82][0][1], -0.9749996, -0.8749996, -1.4499996
[82][0][2], -1.5499997, -1.3249996, -1.5249996
[83][0][0], -1.1499989, -1.6499989, -2.9499989
[83][0][1], -0.94999886, -0.57499886, -1.2499988
[83][0][2], -1.9749987, -1.7249988, -1.8999989
[84][0][0], -3.0749984, -1.5249984, -0.84999853
[84][0][1], -2.6249986, -0.6999985, 0.22500151
[84][0][2], -1.9999985, -1.0749985, -0.7749985
[85][0][0], -4.999999, -3.3499985, -1.7749989
[85][0][1], -4.849999, -2.6999989, -0.17499885
[85][0][2], -3.174999, -2.4249988, -0.57499886
[86][0][0], -2.274999, -0.39999884, 0.32500115
[86][0][1], -5.049999, -1.8749989, 0.4000011
[86][0][2], -3.9999986, -1.9249989, 0.12500113
[87][0][0], -1.4249988, 0.1750012, 0.90000117
[87][0][1], -3.099999, -0.82499886, 0.77500117
[87][0][2], -2.4499989, -1.2499988, 0.25000116
[88][0][0], 0.925, 2.825, 3.15
[88][0][1], -1.65, 1.2749999, 2.075
[88][0][2], -1.125, 0.50000006, 0.90000004
[89][0][0], -0.04999882, 1.0750011, 0.8750012
[89][0][1], -2.1249988, 0.15000115, 1.0750012
[89][0][2], -1.3749988, 0.10000117, 1.0500011
[90][0][0], -0.9249988, 1.0000011, 1.6500012
[90][0][1], -2.474999, 0.65000117, 1.8000011
[90][0][2], -1.7749988, 0.8250011, 1.5000012
[91][0][0], -0.4749989, 0.8250012, 0.7250011
[91][0][1], -1.8249987, 0.60000116, 1.0750011
[91][0][2], -1.5749989, 0.4000011, 0.7000012
[92][0][0], -1.4749999, -0.5749999, 0.099999994
[92][0][1], -1.5500001, -0.5500001, 0.17500001
[92][0][2], -0.79999995, -0.75, -0.47499996
[93][0][0], -0.8, 0.70000005, 1.8249999
[93][0][1], -1.3, -0.05000007, 0.5
[93][0][2], -2.125, -1.7749999, -1.7500001
[94][0][0], -0.4249996, 0.20000042, 1.1500003
[94][0][1], -0.59999967, 0.15000042, 1.5000005
[94][0][2], -1.6749996, -1.3499995, 0.12500039
[95][0][0], 0.22500071, 1.5000008, 1.0250008
[95][0][1], 1.7750008, 4.100001, 3.6750007
[95][0][2], 1.7000008, 3.1000009, 2.1750007
[96][0][0], 1.9, 0.825, -1.325
[96][0][1], 4.0, 3.775, 1.85
[96][0][2], 4.15, 4.05, 2.6
[97][0][0], 2.6250014, 1.7250015, 0.20000155
[97][0][1], 4.4750013, 4.0750017, 2.5750015
[97][0][2], 4.6250014, 4.4250016, 3.4250016
[98][0][0], 1.6500008, -0.12499926, -1.3249992
[98][0][1], 2.3000007, 2.3000007, 2.0250008
[98][0][2], 2.7500007, 3.9250007, 4.025001
[99][0][0], 1.6500008, 0.52500075, -0.52499926
[99][0][1], 3.3250008, 3.3500009, 2.4250007
[99][0][2], 3.8750007, 5.075001, 4.875001
[100][0][0], 1.6750011, 0.5500011, -0.82499886
[100][0][1], 1.3000011, 1.3000011, 1.025001
[100][0][2], 1.2500012, 1.5500011, 2.2250013
[101][0][0], 1.3500012, 0.2750011, -1.9249988
[101][0][1], 0.8250011, 0.20000115, -1.1499989
[101][0][2], 1.2500012, 0.6250012, -0.47499886
[102][0][0], 1.1750011, 0.52500117, -0.49999887
[102][0][1], 2.3250012, 1.3750011, -0.22499889
[102][0][2], 1.7000012, 0.37500113, -1.0749989
[103][0][0], 0.5250004, -0.74999964, -1.4499997
[103][0][1], 3.0250003, 1.9500003, 0.62500036
[103][0][2], 3.4500003, 2.4250004, 1.0000004
[104][0][0], 0.37500116, -2.1249988, -3.099999
[104][0][1], 1.7500012, 0.32500112, -0.22499885
[104][0][2], 3.100001, 2.650001, 2.7500012
[105][0][0], -2.5249987, -2.999999, -3.049999
[105][0][1], 0.27500117, 1.6500012, 2.2000012
[105][0][2], 2.475001, 4.150001, 4.750001
[106][0][0], -2.0249982, -2.5249982, -2.6499982
[106][0][1], -0.3749981, 0.25000194, 0.60000193
[106][0][2], 0.8250019, 2.375002, 3.0750017
[107][0][0], -1.9249982, -3.749998, -5.0749984
[107][0][1], 0.800002, 0.5750019, 0.4500019
[107][0][2], 2.525002, 2.7000022, 2.8500018
[108][0][0], -3.4749992, -3.8749993, -3.8249993
[108][0][1], -1.8499992, -0.67499924, 0.07500074
[108][0][2], 0.025000751, 1.4250007, 2.2000008
[109][0][0], -1.625, -2.6999998, -2.4499998
[109][0][1], -1.0, -0.87500006, -0.19999999
[109][0][2], 1.325, 1.45, 1.575
[110][0][0], -1.9499999, -2.2, -2.425
[110][0][1], -1.15, 0.725, 0.90000004
[110][0][2], 0.40000004, 2.5500002, 2.35
[111][0][0], -1.3499997, -0.67499954, -0.74999964
[111][0][1], -2.2249997, -0.1749996, 1.1000004
[111][0][2], -1.4749997, 0.8250004, 2.6250005
[112][0][0], -2.8249993, -2.3499994, -0.54999924
[112][0][1], -3.3999991, -1.2249993, 2.0500007
[112][0][2], -2.6249993, -0.19999921, 3.0500007
[113][0][0], -0.22499932, -0.54999924, -0.2749991
[113][0][1], -0.8249992, 0.02500078, 1.1750008
[113][0][2], 0.10000074, 0.82500076, 1.8250008
[114][0][0], -1.0999993, -0.27499923, 1.2500007
[114][0][1], -0.09999923, 1.3750007, 2.7000008
[114][0][2], 0.6250007, 1.5250008, 2.2000008
[115][0][0], -0.17499956, -0.19999962, -0.14999962
[115][0][1], 2.5500004, 3.2500005, 2.9500003
[115][0][2], 3.7500002, 3.9750004, 3.2750006
[116][0][0], 2.6500015, 3.0750015, 1.5750016
[116][0][1], 3.3250017, 3.6250014, 2.1250014
[116][0][2], 2.1750016, 1.7250016, 0.7000015
[117][0][0], 1.5750008, 0.70000076, 0.40000075
[117][0][1], 2.775001, 2.1000009, 1.3250009
[117][0][2], 1.8750007, 1.4750009, 1.2250009
[118][0][0], 0.8, -2.25, -3.875
[118][0][1], 3.35, 0.9, -0.024999999
[118][0][2], 3.4499998, 1.575, 1.2750001
[119][0][0], -1.2249981, -4.624998, -6.449998
[119][0][1], 1.7250019, -0.92499804, -2.099998
[119][0][2], 2.8000019, 0.9000019, 0.52500194
[120][0][0], 0.15, -1.95, -3.3000002
[120][0][1], 2.225, -0.024999982, -1.5999999
[120][0][2], 3.275, 1.375, 0.6750001
[121][0][0], -1.1999999, -2.9499998, -3.375
[121][0][1], 1.425, -0.050000012, -0.625
[121][0][2], 1.825, 0.54999995, 0.525
[122][0][0], -0.3499984, -2.5749984, -3.8749986
[122][0][1], 0.4750015, -0.5499984, -0.7749984
[122][0][2], 1.8250015, 1.2000015, 1.4750016
[123][0][0], 0.025000334, -2.5249996, -3.475
[123][0][1], -0.27499956, -1.0499996, -0.4499996
[123][0][2], -0.6999996, -0.12499961, 1.6000004
[124][0][0], -0.27500007, -3.0, -4.3
[124][0][1], 0.57500005, -0.52500004, -1.0
[124][0][2], 0.100000024, 0.85, 1.45
[125][0][0], 0.7000011, -1.6249988, -3.1249988
[125][0][1], 1.6250012, 0.17500117, -0.7499989
[125][0][2], 0.67500114, 0.6000011, 0.67500114
[126][0][0], -1.0999992, -3.0499992, -2.2499993
[126][0][1], 1.4250007, 0.07500079, 0.45000076
[126][0][2], 1.4000007, 0.30000076, 0.15000078
[127][0][0], -1.875, -6.2, -7.9249997
[127][0][1], -0.75, -3.5749998, -4.125
[127][0][2], 0.425, -0.95000005, -1.075
[128][0][0], -2.0999994, -4.5499997, -5.9249997
[128][0][1], -0.94999963, -2.5749998, -3.1
[128][0][2], -0.87499964, -1.3249996, -1.0499996
[129][0][0], -1.7999985, -5.499998, -7.5999985
[129][0][1], -0.99999845, -2.7999985, -3.2999985
[129][0][2], -0.07499847, -0.3249985, -0.024998492
[130][0][0], 0.6500015, -2.0499985, -3.6499984
[130][0][1], 0.1500015, -1.5499985, -2.5249987
[130][0][2], -0.07499847, -0.62499845, -1.0999985
[131][0][0], -0.6749996, -1.5749995, -1.1499996
[131][0][1], -0.024999619, -0.0749996, 0.22500035
[131][0][2], 0.65000033, 1.1000004, 1.0250003
[132][0][0], -0.1999988, -0.5999988, -0.44999886
[132][0][1], 0.10000116, 0.92500114, 1.4500011
[132][0][2], 0.6250012, 1.6500012, 1.9000012
[133][0][0], 0.3250008, 0.22500074, 0.22500077
[133][0][1], 0.80000067, 1.5250008, 1.7250009
[133][0][2], 0.9500007, 1.9750006, 2.3000007
[134][0][0], 2.1500003, 1.6750004, 0.90000033
[134][0][1], 2.9500003, 3.5000002, 2.7500005
[134][0][2], 2.5000005, 3.2000003, 2.7500005
[135][0][0], 1.475, 2.4, 2.25
[135][0][1], 2.925, 4.475, 4.225
[135][0][2], 2.6, 3.575, 2.975
[136][0][0], 1.4250003, 2.8750005, 3.525
[136][0][1], 3.0750003, 4.6500006, 4.4750004
[136][0][2], 2.9000003, 4.1000004, 3.3000004
[137][0][0], 1.55, 2.55, 2.075
[137][0][1], 4.0, 4.8, 3.3000002
[137][0][2], 3.45, 4.0, 2.55
[138][0][0], -0.775, -2.0, -2.675
[138][0][1], 3.3250003, 3.0500002, 2.0249999
[138][0][2], 4.925, 5.0750003, 3.85
[139][0][0], -0.9749984, -3.0749984, -3.2499983
[139][0][1], 2.4500017, 1.5500016, 1.2750015
[139][0][2], 3.9750016, 4.9000015, 5.3500013
[140][0][0], 1.6000001, -0.95000017, -2.4499998
[140][0][1], 3.6750002, 2.375, 1.275
[140][0][2], 4.55, 4.7, 4.375
[141][0][0], -0.9, -2.725, -3.3000002
[141][0][1], 1.05, -0.12499998, -0.225
[141][0][2], 1.075, 1.2750001, 2.65
[142][0][0], -1.4249988, -5.199999, -6.7249985
[142][0][1], 1.6000011, -0.72499883, -1.3499987
[142][0][2], 3.000001, 2.6250012, 3.100001
[143][0][0], -0.44999993, -4.7749996, -7.0250006
[143][0][1], 0.92499995, -1.95, -2.5749998
[143][0][2], 2.2, 1.55, 2.8000002
[144][0][0], -2.25, -4.5249996, -4.775
[144][0][1], -0.47499993, -1.85, -1.0999999
[144][0][2], 1.95, 1.725, 3.3999999
[145][0][0], 0.10000072, -1.7499994, -1.8249993
[145][0][1], 2.4250007, 1.8250008, 2.4250007
[145][0][2], 2.775001, 3.7000008, 5.4250007
[146][0][0], -0.40000004, -3.225, -3.75
[146][0][1], 1.2, -0.625, -0.35
[146][0][2], 0.45000002, 0.42499998, 2.3500001
[147][0][0], 1.4749999, -1.575, -2.8500001
[147][0][1], -1.7499999, -3.3499997, -1.35
[147][0][2], -5.4, -3.9499998, 2.775
[148][0][0], 0.14999998, -0.34999996, 2.125
[148][0][1], -3.8999999, -2.875, 3.05
[148][0][2], -6.6, -3.8249998, 5.625
[149][0][0], -2.0249982, -3.574998, -1.549998
[149][0][1], -3.3249981, -3.999998, -0.27499813
[149][0][2], -2.174998, -1.6249981, 3.2000017
[150][0][0], 2.0500011, 2.325001, 3.0000012
[150][0][1], 1.0250012, 2.150001, 3.7750013
[150][0][2], 0.22500111, 2.325001, 5.175001
[151][0][0], 1.9500016, 2.6750016, 3.5250015
[151][0][1], -0.4749984, 0.4250015, 1.8500015
[151][0][2], -2.1249983, -0.7249985, 2.1750016
[152][0][0], 0.37500113, 1.0500011, 2.5500011
[152][0][1], -1.0499989, -1.0249989, -0.04999882
[152][0][2], -1.1749988, -1.4999989, -0.24999887
[153][0][0], 1.4250015, 0.47500157, 0.9750016
[153][0][1], 0.55000156, 0.025001496, 0.22500154
[153][0][2], 0.07500154, 0.07500151, 0.22500151
[154][0][0], 2.675, 1.8249999, 1.4499999
[154][0][1], 0.4, -0.099999994, 0.52500004
[154][0][2], -0.5, 0.42499995, 2.275
[155][0][0], 0.05000037, -0.049999624, 0.45000032
[155][0][1], -1.2999997, -1.3749996, -0.44999954
[155][0][2], -1.8999996, -1.1499996, 0.9500004
[156][0][0], -1.2249999, -2.0500002, -1.9
[156][0][1], -0.050000012, -0.84999996, -0.425
[156][0][2], -0.65, -0.9499999, 0.15
[157][0][0], -1.6999999, -4.175, -5.125
[157][0][1], 0.45000002, -0.7749999, -1.1250001
[157][0][2], 0.12499997, 0.29999998, 0.90000004
[158][0][0], -1.375, -4.0750003, -5.825
[158][0][1], 0.075, -0.9499999, -1.35
[158][0][2], -0.425, -0.050000012, 0.675
[159][0][0], 0.37499997, -4.15, -8.525
[159][0][1], 1.9, -0.6499999, -3.4250002
[159][0][2], 1.35, 1.125, 0.7
[160][0][0], 1.3499999, -1.5999999, -4.6749997
[160][0][1], 2.3500001, 0.65, -1.5999999
[160][0][2], 1.9749999, 2.075, 1.475
[161][0][0], 1.2500002, -0.44999966, -1.1999996
[161][0][1], 2.3750002, 0.75000036, -0.12499964
[161][0][2], 1.9750004, 1.7750003, 1.8000004
[162][0][0], 2.025002, 1.550002, 0.9500019
[162][0][1], 3.375002, 2.7750018, 1.675002
[162][0][2], 3.2000017, 2.9750018, 2.025002
[163][0][0], 2.2750018, 2.4500015, 1.5000014
[163][0][1], 2.6500015, 2.5000014, 1.6750015
[163][0][2], 2.1250014, 1.8500015, 1.5250015
[164][0][0], 1.7250011, 2.9500012, 3.1750011
[164][0][1], 1.5750011, 2.6750011, 3.2500012
[164][0][2], 1.0000012, 1.7250011, 2.850001
[165][0][0], 2.725, 3.3249998, 4.425
[165][0][1], 1.975, 2.8249998, 4.55
[165][0][2], 1.075, 1.9499999, 4.4
[166][0][0], 2.0250006, 1.3750008, 3.1000009
[166][0][1], 0.8000007, 1.3000008, 4.575001
[166][0][2], -0.34999925, 0.97500074, 5.375001
[167][0][0], 0.7250004, 0.6750003, 3.15
[167][0][1], -1.8499997, 0.27500033, 5.675
[167][0][2], -3.6249995, 0.025000393, 7.2000003
[168][0][0], -0.09999994, 1.175, 5.425
[168][0][1], -2.525, -0.54999995, 5.45
[168][0][2], -3.8749998, -1.25, 5.675
[169][0][0], 2.150001, 3.0500011, 6.200001
[169][0][1], 2.1750011, 3.725001, 7.400001
[169][0][2], 1.4000012, 3.1750011, 7.3000016
[170][0][0], 0.85000074, 1.3000008, 3.1750007
[170][0][1], 2.5750008, 4.1500006, 6.100001
[170][0][2], 2.0250008, 4.000001, 5.700001
[171][0][0], 2.3, 0.95, -0.15
[171][0][1], 2.3, 2.975, 3.5749998
[171][0][2], 0.47500002, 2.725, 4.6
[172][0][0], 4.8, 4.1, 2.25
[172][0][1], 4.225, 4.45, 3.7
[172][0][2], 1.25, 2.5, 3.6750002
[173][0][0], 3.875, 4.125, 4.4750004
[173][0][1], 3.7999997, 4.325, 4.9
[173][0][2], 0.9, 2.125, 4.15
[174][0][0], 3.5749998, 2.9, 3.3000002
[174][0][1], 3.3999999, 4.0, 5.75
[174][0][2], -0.125, 2.0, 5.95
[175][0][0], 3.9750016, 2.8250017, 2.5250015
[175][0][1], 3.5750017, 4.6000013, 6.4750013
[175][0][2], 0.42500153, 3.7250013, 8.250002
[176][0][0], 3.9750018, 3.250002, 2.6500018
[176][0][1], 5.6750016, 6.875002, 7.2000017
[176][0][2], 3.625002, 7.2250023, 9.400002
[177][0][0], 2.75, 2.6, 2.875
[177][0][1], 3.85, 5.375, 6.625
[177][0][2], 1.3249999, 3.9250002, 6.45
[178][0][0], 1.1500007, 0.7250008, 1.4000008
[178][0][1], -0.29999927, 1.6250007, 4.350001
[178][0][2], -3.0749993, 0.3500007, 4.5250006
[179][0][0], 2.4250011, 2.100001, 2.250001
[179][0][1], -1.9749988, 0.27500117, 4.2000012
[179][0][2], -6.449999, -2.1999989, 4.775001
[180][0][0], 3.7000003, 4.0250006, 3.9000006
[180][0][1], -0.07499963, 2.8250003, 5.475
[180][0][2], -5.1499996, 0.32500038, 6.525
[181][0][0], 4.175, 3.2750003, 2.7250004
[181][0][1], 2.9000006, 4.425, 5.8500004
[181][0][2], -1.4749997, 2.6750002, 7.2000003
[182][0][0], 4.6, 3.875, 4.075
[182][0][1], 3.25, 4.275, 6.475
[182][0][2], -0.375, 3.0749998, 7.95
[183][0][0], 5.1249995, 4.1, 4.25
[183][0][1], 3.25, 3.875, 5.875
[183][0][2], -0.47500008, 2.3, 6.625
[184][0][0], 3.2250001, 2.7, 3.6249998
[184][0][1], 1.95, 3.125, 5.525
[184][0][2], -0.8500001, 1.9749999, 5.875
[185][0][0], 0.97500116, -1.1999989, -2.099999
[185][0][1], 0.6250011, 1.3250012, 3.4000013
[185][0][2], -1.8999988, 1.0500011, 5.5750012
[186][0][0], 0.9250001, -0.8250001, -1.975
[186][0][1], 0.24999994, 1.4, 3.125
[186][0][2], -1.95, 1.6500001, 5.85
[187][0][0], 1.825, 0.79999995, -0.07499993
[187][0][1], 0.4, 2.525, 4.775
[187][0][2], -2.2250001, 2.625, 7.575
[188][0][0], 0.20000108, 0.2500011, 0.80000114
[188][0][1], -1.2999988, 2.4500012, 6.4750013
[188][0][2], -2.824999, 3.8750012, 10.400002
[189][0][0], 2.4750018, 2.900002, 2.8500018
[189][0][1], 0.2500019, 4.0250015, 6.8500023
[189][0][2], -1.1749982, 5.300002, 10.300001
[190][0][0], 0.52500033, 1.3000004, 1.9000005
[190][0][1], -0.5499996, 3.7000003, 6.1000004
[190][0][2], -1.3749996, 5.6500006, 9.25
[191][0][0], 2.0000005, 0.90000033, -0.44999963
[191][0][1], 1.9250004, 2.6250005, 2.0750005
[191][0][2], 1.4000003, 4.3250003, 5.0750003
[192][0][0], 2.3000016, 0.42500147, -1.2499985
[192][0][1], 2.0750015, 1.0250015, 0.025001504
[192][0][2], 0.12500155, 0.50000155, 0.9250015
[193][0][0], 3.9750009, -0.22499919, -2.0499992
[193][0][1], 2.2500007, -0.8499992, -0.09999922
[193][0][2], -0.8749993, -1.5499992, 2.3750007
[194][0][0], 1.3249999, -0.9000002, 0.25000012
[194][0][1], -0.84999996, -0.22499996, 4.025
[194][0][2], -2.9249997, 0.525, 6.975
[195][0][0], -0.14999923, 0.6000008, 2.5750008
[195][0][1], 0.5250008, 3.2250006, 5.8000007
[195][0][2], 0.95000076, 5.2250004, 7.9500003
[196][0][0], 2.8500009, 3.3500006, 1.9750007
[196][0][1], 5.6500006, 7.475001, 5.725001
[196][0][2], 5.9000006, 8.400001, 7.1750007
[197][0][0], 4.625001, 2.5000007, -0.42499918
[197][0][1], 7.5250006, 6.125001, 2.5250008
[197][0][2], 7.4250007, 7.000001, 4.1750007
[198][0][0], 2.4000003, -0.6999996, -2.3249996
[198][0][1], 2.9500005, 0.3500004, -0.8249996
[198][0][2], 1.9750005, 1.3250003, 1.2250004
[199][0][0], 0.10000114, -0.57499886, -0.37499896
[199][0][1], -0.7999989, -0.7749988, 0.3500011
[199][0][2], -1.8249987, -0.44999886, 1.650001
[200][0][0], 1.7000009, 2.0250008, 1.6250007
[200][0][1], -0.44999927, 0.8750007, 1.7000008
[200][0][2], -1.5249993, 1.2000008, 3.0750008
[201][0][0], 0.85000116, 1.4000012, 0.55000114
[201][0][1], 0.6500011, 1.0000012, 0.32500112
[201][0][2], 1.0500011, 2.025001, 1.8250012
[202][0][0], 2.5749998, 2.95, 1.125
[202][0][1], 1.225, 1.45, -0.14999999
[202][0][2], -0.55, 0.5, 0.1
[203][0][0], 2.9750016, 2.5250015, 1.0500016
[203][0][1], 0.55000156, 0.07500154, -1.1749985
[203][0][2], -2.3749986, -2.0249984, -1.7499985
[204][0][0], 1.9750011, 1.6750011, 0.92500114
[204][0][1], -1.7499988, -1.5499989, -0.39999884
[204][0][2], -4.7749987, -3.0749989, 0.70000106
[205][0][0], 0.32499987, 0.025000185, 0.55
[205][0][1], -2.025, 0.625, 4.025
[205][0][2], -3.675, 2.0, 8.275
[206][0][0], 3.2, 3.3249998, 3.0750003
[206][0][1], 4.775, 6.625, 7.3
[206][0][2], 4.275, 7.7999997, 9.825001
[207][0][0], 3.0000005, 2.9500003, 2.9000003
[207][0][1], 3.8750005, 3.8500004, 4.2250004
[207][0][2], 2.3750002, 3.1000006, 4.6500006
[208][0][0], 3.6750007, 4.0000005, 2.9000008
[208][0][1], 2.1000009, 2.8500006, 3.1750007
[208][0][2], -0.17499927, 0.8750008, 2.8750007
[209][0][0], 2.95, 2.575, 1.5250001
[209][0][1], 2.275, 3.625, 4.375
[209][0][2], 0.70000005, 3.5, 5.95
[210][0][0], 2.3750002, 1.3, 1.325
[210][0][1], 1.875, 3.475, 5.1000004
[210][0][2], 0.14999998, 4.25, 7.65
[211][0][0], 0.8250001, -0.8, 0.42499998
[211][0][1], 0.42499995, 1.025, 3.3999999
[211][0][2], -0.59999996, 2.0, 5.125
[212][0][0], 0.29999992, 0.074999906, 1.5249999
[212][0][1], 0.25000006, 1.525, 3.6750002
[212][0][2], -0.65, 1.7750001, 4.375
[213][0][0], 1.5749999, 2.775, 4.2
[213][0][1], 0.37500003, 3.0500002, 5.35
[213][0][2], -0.47500002, 3.05, 6.025
[214][0][0], 3.6000001, 4.325, 4.7749996
[214][0][1], 3.25, 5.5249996, 6.65
[214][0][2], 2.8, 5.75, 7.3
[215][0][0], 3.6499999, 3.775, 3.45
[215][0][1], 2.975, 3.425, 3.8500001
[215][0][2], 2.05, 2.425, 3.1
[216][0][0], 4.125, 3.9250002, 2.6000001
[216][0][1], 2.8749998, 3.025, 2.375
[216][0][2], 1.55, 2.475, 2.75
[217][0][0], 1.2750001, 2.15, 1.825
[217][0][1], -0.625, 0.7, 0.82500005
[217][0][2], -1.6000001, -0.175, 0.3
[218][0][0], 1.6000009, 2.7000008, 2.9750009
[218][0][1], -1.2249993, 0.15000078, 1.7750007
[218][0][2], -1.8499993, -0.64999926, 1.4250008
[219][0][0], 2.6000009, 3.7250006, 3.425001
[219][0][1], 1.2500007, 3.1000006, 4.2250004
[219][0][2], 1.8750008, 3.550001, 4.9000006
[220][0][0], 2.575, 2.2, 2.0249999
[220][0][1], 3.725, 4.1, 4.125
[220][0][2], 3.525, 3.975, 3.95
[221][0][0], 2.425, 2.6999998, 2.9250002
[221][0][1], 4.025, 4.55, 4.2250004
[221][0][2], 3.2500002, 3.7000003, 3.1999998
[222][0][0], 2.2749999, 3.7, 3.65
[222][0][1], 2.225, 3.9499998, 3.8
[222][0][2], 1.125, 2.525, 2.3249998
[223][0][0], 0.225, 2.775, 3.3500001
[223][0][1], 0.29999998, 3.4, 4.0499997
[223][0][2], -0.27500004, 2.775, 3.45
[224][0][0], 4.8, 4.65, 3.2
[224][0][1], 5.125, 5.575, 4.475
[224][0][2], 3.825, 5.975, 6.25
[225][0][0], 3.85, 3.75, 2.825
[225][0][1], 4.575, 4.8250003, 4.075
[225][0][2], 3.125, 5.225, 5.9
[226][0][0], 2.9250002, 2.35, 1.0999999
[226][0][1], 4.475, 4.525, 2.85
[226][0][2], 4.15, 5.7999997, 4.525
[227][0][0], 3.025, 1.225, 0.50000006
[227][0][1], 3.125, 1.8, 1.0999999
[227][0][2], 3.0249999, 3.025, 2.725
[228][0][0], 1.25, 0.42499992, 0.5500001
[228][0][1], 1.5, 0.975, 1.825
[228][0][2], 2.1, 3.3000002, 5.2250004
[229][0][0], 2.125, 0.9749999, 0.525
[229][0][1], 3.925, 4.4, 4.95
[229][0][2], 3.9, 7.2000003, 9.375
[230][0][0], 3.05, 2.7, 2.625
[230][0][1], 4.575, 6.55, 7.2250004
[230][0][2], 4.7, 9.75, 11.725
[231][0][0], 3.175, 1.85, 2.1750002
[231][0][1], 3.6999998, 4.525, 5.875
[231][0][2], 3.1, 6.1, 8.4
[232][0][0], 2.2, 0.95000005, 2.575
[232][0][1], 1.6750001, 2.4, 5.35
[232][0][2], 0.024999976, 3.0500002, 6.75
[233][0][0], 2.8250005, 2.7750006, 3.7250004
[233][0][1], 0.1500004, 1.7000003, 4.8000007
[233][0][2], -2.5999997, 0.8250004, 5.5
[234][0][0], 2.7750013, 2.4250011, 3.0000014
[234][0][1], 1.1250012, 2.475001, 4.9500012
[234][0][2], -0.49999893, 1.9500012, 5.8250012
[235][0][0], 1.9499999, 1.525, 1.1750001
[235][0][1], 2.45, 3.775, 4.15
[235][0][2], 1.9000001, 4.9, 5.825
[236][0][0], 3.2750003, 1.0750004, 0.075000435
[236][0][1], 0.32500035, 0.27500033, 1.0500004
[236][0][2], -1.9499997, 0.40000033, 2.5750003
[237][0][0], 1.9000008, -0.37499923, 0.37500072
[237][0][1], -0.12499924, 0.4500007, 2.9250007
[237][0][2], -2.0499992, 2.000001, 6.125001
[238][0][0], 1.375, 0.725, 2.0
[238][0][1], 1.825, 2.9, 4.2
[238][0][2], 1.45, 5.15, 7.025
[239][0][0], 3.15, 2.925, 2.725
[239][0][1], 4.4750004, 6.175, 6.2
[239][0][2], 5.1000004, 8.35, 8.275
[240][0][0], 4.95, 3.6, 2.725
[240][0][1], 6.875, 5.675, 3.4249997
[240][0][2], 7.7999997, 7.35, 4.3999996
[241][0][0], 3.4750006, 0.6750007, -1.1499993
[241][0][1], 5.075001, 2.3750007, -0.3999992
[241][0][2], 4.500001, 2.9500008, 0.6500008
[242][0][0], 3.45, -0.12500004, -2.675
[242][0][1], 3.575, 1.35, -0.975
[242][0][2], 2.05, 2.5, 1.425
[243][0][0], 2.0, -2.025, -3.0
[243][0][1], 0.25, -2.2, -1.8
[243][0][2], -1.775, -1.375, 0.975
[244][0][0], 0.025000423, -3.2249997, -3.0249996
[244][0][1], -1.3249997, -1.5749996, 0.57500035
[244][0][2], -1.0499996, 1.9250004, 6.0
[245][0][0], 0.5750008, -3.699999, -4.874999
[245][0][1], 1.9500008, 0.40000078, 0.52500075
[245][0][2], 3.1500006, 5.0250006, 6.925
[246][0][0], 1.5, -1.2249999, -1.125
[246][0][1], 4.025, 2.45, 2.55
[246][0][2], 4.95, 5.0, 5.725
[247][0][0], 1.6250007, -2.1749992, -2.6499991
[247][0][1], 2.9250007, 7.5250864E-7, 0.10000076
[247][0][2], 2.9000008, 2.0250008, 3.0250008
[248][0][0], 1.8750002, -0.8749996, -1.3749995
[248][0][1], 2.5000005, -0.024999624, -0.52499956
[248][0][2], 2.2500005, 1.5000005, 1.7500002
[249][0][0], 0.70000035, 3.3341348E-7, 0.30000034
[249][0][1], 0.85000044, 1.3500004, 2.1750004
[249][0][2], 0.30000037, 2.3750005, 3.5250003
[250][0][0], 0.90000033, 2.3250003, 2.2250004
[250][0][1], 1.2250004, 2.9000003, 2.4
[250][0][2], 0.9250004, 3.0250006, 2.5500004
[251][0][0], 0.52500004, 1.2, 1.1750001
[251][0][1], 0.9499999, 2.2, 2.075
[251][0][2], 1.175, 2.725, 2.25
[252][0][0], 0.6, 1.6, 1.65
[252][0][1], -0.6, 1.25, 1.65
[252][0][2], -0.87499994, 1.375, 1.875
[253][0][0], 2.4000003, 2.1250005, 0.65000045
[253][0][1], 1.7000003, 2.4000006, 1.7750003
[253][0][2], 0.5750004, 2.0500004, 2.2500005
[254][0][0], 0.17499998, -0.54999995, -1.6499999
[254][0][1], -0.10000002, 0.5, 0.29999995
[254][0][2], -0.375, 2.25, 3.475
[255][0][0], -0.85, -2.025, -2.525
[255][0][1], 0.7, 0.875, 0.37499997
[255][0][2], 2.975, 4.6749997, 4.225
[256][0][0], 0.975, 0.275, -0.975
[256][0][1], 2.6, 3.0, 1.55
[256][0][2], 4.425, 5.75, 4.375
[257][0][0], 1.1750001, 0.6000001, -0.8750001
[257][0][1], 0.525, 1.1750001, 1.025
[257][0][2], 2.1999998, 3.6249998, 4.2
[258][0][0], -1.45, -1.5, -0.29999995
[258][0][1], -0.099999994, 0.35000002, 1.225
[258][0][2], 3.375, 4.1749997, 4.125
[259][0][0], 0.40000004, 0.74999994, 1.825
[259][0][1], 2.525, 2.65, 2.725
[259][0][2], 4.325, 3.875, 2.8
[260][0][0], 1.4250004, 0.9500004, 0.075000376
[260][0][1], 2.4250002, 1.9250004, 1.0750003
[260][0][2], 3.4250004, 2.1500003, 1.0000004
[261][0][0], 1.6250007, -0.024999231, -1.1749994
[261][0][1], 1.8750007, 0.25000077, -0.8249992
[261][0][2], 2.0500007, 0.52500075, -0.19999923
[262][0][0], 1.3500007, 0.5500008, -0.1749993
[262][0][1], 0.65000075, 0.025000788, -0.29999924
[262][0][2], -0.024999231, -0.84999925, -0.89999926
[263][0][0], -0.32499886, -1.1499989, -1.8249989
[263][0][1], -1.1999989, -1.1749989, -0.6749989
[263][0][2], -1.7499989, -1.4499989, 0.025001109
[264][0][0], -5.1999993, -7.174999, -7.174999
[264][0][1], -5.1499996, -4.949999, -2.2749994
[264][0][2], -3.5749993, -2.224999, 1.8500007
[265][0][0], -2.475, -4.775, -6.6
[265][0][1], -2.85, -2.325, -2.0
[265][0][2], -2.25, 0.72499996, 2.8
[266][0][0], -0.5249997, -1.2749995, -2.5999994
[266][0][1], -0.9749996, -0.1249996, -1.0499997
[266][0][2], -0.37499964, 2.1500006, 2.0250003
[267][0][0], -3.4250002, -7.05, -8.5
[267][0][1], -2.625, -4.675, -5.2
[267][0][2], -0.15, -0.025000002, 0.17500004
[268][0][0], -2.0249991, -3.9749994, -3.9999993
[268][0][1], -2.4999993, -2.4499993, -0.6499993
[268][0][2], -0.9249992, 1.3000008, 4.675001
[269][0][0], 0.9500004, -2.1749997, -2.9749994
[269][0][1], 4.3, 1.9250004, 1.0500004
[269][0][2], 7.0750003, 6.2000003, 5.2750006
[270][0][0], 1.1750004, -0.34999967, -0.97499967
[270][0][1], 3.3750005, 1.0500004, 0.20000038
[270][0][2], 4.2000003, 2.2750003, 1.6250004
[271][0][0], 0.9500004, -0.37499958, -1.6249998
[271][0][1], 1.1750003, 0.75000036, -0.049999595
[271][0][2], 1.2250004, 1.7500004, 1.5750004
[272][0][0], 0.07500072, -0.5999993, -0.79999924
[272][0][1], -0.024999253, -0.6249993, -0.8249993
[272][0][2], -0.27499923, 0.20000076, 0.9250008
[273][0][0], 2.45, 1.2, 0.17500007
[273][0][1], 2.175, 1.9, 2.175
[273][0][2], 0.1, 2.775, 5.9750004
[274][0][0], 3.9250016, 2.4500015, 1.1750015
[274][0][1], 3.9500015, 6.2000017, 6.4500017
[274][0][2], 2.3000014, 9.325002, 12.250002
[275][0][0], 3.3000011, 2.4500012, 1.0500011
[275][0][1], 5.7250013, 7.275001, 5.5250006
[275][0][2], 6.800001, 10.625001, 8.975001
[276][0][0], 3.6750004, 4.7250004, 4.3500004
[276][0][1], 4.2250004, 6.8500004, 5.925
[276][0][2], 5.25, 8.775001, 7.55
[277][0][0], -0.17500001, 3.125, 4.675
[277][0][1], -0.4, 3.825, 4.725
[277][0][2], 1.2249999, 5.025, 4.625
[278][0][0], 1.3250015, 1.5000014, 1.0000015
[278][0][1], -1.4249985, 0.025001585, 0.62500155
[278][0][2], -0.8499985, 0.82500154, 1.2250015
[279][0][0], 0.37500003, 0.35, 0.92499995
[279][0][1], -2.7250001, -1.55, 0.099999964
[279][0][2], -1.8, 0.0, 1.425
[280][0][0], 1.0000014, 1.2500015, 2.6250017
[280][0][1], -2.3499985, -1.3749986, 0.8500015
[280][0][2], -2.3249984, -0.8999984, 1.2500014
[281][0][0], 0.5750004, 0.67500037, 1.9250004
[281][0][1], -2.8749995, -2.5249996, -0.5999996
[281][0][2], -3.9749997, -3.2999997, -1.0499997
[282][0][0], -0.10000006, -0.32500002, 0.84999996
[282][0][1], -2.5249999, -2.9250002, -1.3000001
[282][0][2], -2.6749997, -3.0500002, -0.975
[283][0][0], -1.5749996, -2.6749997, -0.94999963
[283][0][1], -2.5749996, -3.475, -1.3749996
[283][0][2], -2.8499997, -2.9999998, -0.3499996
[284][0][0], -1.749999, -5.4749994, -6.3749995
[284][0][1], -1.3999991, -4.149999, -3.8999994
[284][0][2], -1.3249992, -2.7749994, -1.5499994
[285][0][0], -2.1, -4.2, -4.475
[285][0][1], -1.45, -3.475, -3.525
[285][0][2], -0.625, -2.4, -2.375
[286][0][0], -3.275, -5.075, -4.65
[286][0][1], -2.6000001, -4.325, -3.3500001
[286][0][2], -1.475, -3.1499999, -1.925
[287][0][0], -2.0, -1.9, -0.55
[287][0][1], -3.5249999, -3.475, -1.575
[287][0][2], -3.95, -4.1, -2.0000002
[288][0][0], -1.2999978, -1.4499977, -0.39999774
[288][0][1], -3.0499976, -2.3749976, -0.17499772
[288][0][2], -4.2749977, -3.1749976, -0.4999977
[289][0][0], -0.34999922, -1.0999992, -1.2249993
[289][0][1], -1.2999992, -1.2499993, -0.6249993
[289][0][2], -1.8499993, -0.92499924, 0.3000008
[290][0][0], -0.92499995, -1.275, -0.525
[290][0][1], -0.525, -0.875, -0.34999996
[290][0][2], -0.22500001, -0.225, 0.099999994
[291][0][0], -1.2749989, -2.2499988, -2.349999
[291][0][1], -0.24999888, -1.1249989, -1.2249988
[291][0][2], 0.45000115, 0.15000117, 0.17500117
[292][0][0], -0.14999886, -2.1499987, -2.9499989
[292][0][1], -0.72499883, -2.474999, -2.549999
[292][0][2], 0.40000114, -1.1499989, -1.099999
[293][0][0], -2.0999992, -3.1749992, -2.8249993
[293][0][1], -3.6499991, -4.1249995, -2.874999
[293][0][2], -2.2999992, -2.4999993, -1.3999993
[294][0][0], -0.17499912, 0.22500071, 1.0250008
[294][0][1], -2.7999995, -1.8999991, -0.24999924
[294][0][2], -2.3749993, -1.6999992, -0.32499924
[295][0][0], 1.0750011, 2.200001, 2.7250013
[295][0][1], -1.3999989, -0.44999886, 0.55000114
[295][0][2], -1.1749989, -0.97499883, -0.49999887
[296][0][0], 0.35000077, 0.8250007, 0.85000074
[296][0][1], -1.4499993, -0.34999922, 0.6250008
[296][0][2], -0.8749992, -0.47499925, -0.32499924
[297][0][0], 0.45, 1.4000001, 1.7499999
[297][0][1], -0.90000004, -0.84999996, -0.7
[297][0][2], -0.65, -1.6500001, -1.9749999
[298][0][0], -1.5, -1.75, -1.2249999
[298][0][1], -0.725, -1.225, -1.125
[298][0][2], 0.525, -0.475, -1.1
[299][0][0], -1.1999993, -2.3499994, -1.9749992
[299][0][1], -0.17499922, -1.3499992, -1.4249992
[299][0][2], 2.2250009, 1.5000007, 0.57500076
[300][0][0], 0.29999998, -0.525, -0.37500006
[300][0][1], 1.375, 0.725, 0.19999999
[300][0][2], 4.175, 4.2749996, 2.45
[301][0][0], 2.775, 1.375, -0.050000012
[301][0][1], 4.775, 4.2, 2.5249999
[301][0][2], 7.825, 7.55, 4.575
[302][0][0], 3.7000012, 1.3000011, -0.6999989
[302][0][1], 6.6500015, 5.050001, 1.9250011
[302][0][2], 9.675001, 8.375001, 4.175001
[303][0][0], 2.6499999, 3.35, 2.875
[303][0][1], 2.8000002, 4.175, 3.275
[303][0][2], 3.25, 4.7999997, 3.5
[304][0][0], 0.45, 1.275, 2.425
[304][0][1], -1.425, 0.6249999, 3.0
[304][0][2], -1.95, -0.050000012, 2.05
[305][0][0], -2.175, -1.55, -0.34999996
[305][0][1], -4.4, -3.45, -1.1
[305][0][2], -5.025, -4.575, -2.35
[306][0][0], -3.5249996, -3.6999996, -4.3499994
[306][0][1], -4.5249996, -5.049999, -4.9999995
[306][0][2], -3.4499996, -4.7249994, -4.5999994
[307][0][0], -1.2999992, -2.2749991, -2.499999
[307][0][1], -4.499999, -4.7249994, -3.8499994
[307][0][2], -4.124999, -4.2249994, -2.9249992
[308][0][0], 0.72500145, -0.17499852, 0.40000156
[308][0][1], -3.8999987, -3.9249988, -2.0499985
[308][0][2], -5.074999, -4.274998, -1.3999985
[309][0][0], -0.27499923, -0.72499925, -0.5999992
[309][0][1], -2.074999, -1.3499992, -0.54999924
[309][0][2], -3.5499992, -1.7999992, -0.24999924
[310][0][0], -2.0, -4.775, -6.4249997
[310][0][1], -1.825, -4.0, -5.3
[310][0][2], -1.375, -3.0, -4.0
[311][0][0], -1.95, -3.225, -3.975
[311][0][1], -3.5, -3.925, -3.675
[311][0][2], -3.1750002, -3.1, -2.1
[312][0][0], -1.6249998, -1.5249996, -1.6499996
[312][0][1], -2.6499996, -1.8999997, -1.6249996
[312][0][2], -1.7499995, -1.1999996, -1.0999995
[313][0][0], 0.22500193, 0.67500186, -0.8249981
[313][0][1], -1.8999981, -0.6999981, -0.8749981
[313][0][2], -2.1499982, -1.299998, -0.82499814
[314][0][0], 0.27499998, 0.625, -0.75
[314][0][1], -2.85, -1.3, -0.85
[314][0][2], -4.225, -3.05, -1.6999999
[315][0][0], -0.27499998, -0.050000012, -1.725
[315][0][1], -3.6750002, -2.275, -2.25
[315][0][2], -4.425, -2.725, -1.5500001
[316][0][0], -0.3, 0.050000012, -0.82500005
[316][0][1], -3.5500002, -2.275, -1.825
[316][0][2], -4.75, -3.325, -2.0
[317][0][0], -1.8499995, -2.9249997, -4.0249996
[317][0][1], -2.9249997, -2.7999997, -2.1999996
[317][0][2], -3.7749996, -3.1749997, -1.4499996
[318][0][0], -1.8249996, -4.1749997, -6.0999994
[318][0][1], -2.8999996, -4.35, -4.9749994
[318][0][2], -2.3749995, -2.7249997, -2.1999998
[319][0][0], -5.9749994, -8.799999, -9.474999
[319][0][1], -3.5249991, -4.6999993, -4.524999
[319][0][2], -0.3249992, -0.12499926, -0.024999246
[320][0][0], -3.6749992, -7.099999, -9.525
[320][0][1], -3.8249993, -4.799999, -4.949999
[320][0][2], -0.8499992, -0.27499926, 0.32500073
[321][0][0], -1.5499996, -4.0999994, -5.549999
[321][0][1], -1.3499997, -2.8749995, -3.5499997
[321][0][2], 0.12500037, -0.6499996, -1.1499996
[322][0][0], -0.87499917, -2.7999992, -3.6749992
[322][0][1], -0.049999237, -1.1749992, -1.6249993
[322][0][2], 2.0250008, 1.4750007, 0.95000076
[323][0][0], -1.1499977, -1.7249978, -1.9749978
[323][0][1], -1.3999978, -1.3499978, -1.3999977
[323][0][2], 0.7250022, -0.049997717, -1.0249977
[324][0][0], -1.0249993, -1.4749992, -1.2749991
[324][0][1], -2.2749991, -1.7499993, -0.8499993
[324][0][2], -1.4749992, -1.3749993, -1.1249992
[325][0][0], 0.85000074, 0.050000764, -0.7749992
[325][0][1], -0.9749993, -1.6249992, -1.8749993
[325][0][2], -1.6249993, -2.3499992, -2.3749993
[326][0][0], 0.20000151, -0.42499846, -1.6499984
[326][0][1], -2.1749985, -1.9499985, -1.6999985
[326][0][2], -3.1249986, -2.9499984, -2.2499986
[327][0][0], -0.2999985, -2.1249986, -4.2499986
[327][0][1], -3.1749985, -4.5999985, -5.2249985
[327][0][2], -3.8749983, -4.6999984, -4.3499985
[328][0][0], -2.2749987, -3.1999989, -2.7999988
[328][0][1], -3.2749987, -3.2499988, -1.849999
[328][0][2], -4.6749988, -3.8999987, -1.7499988
[329][0][0], -4.1749988, -6.724999, -9.174999
[329][0][1], -5.249999, -5.349999, -5.199999
[329][0][2], -4.8749986, -2.8499987, -1.2249988
[330][0][0], -1.575, -3.4, -4.825
[330][0][1], -3.2499998, -2.875, -2.8
[330][0][2], -3.325, -1.2, -0.124999985
[331][0][0], -1.7750001, -2.35, -2.85
[331][0][1], -1.05, -0.77500004, -1.275
[331][0][2], 0.45000002, 0.32500002, -0.825
[332][0][0], -1.3499993, -2.0499992, -2.7249994
[332][0][1], -1.8249991, -1.2499993, -0.92499924
[332][0][2], -1.8749993, -1.8249991, -1.7999994
[333][0][0], -0.69999844, -2.1499987, -3.9249988
[333][0][1], -1.6499985, -1.8249985, -1.8499985
[333][0][2], -2.5749984, -2.8999984, -2.0749984
[334][0][0], -0.52499884, -1.0499988, -1.4999988
[334][0][1], -2.4999988, -2.724999, -1.924999
[334][0][2], -2.4249988, -3.8249986, -3.099999
[335][0][0], 0.45000115, 1.1324883E-6, -0.9249989
[335][0][1], -2.6499987, -2.4999988, -2.4249988
[335][0][2], -3.1249988, -3.5249987, -3.1499991
[336][0][0], 0.22500154, 0.70000154, -0.049998432
[336][0][1], -2.0249984, -1.5499985, -1.8999984
[336][0][2], -3.2499986, -3.3999984, -3.3249984
[337][0][0], -2.3249996, -4.0249996, -5.3999996
[337][0][1], -2.8999996, -3.4749997, -3.2999995
[337][0][2], -3.7499995, -3.2249997, -1.5749996
[338][0][0], -0.5249989, -0.9999989, -1.6749989
[338][0][1], -2.424999, -2.1999989, -1.7749989
[338][0][2], -3.5749986, -3.0499988, -1.8749988
[339][0][0], -2.774998, -2.999998, -3.474998
[339][0][1], -3.974998, -2.7999983, -1.6499982
[339][0][2], -3.8999982, -2.774998, -1.3999981
[340][0][0], -1.6249986, -1.5749985, -2.1249983
[340][0][1], -4.9999986, -3.4499986, -2.4499984
[340][0][2], -5.3249984, -3.4749985, -2.2499983
[341][0][0], -0.7499993, -0.17499925, -0.74999917
[341][0][1], -5.3499994, -3.374999, -1.4499993
[341][0][2], -7.6249995, -5.249999, -1.7749993
[342][0][0], -3.0249991, -3.999999, -4.8499994
[342][0][1], -5.324999, -4.3499994, -2.5249991
[342][0][2], -6.849999, -4.5999994, -1.1499991
[343][0][0], -1.9749995, -2.1499996, -3.8999996
[343][0][1], -3.85, -2.3999996, -2.3749995
[343][0][2], -4.2749996, -2.1499996, -0.9999996
[344][0][0], -4.25, -4.3, -3.85
[344][0][1], -4.6000004, -3.45, -2.0749998
[344][0][2], -3.875, -2.0749998, -0.475
[345][0][0], -3.5749998, -4.5, -5.6499996
[345][0][1], -4.075, -3.125, -1.825
[345][0][2], -3.9, -2.025, 0.4
[346][0][0], -2.25, -3.275, -4.15
[346][0][1], -1.75, -1.875, -1.6000001
[346][0][2], -1.725, -1.125, -0.07500001
[347][0][0], -3.4, -4.225, -3.825
[347][0][1], -2.3, -1.9750001, -0.775
[347][0][2], -1.725, -0.6, 0.8999999
[348][0][0], -3.875, -4.6749997, -4.8
[348][0][1], -3.15, -2.1750002, -0.77500004
[348][0][2], -2.85, -1.075, 1.125
[349][0][0], -4.875, -5.4750004, -6.0
[349][0][1], -4.75, -3.3500001, -1.9000001
[349][0][2], -5.2, -3.1, -0.4
[350][0][0], -5.125, -5.375, -6.2
[350][0][1], -4.425, -2.7, -1.8
[350][0][2], -6.175, -3.9, -1.525
[351][0][0], -1.0249989, -1.1999989, -2.349999
[351][0][1], -0.99999887, 0.37500113, 0.8250011
[351][0][2], -3.024999, -0.7999989, 1.2000011
[352][0][0], -4.575, -3.3749995, -2.5999997
[352][0][1], -4.075, -1.2499996, 0.8750004
[352][0][2], -3.3749995, 0.2000004, 2.8500004
[353][0][0], -4.499998, -3.3499985, -3.3749986
[353][0][1], -5.0499988, -2.3749986, -0.62499845
[353][0][2], -4.749998, -1.1999984, 1.7000016
[354][0][0], -4.874999, -4.374999, -3.2999992
[354][0][1], -3.7749991, -1.7499992, 0.4500007
[354][0][2], -2.1749992, 0.12500077, 2.5750008
[355][0][0], -5.8999996, -5.574999, -3.6749992
[355][0][1], -5.574999, -3.699999, -0.17499924
[355][0][2], -3.6249993, -1.3499992, 2.175001
[356][0][0], -3.3249996, -2.7499995, -2.4249997
[356][0][1], -5.1749997, -2.8249998, -0.5999996
[356][0][2], -4.8499994, -2.5499997, 0.22500038
[357][0][0], -2.7749991, -2.5749993, -2.3999991
[357][0][1], -5.124999, -3.5499992, -1.4249992
[357][0][2], -5.5999994, -4.424999, -1.8499992
[358][0][0], -2.5499997, -2.4999995, -2.8499997
[358][0][1], -3.8249996, -2.9749994, -1.8499997
[358][0][2], -4.2, -3.6249995, -1.8999995
[359][0][0], -2.475, -2.75, -2.7999997
[359][0][1], -3.95, -3.375, -1.65
[359][0][2], -5.6000004, -4.8499994, -1.7500001
[360][0][0], -2.15, -2.5, -2.875
[360][0][1], -3.3250003, -2.4, -0.92499995
[360][0][2], -4.95, -3.675, -0.67499995
[361][0][0], -2.475, -2.2, -2.025
[361][0][1], -3.875, -2.3000002, -0.7
[361][0][2], -5.0, -3.35, -0.575
[362][0][0], -3.6499996, -3.3999999, -2.3499994
[362][0][1], -5.3499994, -4.25, -2.0249996
[362][0][2], -5.825, -5.1249995, -2.7499995
[363][0][0], -5.5, -5.8, -4.925
[363][0][1], -5.35, -4.475, -2.275
[363][0][2], -5.0, -4.4, -2.275
[364][0][0], -3.8499997, -5.675, -5.7999997
[364][0][1], -4.1000004, -4.9500003, -4.35
[364][0][2], -2.5, -3.425, -3.35

vwnd.time[365]
1972320.0, 1972344.0, 1972368.0, 1972392.0, 1972416.0, 1972440.0, 1972464.0, 1972488.0, 1972512.0, 1972536.0, 1972560.0, 1972584.0, 1972608.0, 1972632.0, 1972656.0, 1972680.0, 1972704.0, 1972728.0, 1972752.0, 1972776.0, 1972800.0, 1972824.0, 1972848.0, 1972872.0, 1972896.0, 1972920.0, 1972944.0, 1972968.0, 1972992.0, 1973016.0, 1973040.0, 1973064.0, 1973088.0, 1973112.0, 1973136.0, 1973160.0, 1973184.0, 1973208.0, 1973232.0, 1973256.0, 1973280.0, 1973304.0, 1973328.0, 1973352.0, 1973376.0, 1973400.0, 1973424.0, 1973448.0, 1973472.0, 1973496.0, 1973520.0, 1973544.0, 1973568.0, 1973592.0, 1973616.0, 1973640.0, 1973664.0, 1973688.0, 1973712.0, 1973736.0, 1973760.0, 1973784.0, 1973808.0, 1973832.0, 1973856.0, 1973880.0, 1973904.0, 1973928.0, 1973952.0, 1973976.0, 1974000.0, 1974024.0, 1974048.0, 1974072.0, 1974096.0, 1974120.0, 1974144.0, 1974168.0, 1974192.0, 1974216.0, 1974240.0, 1974264.0, 1974288.0, 1974312.0, 1974336.0, 1974360.0, 1974384.0, 1974408.0, 1974432.0, 1974456.0, 1974480.0, 1974504.0, 1974528.0, 1974552.0, 1974576.0, 1974600.0, 1974624.0, 1974648.0, 1974672.0, 1974696.0, 1974720.0, 1974744.0, 1974768.0, 1974792.0, 1974816.0, 1974840.0, 1974864.0, 1974888.0, 1974912.0, 1974936.0, 1974960.0, 1974984.0, 1975008.0, 1975032.0, 1975056.0, 1975080.0, 1975104.0, 1975128.0, 1975152.0, 1975176.0, 1975200.0, 1975224.0, 1975248.0, 1975272.0, 1975296.0, 1975320.0, 1975344.0, 1975368.0, 1975392.0, 1975416.0, 1975440.0, 1975464.0, 1975488.0, 1975512.0, 1975536.0, 1975560.0, 1975584.0, 1975608.0, 1975632.0, 1975656.0, 1975680.0, 1975704.0, 1975728.0, 1975752.0, 1975776.0, 1975800.0, 1975824.0, 1975848.0, 1975872.0, 1975896.0, 1975920.0, 1975944.0, 1975968.0, 1975992.0, 1976016.0, 1976040.0, 1976064.0, 1976088.0, 1976112.0, 1976136.0, 1976160.0, 1976184.0, 1976208.0, 1976232.0, 1976256.0, 1976280.0, 1976304.0, 1976328.0, 1976352.0, 1976376.0, 1976400.0, 1976424.0, 1976448.0, 1976472.0, 1976496.0, 1976520.0, 1976544.0, 1976568.0, 1976592.0, 1976616.0, 1976640.0, 1976664.0, 1976688.0, 1976712.0, 1976736.0, 1976760.0, 1976784.0, 1976808.0, 1976832.0, 1976856.0, 1976880.0, 1976904.0, 1976928.0, 1976952.0, 1976976.0, 1977000.0, 1977024.0, 1977048.0, 1977072.0, 1977096.0, 1977120.0, 1977144.0, 1977168.0, 1977192.0, 1977216.0, 1977240.0, 1977264.0, 1977288.0, 1977312.0, 1977336.0, 1977360.0, 1977384.0, 1977408.0, 1977432.0, 1977456.0, 1977480.0, 1977504.0, 1977528.0, 1977552.0, 1977576.0, 1977600.0, 1977624.0, 1977648.0, 1977672.0, 1977696.0, 1977720.0, 1977744.0, 1977768.0, 1977792.0, 1977816.0, 1977840.0, 1977864.0, 1977888.0, 1977912.0, 1977936.0, 1977960.0, 1977984.0, 1978008.0, 1978032.0, 1978056.0, 1978080.0, 1978104.0, 1978128.0, 1978152.0, 1978176.0, 1978200.0, 1978224.0, 1978248.0, 1978272.0, 1978296.0, 1978320.0, 1978344.0, 1978368.0, 1978392.0, 1978416.0, 1978440.0, 1978464.0, 1978488.0, 1978512.0, 1978536.0, 1978560.0, 1978584.0, 1978608.0, 1978632.0, 1978656.0, 1978680.0, 1978704.0, 1978728.0, 1978752.0, 1978776.0, 1978800.0, 1978824.0, 1978848.0, 1978872.0, 1978896.0, 1978920.0, 1978944.0, 1978968.0, 1978992.0, 1979016.0, 1979040.0, 1979064.0, 1979088.0, 1979112.0, 1979136.0, 1979160.0, 1979184.0, 1979208.0, 1979232.0, 1979256.0, 1979280.0, 1979304.0, 1979328.0, 1979352.0, 1979376.0, 1979400.0, 1979424.0, 1979448.0, 1979472.0, 1979496.0, 1979520.0, 1979544.0, 1979568.0, 1979592.0, 1979616.0, 1979640.0, 1979664.0, 1979688.0, 1979712.0, 1979736.0, 1979760.0, 1979784.0, 1979808.0, 1979832.0, 1979856.0, 1979880.0, 1979904.0, 1979928.0, 1979952.0, 1979976.0, 1980000.0, 1980024.0, 1980048.0, 1980072.0, 1980096.0, 1980120.0, 1980144.0, 1980168.0, 1980192.0, 1980216.0, 1980240.0, 1980264.0, 1980288.0, 1980312.0, 1980336.0, 1980360.0, 1980384.0, 1980408.0, 1980432.0, 1980456.0, 1980480.0, 1980504.0, 1980528.0, 1980552.0, 1980576.0, 1980600.0, 1980624.0, 1980648.0, 1980672.0, 1980696.0, 1980720.0, 1980744.0, 1980768.0, 1980792.0, 1980816.0, 1980840.0, 1980864.0, 1980888.0, 1980912.0, 1980936.0, 1980960.0, 1980984.0, 1981008.0, 1981032.0, 1981056.0

vwnd.level[1]
850.0

vwnd.lat[3]
27.5, 25.0, 22.5

vwnd.lon[3]
85.0, 87.5, 90.0


